          192 -1.9921372233754647E-004
          384 -1.7928986478828410E-004
          576 -1.5739524421129160E-004
          768 -1.3017163126642945E-004
          960 -1.0419969864627883E-004
         1152 -8.8964409659850541E-005
         1344 -8.3428659118497088E-005
         1536 -8.2183804823763971E-005
         1728 -8.2278703456461322E-005
         1920 -8.3082023388961966E-005
         2112 -8.5234709042349144E-005
         2304 -8.7426887503715904E-005
         2496 -8.9179944632794574E-005
         2688 -8.8997285751809152E-005
         2880 -8.5040147924497289E-005
         3072 -7.9227158697263574E-005
         3264 -7.1573087823729206E-005
         3456 -6.2322351247632519E-005
         3648 -5.3530804639156056E-005
         3840 -4.6808288055939036E-005
         4032 -4.1089290668014898E-005
         4224 -3.4971294404763813E-005
         4416 -2.9357082113420640E-005
         4608 -2.5371711513145390E-005
         4800 -2.3506693704578794E-005
         4992 -2.3892222907192319E-005
         5184 -2.5246874319072300E-005
         5376 -2.6888184345122301E-005
         5568 -2.8799886783377676E-005
         5760 -3.1125254498036961E-005
         5952 -3.2892711345009504E-005
         6144 -3.3755450369276301E-005
         6336 -3.3081091013719290E-005
         6528 -3.1179360803723894E-005
         6720 -2.9063017020104106E-005
         6912 -2.7079245943048414E-005
         7104 -2.4645417629899219E-005
         7296 -2.1731151347674176E-005
         7488 -1.7839345397295854E-005
         7680 -1.2074696005747356E-005
         7872 -4.0766774204416372E-006
         8064  5.9893410934221336E-006
         8256  1.4162580765870476E-005
         8448  1.7623563226347008E-005
         8640  1.7872817337847022E-005
         8832  1.6338422668654784E-005
         9024  1.4152412511867607E-005
         9216  1.0304580439518329E-005
         9408  5.1823063963083668E-006
         9600  3.9900569042190309E-007
         9792 -3.9439565278632344E-006
         9984 -8.3794717697032885E-006
        10176 -1.2254749152267039E-005
        10368 -1.5094002607894759E-005
        10560 -1.7084421808406144E-005
        10752 -1.9221047342474509E-005
        10944 -2.0586709230704855E-005
        11136 -2.1003142171718122E-005
        11328 -1.9386820012222753E-005
        11520 -1.4419085128915382E-005
        11712 -9.0025930689907963E-006
        11904 -5.1169429140155648E-006
        12096 -3.1743344556109788E-006
        12288 -2.7520816324064760E-006
        12480 -3.5134437153961488E-006
        12672 -4.7187711653739116E-006
        12864 -5.3120957140567993E-006
        13056 -5.4514501614998301E-006
        13248 -5.2408075008519851E-006
        13440 -4.6247167780537964E-006
        13632 -3.9831357346145786E-006
        13824 -2.7973360558564658E-006
        14016 -1.2063644270326697E-006
        14208  6.1879280665679333E-008
        14400  3.4674009551567251E-007
        14592  3.4575889231182041E-007
        14784  3.6034789593103978E-007
        14976  1.1927476242801017E-006
        15168  3.0509568167375604E-006
        15360  5.4847917418895413E-006
        15552  8.1682065869115438E-006
        15744  1.1143707711485953E-005
        15936  1.3783494681430050E-005
        16128  1.5895070784961374E-005
        16320  1.7529623155121919E-005
        16512  1.8208559599840563E-005
        16704  1.8633399079272669E-005
        16896  1.8844094733703518E-005
        17088  1.9076498402969135E-005
        17280  1.9639913725495463E-005
        17472  1.9771506977488613E-005
        17664  1.9603677838679082E-005
        17856  1.7844233577998205E-005
        18048  1.4850763780732801E-005
        18240  1.2269219599216939E-005
        18432  1.0257890784271345E-005
        18624  8.3290673679349265E-006
        18816  7.0941530787017050E-006
        19008  6.8578688630867483E-006
        19200  7.0777818817082882E-006
        19392  6.1211853247077787E-006
        19584  4.1822378291285274E-006
        19776  1.2238263082875554E-006
        19968 -1.5051642511707310E-006
        20160 -2.3954854699199539E-006
        20352 -3.2592807776611083E-006
        20544 -3.9113183286498332E-006
        20736 -3.3943007162397907E-006
        20928 -1.6509074603768561E-006
        21120  5.3873072283795623E-007
        21312  2.7370125962588496E-006
        21504  4.9654498162375684E-006
        21696  6.5299099523320696E-006
        21888  7.3269233563216164E-006
        22080  7.6567793247286661E-006
        22272  7.4414205078347717E-006
        22464  7.5892122506733788E-006
        22656  8.5781816086916639E-006
        22848  1.0383196914353171E-005
        23040  1.2529233697958095E-005
        23232  1.5001114249760197E-005
        23424  1.6881354255781688E-005
        23616  1.8056440915110921E-005
        23808  1.8548541754335297E-005
        24000  1.8248048915893775E-005
        24192  1.7525076022104911E-005
        24384  1.7222197419203620E-005
        24576  1.7281629999291893E-005
        24768  1.7771023244264708E-005
        24960  1.8900493870695166E-005
        25152  2.0295370684856879E-005
        25344  2.2325635004200095E-005
        25536  2.4226921673954200E-005
        25728  2.5636487136594053E-005
        25920  2.6910006261739924E-005
        26112  2.7682874663526459E-005
        26304  2.8401998047094491E-005
        26496  2.7967994251241974E-005
        26688  2.6804714759620153E-005
        26880  2.6429933690269767E-005
        27072  2.6536913253352547E-005
        27264  2.5811389834364622E-005
        27456  2.4064731133728510E-005
        27648  2.1393594528931243E-005
        27840  1.7782919275493296E-005
        28032  1.2665762481364403E-005
        28224  7.2456116525490544E-006
        28416  1.9325025524081675E-006
        28608 -2.0660146090915564E-006
        28800 -3.2871105682741562E-006
        28992 -3.5676438719031967E-006
        29184 -2.5215656794071165E-006
        29376  1.1195206847924026E-006
        29568  7.0642378766439210E-006
        29760  1.2824858949688072E-005
        29952  1.6361735150959298E-005
        30144  1.8110710916764443E-005
        30336  1.8641452243491164E-005
        30528  1.8504871821805565E-005
        30720  1.8105123836873963E-005
        30912  1.7275965426288148E-005
        31104  1.6725070436273662E-005
        31296  1.6675686200833022E-005
        31488  1.6900033459937790E-005
        31680  1.7121965257621687E-005
        31872  1.8044260885242803E-005
        32064  1.9440785465278597E-005
        32256  2.1140517012411084E-005
        32448  2.2595635233052777E-005
        32640  2.3182263798496335E-005
        32832  2.2996046760970006E-005
        33024  2.2808892863993250E-005
        33216  2.2593723990456936E-005
        33408  2.2452304524977288E-005
        33600  2.2626909549514217E-005
        33792  2.2991892966316678E-005
        33984  2.4717887203328508E-005
        34176  2.7761383023269505E-005
        34368  3.1381297700943422E-005
        34560  3.4836309823626366E-005
        34752  3.7106344107503708E-005
        34944  3.8487525569693898E-005
        35136  3.7835881429454747E-005
        35328  3.5539731352674601E-005
        35520  3.3166550870719944E-005
        35712  3.0764859662766414E-005
        35904  2.7722820246374799E-005
        36096  2.4562703601646106E-005
        36288  2.1689046827389543E-005
        36480  1.8934072584713446E-005
        36672  1.5336217038189480E-005
        36864  1.1668072557132741E-005
        37056  7.9985083024542506E-006
        37248  5.2967915936868109E-006
        37440  4.8478019434501721E-006
        37632  4.6541924036524093E-006
        37824  4.8313468548231353E-006
        38016  6.3864911317701866E-006
        38208  9.6033244682763990E-006
        38400  1.4009310487906094E-005
        38592  1.8694390589891774E-005
        38784  2.2518680678378832E-005
        38976  2.4465332649602674E-005
        39168  2.4842804968671025E-005
        39360  2.4287050323538986E-005
        39552  2.2846469838043848E-005
        39744  2.1370268127438543E-005
        39936  2.0196486591268236E-005
        40128  1.9233198592507372E-005
        40320  1.8339411148671398E-005
        40512  1.8416126494874794E-005
        40704  1.9739472849182300E-005
        40896  2.2753106635319566E-005
        41088  2.6691057535963457E-005
        41280  2.9913354707433689E-005
        41472  3.1634821780305191E-005
        41664  3.2320429709164419E-005
        41856  3.2052327897201948E-005
        42048  3.1135756544488114E-005
        42240  2.9879549254571146E-005
        42432  2.8034230331551696E-005
        42624  2.6674275520248647E-005
        42816  2.6495422017351447E-005
        43008  2.8621250583963365E-005
        43200  3.3582628090688839E-005
        43392  3.9114685677738640E-005
        43584  4.3397597159377175E-005
        43776  4.4323045351633319E-005
        43968  4.2409107913807576E-005
        44160  3.9628689182516137E-005
        44352  3.6402686658503374E-005
        44544  3.2397482867815761E-005
        44736  2.8274430238031607E-005
        44928  2.4483180020375051E-005
        45120  2.0928254790989272E-005
        45312  1.6842571663286694E-005
        45504  1.3307787178576927E-005
        45696  1.0624698108030458E-005
        45888  9.6896396317077628E-006
        46080  1.1356557841240951E-005
        46272  1.3066648532412114E-005
        46464  1.4417268319185290E-005
        46656  1.5915937470951741E-005
        46848  1.7347372165889000E-005
        47040  1.8082093117700187E-005
        47232  1.8364027822715325E-005
        47424  1.9143370182196480E-005
        47616  2.0350031577286677E-005
        47808  2.1808101365352200E-005
        48000  2.3217050200758831E-005
        48192  2.3871694653738200E-005
        48384  2.4242514306615561E-005
        48576  2.4540417296012695E-005
        48768  2.4624866658802476E-005
        48960  2.4280641921089791E-005
        49152  2.4276728681920744E-005
        49344  2.4695883076721827E-005
        49536  2.5982937878565947E-005
        49728  2.8140149847377811E-005
        49920  3.0680597358689197E-005
        50112  3.3139930768384732E-005
        50304  3.5339341703171544E-005
        50496  3.6604427276646543E-005
        50688  3.6805337984413363E-005
        50880  3.6131438947220040E-005
        51072  3.4350963128135027E-005
        51264  3.2479121291427868E-005
        51456  3.0985727814584908E-005
        51648  3.0647792191327734E-005
        51840  3.2431116102650994E-005
        52032  3.6099660700235964E-005
        52224  4.1284000262045878E-005
        52416  4.4828548414876532E-005
        52608  4.5444946001411443E-005
        52800  4.4352560767313788E-005
        52992  4.1937492445598027E-005
        53184  3.8068945713797355E-005
        53376  3.3621024907673751E-005
        53568  2.9203388087975352E-005
        53760  2.4837892526891318E-005
        53952  1.9824187569847792E-005
        54144  1.5255849453558353E-005
        54336  1.1524221015418674E-005
        54528  9.8438943879664205E-006
        54720  1.1577130664320819E-005
        54912  1.4461994719947470E-005
        55104  1.7804356172716559E-005
        55296  2.1391381212118535E-005
        55488  2.4275588072430952E-005
        55680  2.5435105504942449E-005
        55872  2.5123109505664254E-005
        56064  2.4537248738135580E-005
        56256  2.3893153833356047E-005
        56448  2.3380151801628044E-005
        56640  2.3262939416652299E-005
        56832  2.3324106619635632E-005
        57024  2.4130607855097116E-005
        57216  2.5579921413983355E-005
        57408  2.7062050800258774E-005
        57600  2.7989017495102778E-005
        57792  2.8849318497723930E-005
        57984  2.9542714048106988E-005
        58176  3.0402466529963059E-005
        58368  3.1388667004004063E-005
        58560  3.2184436870422117E-005
        58752  3.3014775553895206E-005
        58944  3.4602835212293781E-005
        59136  3.6608846024747192E-005
        59328  3.8498182424608503E-005
        59520  3.9769948417958797E-005
        59712  3.9629727229421657E-005
        59904  3.8796498752683013E-005
        60096  3.7639540660321062E-005
        60288  3.6828221435265761E-005
        60480  3.7091512969599287E-005
        60672  3.7999711773195172E-005
        60864  3.9931257007511357E-005
        61056  4.1696712166993890E-005
        61248  4.3054923672763179E-005
        61440  4.4239218629752107E-005
        61632  4.4135857536737153E-005
        61824  4.1854344927949853E-005
        62016  3.8182718083478009E-005
        62208  3.3901502363377500E-005
        62400  2.9212212559294446E-005
        62592  2.3544832256212792E-005
        62784  1.8047802393291088E-005
        62976  1.3153541668726611E-005
        63168  1.0144290128605317E-005
        63360  1.0615835944917142E-005
        63552  1.2941680015769472E-005
        63744  1.7241669773279268E-005
        63936  2.3274627488380867E-005
        64128  2.8744692974389187E-005
        64320  3.1396295856810583E-005
        64512  3.1382352270471472E-005
        64704  3.0415183264800585E-005
        64896  2.9081706155501977E-005
        65088  2.7659500345110044E-005
        65280  2.6379362175319936E-005
        65472  2.5071133477600278E-005
        65664  2.4648730283178597E-005
        65856  2.5660143061945304E-005
        66048  2.7929829072635759E-005
        66240  3.0465693142221067E-005
        66432  3.2865775979762656E-005
        66624  3.4367987482167872E-005
        66816  3.5112784759102731E-005
        67008  3.5238866160516849E-005
        67200  3.4696578028824615E-005
        67392  3.3883622075709731E-005
        67584  3.3649920656101075E-005
        67776  3.3995551972456873E-005
        67968  3.5148809366563506E-005
        68160  3.7543853607470301E-005
        68352  4.0620548660103963E-005
        68544  4.3853287072960050E-005
        68736  4.5781639061107934E-005
        68928  4.6260889233908812E-005
        69120  4.6214269700935584E-005
        69312  4.5576570104185579E-005
        69504  4.4853212247337069E-005
        69696  4.2930055705247304E-005
        69888  4.0261422413766922E-005
        70080  3.8589003211690733E-005
        70272  3.8096419281357323E-005
        70464  3.8015119123459307E-005
        70656  3.8042595134388635E-005
        70848  3.7380040545080664E-005
        71040  3.5237822344637083E-005
        71232  3.0931961196678131E-005
        71424  2.5798946655670316E-005
        71616  2.0401350830122660E-005
        71808  1.6009555045327410E-005
        72000  1.4078097221255738E-005
        72192  1.2795115676882180E-005
        72384  1.2504825586307041E-005
        72576  1.4660660923761639E-005
        72768  1.9967715933590841E-005
        72960  2.6953467394668349E-005
        73152  3.2622215508116974E-005
        73344  3.5600471659233295E-005
        73536  3.6242675175079924E-005
        73728  3.5630721924378536E-005
        73920  3.4494785596644776E-005
        74112  3.2805012804588948E-005
        74304  3.1330353861697295E-005
        74496  3.0391418656154707E-005
        74688  2.9880764544725050E-005
        74880  2.9594316805050741E-005
        75072  3.0283626692327506E-005
        75264  3.1925746477764168E-005
        75456  3.4495745089750417E-005
        75648  3.7171774671075511E-005
        75840  3.8944320897381792E-005
        76032  3.9650025222095776E-005
        76224  3.9925032856590409E-005
        76416  3.9740544574014249E-005
        76608  3.9223871403255347E-005
        76800  3.8593760031324004E-005
        76992  3.7642243984398694E-005
        77184  3.7534437230475624E-005
        77376  3.8855054839353605E-005
        77568  4.1693740727718497E-005
        77760  4.5344029064226420E-005
        77952  4.8208540752374149E-005
        78144  5.0171999204110983E-005
        78336  4.9989078949127074E-005
        78528  4.8094691690835627E-005
        78720  4.6161474186343763E-005
        78912  4.4248134761489572E-005
        79104  4.1683897021820938E-005
        79296  3.8848472269161459E-005
        79488  3.6020789196455423E-005
        79680  3.3062354165740608E-005
        79872  2.9224157976868142E-005
        80064  2.5449718215233925E-005
        80256  2.1836873452265480E-005
        80448  1.9248039963563186E-005
        80640  1.8825331707332121E-005
        80832  1.8501870234071312E-005
        81024  1.8284482318772869E-005
        81216  1.9034983550342839E-005
        81408  2.0882620276943616E-005
        81600  2.3420976577923037E-005
        81792  2.6777057628956377E-005
        81984  3.0900986923718543E-005
        82176  3.4237504611710047E-005
        82368  3.6104858680069288E-005
        82560  3.6728805729994441E-005
        82752  3.6125621197337063E-005
        82944  3.5195172086708684E-005
        83136  3.4304659045989279E-005
        83328  3.3343972083225278E-005
        83520  3.2106036598758069E-005
        83712  3.1365054564830432E-005
        83904  3.1300297563226041E-005
        84096  3.2583918173232320E-005
        84288  3.5304240674075192E-005
        84480  3.8511953437599695E-005
        84672  4.1225932331981013E-005
        84864  4.3224518344795246E-005
        85056  4.4055829385363974E-005
        85248  4.3809434951910196E-005
        85440  4.2831164249386475E-005
        85632  4.0949698211154641E-005
        85824  3.9216613580958569E-005
        86016  3.8204043858578020E-005
        86208  3.8895645189534746E-005
        86400  4.2380070704852479E-005
        86592  4.7567929597510162E-005
        86784  5.2786277258060653E-005
        86976  5.4942362573215934E-005
        87168  5.3861438942225081E-005
        87360  5.1476491839717520E-005
        87552  4.8289878896559736E-005
        87744  4.4089221326003007E-005
        87936  3.9621922960289561E-005
        88128  3.5405720547809160E-005
        88320  3.1407863491418152E-005
        88512  2.6911664285104304E-005
        88704  2.3021236422063173E-005
        88896  2.0127553328901028E-005
        89088  1.9252811863776925E-005
        89280  2.1297649044812442E-005
        89472  2.3602291333317820E-005
        89664  2.5550722067298380E-005
        89856  2.7460193940738280E-005
        90048  2.9015192060247561E-005
        90240  2.9573037398467261E-005
        90432  2.9433570364425074E-005
        90624  2.9620422857570287E-005
        90816  3.0162448101075472E-005
        91008  3.1079622605370829E-005
        91200  3.2283449032509928E-005
        91392  3.3059368281688440E-005
        91584  3.3699167608566360E-005
        91776  3.4259544383921437E-005
        91968  3.4520074595496611E-005
        92160  3.4239199176630418E-005
        92352  3.4172531790060037E-005
        92544  3.4420099338139012E-005
        92736  3.5434983353147398E-005
        92928  3.7224930776262489E-005
        93120  3.9395592424666186E-005
        93312  4.1722845945682283E-005
        93504  4.4111720362684385E-005
        93696  4.5752494025757496E-005
        93888  4.6354103977172586E-005
        94080  4.6002537359554136E-005
        94272  4.4434904467851087E-005
        94464  4.2656870385776615E-005
        94656  4.1130519516911716E-005
        94848  4.0596458993628189E-005
        95040  4.1974483496237162E-005
        95232  4.5093786527259673E-005
        95424  5.0020878453934634E-005
        95616  5.3678158973923323E-005
        95808  5.4434831602591681E-005
        96000  5.3433354654792792E-005
        96192  5.1026615897331313E-005
        96384  4.7115745105490347E-005
        96576  4.2596964058285395E-005
        96768  3.8092658483292470E-005
        96960  3.3639677035089315E-005
        97152  2.8561277468855116E-005
        97344  2.3955232651445326E-005
        97536  2.0223774134295766E-005
        97728  1.8573534371961960E-005
        97920  2.0355936662309256E-005
        98112  2.3338234236343628E-005
        98304  2.6797939406633867E-005
        98496  3.0438727582033314E-005
        98688  3.3289451702094524E-005
        98880  3.4370348829663706E-005
        99072  3.3967805439724026E-005
        99264  3.3282934839268304E-005
        99456  3.2529452462424467E-005
        99648  3.1888751993308894E-005
        99840  3.1625931775226078E-005
       100032  3.1552501271336734E-005
       100224  3.2270184919009373E-005
       100416  3.3695272466644409E-005
       100608  3.5194118344533794E-005
       100800  3.6151413796927530E-005
       100992  3.7038875341476109E-005
       101184  3.7754886981835776E-005
       101376  3.8623822214978827E-005
       101568  3.9591379994465074E-005
       101760  4.0328224841049937E-005
       101952  4.1052315172452311E-005
       102144  4.2509547967749527E-005
       102336  4.4434651793086567E-005
       102528  4.6346036649319972E-005
       102720  4.7725915686074154E-005
       102912  4.7728558833069163E-005
       103104  4.7011885341896218E-005
       103296  4.5913147122010530E-005
       103488  4.5092798923511001E-005
       103680  4.5292775775631681E-005
       103872  4.6106236393486995E-005
       104064  4.7955493442167210E-005
       104256  4.9562368182518542E-005
       104448  5.0690119218511552E-005
       104640  5.1789778917966925E-005
       104832  5.1723072083710941E-005
       105024  4.9529699498138577E-005
       105216  4.5947176035204818E-005
       105408  4.1736473529454961E-005
       105600  3.7097363087452202E-005
       105792  3.1468700272282724E-005
       105984  2.5987704273513362E-005
       106176  2.1081305994180745E-005
       106368  1.8014333409280623E-005
       106560  1.8359552135580784E-005
       106752  2.0503060163815915E-005
       106944  2.4583981969778882E-005
       107136  3.0431716002018577E-005
       107328  3.5837164856631956E-005
       107520  3.8545256474348267E-005
       107712  3.8630400895979073E-005
       107904  3.7740098882964724E-005
       108096  3.6454605241003562E-005
       108288  3.5060066856117864E-005
       108480  3.3792146705421368E-005
       108672  3.2485759363591245E-005
       108864  3.2043873487162156E-005
       109056  3.2995416406615113E-005
       109248  3.5141347393335359E-005
       109440  3.7501355235557745E-005
       109632  3.9726448825070038E-005
       109824  4.1112767492187475E-005
       110016  4.1819573692928931E-005
       110208  4.1970656494233195E-005
       110400  4.1492876434601856E-005
       110592  4.0763099583445035E-005
       110784  4.0617124239703324E-005
       110976  4.1059890278133503E-005
       111168  4.2329774645919649E-005
       111360  4.4819980410965200E-005
       111552  4.7826488340310700E-005
       111744  5.0763396193043605E-005
       111936  5.2350673747857803E-005
       112128  5.2632995246788520E-005
       112320  5.2565261456898716E-005
       112512  5.2043565765404391E-005
       112704  5.1558570309758108E-005
       112896  4.9865586293016751E-005
       113088  4.7359281548568895E-005
       113280  4.5879187312858630E-005
       113472  4.5603309232306242E-005
       113664  4.5645328976801713E-005
       113856  4.5537228541832446E-005
       114048  4.4509537346377345E-005
       114240  4.1977367774503155E-005
       114432  3.7383424180958944E-005
       114624  3.2070333666395752E-005
       114816  2.6579583106608104E-005
       115008  2.2154803652357717E-005
       115200  2.0237178577159272E-005
       115392  1.9051517380315583E-005
       115584  1.8992581190129240E-005
       115776  2.1581965205835815E-005
       115968  2.7393637046990785E-005
       116160  3.4480499412137813E-005
       116352  3.9705008652811642E-005
       116544  4.2155659457843888E-005
       116736  4.2462705711395850E-005
       116928  4.1676218415215946E-005
       117120  4.0455645603178432E-005
       117312  3.8731088766519220E-005
       117504  3.7251266924349871E-005
       117696  3.6338164852663899E-005
       117888  3.5900383282351643E-005
       118080  3.5762801799656204E-005
       118272  3.6682506744732682E-005
       118464  3.8531686156359447E-005
       118656  4.1086682695069529E-005
       118848  4.3496410021727276E-005
       119040  4.4889115593570133E-005
       119232  4.5237989200228376E-005
       119424  4.5268421664457902E-005
       119616  4.4984582764817362E-005
       119808  4.4509692947783406E-005
       120000  4.4060294411576778E-005
       120192  4.3457287850798963E-005
       120384  4.3893974533784563E-005
       120576  4.5801632060545874E-005
       120768  4.8893548472020812E-005
       120960  5.2415710250445695E-005
       121152  5.4998829397125650E-005
       121344  5.6729713713450175E-005
       121536  5.6275906990862371E-005
       121728  5.4043845033074010E-005
       121920  5.1852377026460722E-005
       122112  4.9780600789816321E-005
       122304  4.7165301043387552E-005
       122496  4.4387266061015051E-005
       122688  4.1719031069936830E-005
       122880  3.8981547590402586E-005
       123072  3.5329136357630502E-005
       123264  3.1601827093054911E-005
       123456  2.7881357244770471E-005
       123648  2.5077215855697564E-005
       123840  2.4398650554202135E-005
       124032  2.3862043477760058E-005
       124224  2.3529644934183377E-005
       124416  2.4318844725770452E-005
       124608  2.6436909904758973E-005
       124800  2.9545317529635715E-005
       124992  3.3548229929880587E-005
       125184  3.7795584502981843E-005
       125376  4.0697557893921808E-005
       125568  4.1983972908039025E-005
       125760  4.2124993834360164E-005
       125952  4.1194484161716706E-005
       126144  4.0073295799684369E-005
       126336  3.9110110856914655E-005
       126528  3.8191463426008100E-005
       126720  3.7111160154614096E-005
       126912  3.6639533279271998E-005
       127104  3.6961074743589445E-005
       127296  3.8692854787651375E-005
       127488  4.1670097519396386E-005
       127680  4.4694174011333394E-005
       127872  4.6898758328641673E-005
       128064  4.8344990934939664E-005
       128256  4.8768355906361028E-005
       128448  4.8319795715807355E-005
       128640  4.7312850731159235E-005
       128832  4.5538348971645109E-005
       129024  4.4049152479821315E-005
       129216  4.3471808817991231E-005
       129408  4.4856142709007703E-005
       129600  4.9027167674394819E-005
       129792  5.4224480125849263E-005
       129984  5.8790056056280153E-005
       130176  6.0060729063956976E-005
       130368  5.8295379712086647E-005
       130560  5.5659495957220669E-005
       130752  5.2544063807249906E-005
       130944  4.8602459155267044E-005
       131136  4.4483797335450459E-005
       131328  4.0639966866811218E-005
       131520  3.6995449733895836E-005
       131712  3.2824795969064107E-005
       131904  2.9209942063254724E-005
       132096  2.6453073598069773E-005
       132288  2.5408987687385734E-005
       132480  2.6888095409470672E-005
       132672  2.8387764631067495E-005
       132864  2.9530715584733057E-005
       133056  3.0841511840842833E-005
       133248  3.2153687270712328E-005
       133440  3.2884318538022537E-005
       133632  3.3277671496290585E-005
       133824  3.4248149506884366E-005
       134016  3.5679766834103894E-005
       134208  3.7287180881163791E-005
       134400  3.8692800505657395E-005
       134592  3.9221237609692240E-005
       134784  3.9385713321231940E-005
       134976  3.9434652765279705E-005
       135168  3.9249247054843729E-005
       135360  3.8634657479501062E-005
       135552  3.8374243577721045E-005
       135744  3.8594860031037058E-005
       135936  3.9793686704130805E-005
       136128  4.2011330343782366E-005
       136320  4.4686251302552666E-005
       136512  4.7174980564294251E-005
       136704  4.9246023728304690E-005
       136896  5.0328179283954764E-005
       137088  5.0380578777914994E-005
       137280  4.9636079386360872E-005
       137472  4.7871326286164472E-005
       137664  4.6089321278113595E-005
       137856  4.4776124384896398E-005
       138048  4.4776452030577838E-005
       138240  4.7236758491017363E-005
       138432  5.1952482286943590E-005
       138624  5.7975811230024107E-005
       138816  6.1083820599735188E-005
       139008  6.0376336008892828E-005
       139200  5.8102319656183366E-005
       139392  5.4882484332003445E-005
       139584  5.0572137699067023E-005
       139776  4.5951853566952045E-005
       139968  4.1562431308692889E-005
       140160  3.7393865277785619E-005
       140352  3.2740363373395204E-005
       140544  2.8673939299749741E-005
       140736  2.5565122069630947E-005
       140928  2.4511741439057458E-005
       141120  2.6609938233472182E-005
       141312  2.9341302290260737E-005
       141504  3.1947063964246556E-005
       141696  3.4477464789229330E-005
       141888  3.6421594198447487E-005
       142080  3.7040712470899069E-005
       142272  3.6601705094516476E-005
       142464  3.6180719484544787E-005
       142656  3.5880283542988461E-005
       142848  3.5828025748214680E-005
       143040  3.6194098082697881E-005
       143232  3.6570833469169336E-005
       143424  3.7320328370974030E-005
       143616  3.8347963971445612E-005
       143808  3.9252824735454256E-005
       144000  3.9686227134384352E-005
       144192  4.0301327480667996E-005
       144384  4.1080889029658267E-005
       144576  4.2327001129385698E-005
       144768  4.3893878997908722E-005
       144960  4.5339257110482326E-005
       145152  4.6703732097733845E-005
       145344  4.8411442193558308E-005
       145536  4.9939696071762896E-005
       145728  5.0905538805222791E-005
       145920  5.1165364338578549E-005
       146112  5.0240455112317787E-005
       146304  4.9006478743611646E-005
       146496  4.7861556038290784E-005
       146688  4.7487796121712575E-005
       146880  4.8712080650611945E-005
       147072  5.1225674104771872E-005
       147264  5.5249658759550713E-005
       147456  5.7971547885571382E-005
       147648  5.8139401482844955E-005
       147840  5.7189366562842035E-005
       148032  5.5199580778684467E-005
       148224  5.1800099938673160E-005
       148416  4.7743583618257685E-005
       148608  4.3598887675197912E-005
       148800  3.9385421703644677E-005
       148992  3.4431079408083824E-005
       149184  2.9814093213791591E-005
       149376  2.5930446265826262E-005
       149568  2.4013836282030738E-005
       149760  2.5514112672643564E-005
       149952  2.8330799775775058E-005
       150144  3.1732688680210089E-005
       150336  3.5293884560956996E-005
       150528  3.7974656140747786E-005
       150720  3.8837828485419077E-005
       150912  3.8268736334167203E-005
       151104  3.7515290692449959E-005
       151296  3.6775704254369888E-005
       151488  3.6208931692109147E-005
       151680  3.6089141355393827E-005
       151872  3.6300628042475435E-005
       152064  3.7526424819822061E-005
       152256  3.9600025797790235E-005
       152448  4.1639384148269671E-005
       152640  4.2793332381805613E-005
       152832  4.3422477145252276E-005
       153024  4.3473008409896798E-005
       153216  4.3441139207623971E-005
       153408  4.3479841981743592E-005
       153600  4.3404197213420636E-005
       153792  4.3505904837706197E-005
       153984  4.4648583026260520E-005
       154176  4.6839434797154027E-005
       154368  4.9748301028438286E-005
       154560  5.2512087626765112E-005
       154752  5.3693319696042482E-005
       154944  5.3627284962996810E-005
       155136  5.2656681283658149E-005
       155328  5.1602412415187272E-005
       155520  5.1381707630910548E-005
       155712  5.1679524773212824E-005
       155904  5.2980622195361752E-005
       156096  5.3843791002943632E-005
       156288  5.4423850662851104E-005
       156480  5.5986481069996219E-005
       156672  5.6968691502190430E-005
       156864  5.5578416344847774E-005
       157056  5.2313849568961844E-005
       157248  4.8055988956916718E-005
       157440  4.3156733679644671E-005
       157632  3.7135451738993044E-005
       157824  3.1133414417700075E-005
       158016  2.5561087979247593E-005
       158208  2.1671984811193467E-005
       158400  2.1075041833216792E-005
       158592  2.2322533100337756E-005
       158784  2.6017260449086867E-005
       158976  3.2565479106901908E-005
       159168  3.9686949382356312E-005
       159360  4.4013695272125551E-005
       159552  4.4944349807922770E-005
       159744  4.4310632216177401E-005
       159936  4.3017358685705227E-005
       160128  4.1498748228120373E-005
       160320  4.0008114638473058E-005
       160512  3.8330075604832264E-005
       160704  3.7278676784133196E-005
       160896  3.7375478413023959E-005
       161088  3.8683481534610514E-005
       161280  4.0684757699768785E-005
       161472  4.3097500709623561E-005
       161664  4.4919560937139580E-005
       161856  4.6042598597794085E-005
       162048  4.6454656000122421E-005
       162240  4.6058730752425197E-005
       162432  4.5258213723856524E-005
       162624  4.4913159065662336E-005
       162816  4.5024277902631261E-005
       163008  4.5767741088493799E-005
       163200  4.7566393810028632E-005
       163392  5.0227582691577964E-005
       163584  5.3709086848854765E-005
       163776  5.6451593411261046E-005
       163968  5.7790827255032726E-005
       164160  5.8454319810647745E-005
       164352  5.8407605600557940E-005
       164544  5.8249285466520862E-005
       164736  5.6493385013434467E-005
       164928  5.3444254800260344E-005
       165120  5.1138001654142742E-005
       165312  4.9770330268735774E-005
       165504  4.8705971497148802E-005
       165696  4.8012021880335760E-005
       165888  4.7205306673370441E-005
       166080  4.5375058479977830E-005
       166272  4.1544201193327251E-005
       166464  3.6860989804879792E-005
       166656  3.1823053516602740E-005
       166848  2.7672342036220736E-005
       167040  2.5841233908458577E-005
       167232  2.4528611163726293E-005
       167424  2.4012603461557302E-005
       167616  2.5600983593293834E-005
       167808  2.9952729789553449E-005
       168000  3.6060742779150738E-005
       168192  4.1495143366514530E-005
       168384  4.4756724471662264E-005
       168576  4.5778600247497155E-005
       168768  4.5469576801891089E-005
       168960  4.4553854506604451E-005
       169152  4.3031559379632155E-005
       169344  4.1680915045879557E-005
       169536  4.0818211544522813E-005
       169728  4.0325202272847456E-005
       169920  3.9976702377547723E-005
       170112  4.0503880138986339E-005
       170304  4.1921482583010486E-005
       170496  4.4284083285806886E-005
       170688  4.6825210045586243E-005
       170880  4.8536546275861986E-005
       171072  4.9233077580899320E-005
       171264  4.9524759016119334E-005
       171456  4.9370540235207491E-005
       171648  4.8887874670496840E-005
       171840  4.8288621486934123E-005
       172032  4.7358230436845464E-005
       172224  4.7262602454641413E-005
       172416  4.8607997162998546E-005
       172608  5.1547780989674434E-005
       172800  5.5488067929275501E-005
