          192  3.1195149956412383E-004  0.0000000000000000E+000
   0.0000000000000000E+000
          384  8.3008595527331232E-004  0.0000000000000000E+000
   0.0000000000000000E+000
          576  1.7585390273748560E-003  0.0000000000000000E+000
   0.0000000000000000E+000
          768  1.5468590411282664E-003  0.0000000000000000E+000
   0.0000000000000000E+000
          960  9.1734116615178570E-004  0.0000000000000000E+000
   0.0000000000000000E+000
         1152  6.0042636458018336E-004  0.0000000000000000E+000
   0.0000000000000000E+000
         1344  4.8074894455592146E-004  0.0000000000000000E+000
   0.0000000000000000E+000
         1536  4.3674171691988060E-004  0.0000000000000000E+000
   0.0000000000000000E+000
         1728  4.0466141224579307E-004  0.0000000000000000E+000
   0.0000000000000000E+000
         1920  3.5880795746190197E-004  0.0000000000000000E+000
   0.0000000000000000E+000
         2112  3.4710794362351828E-004  0.0000000000000000E+000
   0.0000000000000000E+000
         2304  3.7870877363080119E-004  0.0000000000000000E+000
   0.0000000000000000E+000
         2496  4.5050689060151863E-004  0.0000000000000000E+000
   0.0000000000000000E+000
         2688  5.5571111983719319E-004  0.0000000000000000E+000
   0.0000000000000000E+000
         2880  6.6309485792847211E-004  0.0000000000000000E+000
   0.0000000000000000E+000
         3072  7.1512539347704364E-004  0.0000000000000000E+000
   0.0000000000000000E+000
         3264  7.2525084757275198E-004  0.0000000000000000E+000
   0.0000000000000000E+000
         3456  7.8776649184538372E-004  0.0000000000000000E+000
   0.0000000000000000E+000
         3648  8.7026643770696591E-004  0.0000000000000000E+000
   0.0000000000000000E+000
         3840  7.6851672472128874E-004  0.0000000000000000E+000
   0.0000000000000000E+000
         4032  5.2155660311626240E-004  0.0000000000000000E+000
   0.0000000000000000E+000
         4224  3.5578706387056236E-004  0.0000000000000000E+000
   0.0000000000000000E+000
         4416  2.8792433422912994E-004  0.0000000000000000E+000
   0.0000000000000000E+000
         4608  2.6091735189329385E-004  0.0000000000000000E+000
   0.0000000000000000E+000
         4800  2.4928133165887464E-004  0.0000000000000000E+000
   0.0000000000000000E+000
         4992  2.5474864421322059E-004  0.0000000000000000E+000
   0.0000000000000000E+000
         5184  2.7687281401004335E-004  0.0000000000000000E+000
   0.0000000000000000E+000
         5376  3.1763269913466307E-004  0.0000000000000000E+000
   0.0000000000000000E+000
         5568  3.8949812998003542E-004  0.0000000000000000E+000
   0.0000000000000000E+000
         5760  4.9291100424689034E-004  0.0000000000000000E+000
   0.0000000000000000E+000
         5952  5.6867146380908205E-004  0.0000000000000000E+000
   0.0000000000000000E+000
         6144  5.1292363860474361E-004  0.0000000000000000E+000
   0.0000000000000000E+000
         6336  3.7308449097766161E-004  0.0000000000000000E+000
   0.0000000000000000E+000
         6528  2.8891106664210772E-004  0.0000000000000000E+000
   0.0000000000000000E+000
         6720  2.7186114295477777E-004  0.0000000000000000E+000
   0.0000000000000000E+000
         6912  3.0956381662273976E-004  0.0000000000000000E+000
   0.0000000000000000E+000
         7104  4.0103914088792758E-004  0.0000000000000000E+000
   0.0000000000000000E+000
         7296  5.6018040722326820E-004  0.0000000000000000E+000
   0.0000000000000000E+000
         7488  8.0444600413804484E-004  0.0000000000000000E+000
   0.0000000000000000E+000
         7680  1.0572898885303165E-003  0.0000000000000000E+000
   0.0000000000000000E+000
         7872  1.1093470557001388E-003  0.0000000000000000E+000
   0.0000000000000000E+000
         8064  8.7264015540470293E-004  0.0000000000000000E+000
   0.0000000000000000E+000
         8256  5.7777083222895688E-004  0.0000000000000000E+000
   0.0000000000000000E+000
         8448  3.8760215183438894E-004  0.0000000000000000E+000
   0.0000000000000000E+000
         8640  3.0214955796702576E-004  0.0000000000000000E+000
   0.0000000000000000E+000
         8832  2.8596515069487705E-004  0.0000000000000000E+000
   0.0000000000000000E+000
         9024  3.1317326662560314E-004  0.0000000000000000E+000
   0.0000000000000000E+000
         9216  3.7065131928063150E-004  0.0000000000000000E+000
   0.0000000000000000E+000
         9408  4.4104395121982698E-004  0.0000000000000000E+000
   0.0000000000000000E+000
         9600  4.8858815118815735E-004  0.0000000000000000E+000
   0.0000000000000000E+000
         9792  4.9704016575351445E-004  0.0000000000000000E+000
   0.0000000000000000E+000
         9984  4.7774691821011160E-004  0.0000000000000000E+000
   0.0000000000000000E+000
        10176  4.4660038436718203E-004  0.0000000000000000E+000
   0.0000000000000000E+000
        10368  4.1845652877356990E-004  0.0000000000000000E+000
   0.0000000000000000E+000
        10560  4.0594825684097795E-004  0.0000000000000000E+000
   0.0000000000000000E+000
        10752  4.2723300276654281E-004  0.0000000000000000E+000
   0.0000000000000000E+000
        10944  4.9916234738490366E-004  0.0000000000000000E+000
   0.0000000000000000E+000
        11136  6.2760318530019686E-004  0.0000000000000000E+000
   0.0000000000000000E+000
        11328  7.9576522945736211E-004  0.0000000000000000E+000
   0.0000000000000000E+000
        11520  8.9869696660240461E-004  0.0000000000000000E+000
   0.0000000000000000E+000
        11712  8.2188225633494200E-004  0.0000000000000000E+000
   0.0000000000000000E+000
        11904  6.4103417872525526E-004  0.0000000000000000E+000
   0.0000000000000000E+000
        12096  4.9838025977096113E-004  0.0000000000000000E+000
   0.0000000000000000E+000
        12288  4.2337276169444475E-004  0.0000000000000000E+000
   0.0000000000000000E+000
        12480  3.9170358469514741E-004  0.0000000000000000E+000
   0.0000000000000000E+000
        12672  3.8477660835983568E-004  0.0000000000000000E+000
   0.0000000000000000E+000
        12864  3.9139755319141719E-004  0.0000000000000000E+000
   0.0000000000000000E+000
        13056  4.0799275135392372E-004  0.0000000000000000E+000
   0.0000000000000000E+000
        13248  4.3358429097834405E-004  0.0000000000000000E+000
   0.0000000000000000E+000
        13440  4.6265019949227599E-004  0.0000000000000000E+000
   0.0000000000000000E+000
        13632  4.8120891807963462E-004  0.0000000000000000E+000
   0.0000000000000000E+000
        13824  4.7196415182882437E-004  0.0000000000000000E+000
   0.0000000000000000E+000
        14016  4.3943875104849028E-004  0.0000000000000000E+000
   0.0000000000000000E+000
        14208  4.1765437143241927E-004  0.0000000000000000E+000
   0.0000000000000000E+000
        14400  4.3007319223557436E-004  0.0000000000000000E+000
   0.0000000000000000E+000
        14592  4.8207427997003314E-004  0.0000000000000000E+000
   0.0000000000000000E+000
        14784  5.7220819793988155E-004  0.0000000000000000E+000
   0.0000000000000000E+000
        14976  6.7518596804807965E-004  0.0000000000000000E+000
   0.0000000000000000E+000
        15168  7.3528808195275303E-004  0.0000000000000000E+000
   0.0000000000000000E+000
        15360  7.0958496125230494E-004  0.0000000000000000E+000
   0.0000000000000000E+000
        15552  6.2151474013458772E-004  0.0000000000000000E+000
   0.0000000000000000E+000
        15744  5.2927300888076811E-004  0.0000000000000000E+000
   0.0000000000000000E+000
        15936  4.6318217010888534E-004  0.0000000000000000E+000
   0.0000000000000000E+000
        16128  4.2393674827648703E-004  0.0000000000000000E+000
   0.0000000000000000E+000
        16320  4.0679307928103515E-004  0.0000000000000000E+000
   0.0000000000000000E+000
        16512  4.0680311281247482E-004  0.0000000000000000E+000
   0.0000000000000000E+000
        16704  4.1792651153301337E-004  0.0000000000000000E+000
   0.0000000000000000E+000
        16896  4.3443879118682124E-004  0.0000000000000000E+000
   0.0000000000000000E+000
        17088  4.5060935815120767E-004  0.0000000000000000E+000
   0.0000000000000000E+000
        17280  4.6116858706855379E-004  0.0000000000000000E+000
   0.0000000000000000E+000
        17472  4.6319934379696623E-004  0.0000000000000000E+000
   0.0000000000000000E+000
        17664  4.5925699975803760E-004  0.0000000000000000E+000
   0.0000000000000000E+000
        17856  4.5881999748069425E-004  0.0000000000000000E+000
   0.0000000000000000E+000
        18048  4.7380614260766196E-004  0.0000000000000000E+000
   0.0000000000000000E+000
        18240  5.1245317311443214E-004  0.0000000000000000E+000
   0.0000000000000000E+000
        18432  5.7636757663481460E-004  0.0000000000000000E+000
   0.0000000000000000E+000
        18624  6.5388771548012211E-004  0.0000000000000000E+000
   0.0000000000000000E+000
        18816  7.1545464933846909E-004  0.0000000000000000E+000
   0.0000000000000000E+000
        19008  7.1477577861145196E-004  0.0000000000000000E+000
   0.0000000000000000E+000
        19200  6.5069003902569185E-004  0.0000000000000000E+000
   0.0000000000000000E+000
        19392  5.6727045592555559E-004  0.0000000000000000E+000
   0.0000000000000000E+000
        19584  5.0583336979467027E-004  0.0000000000000000E+000
   0.0000000000000000E+000
        19776  4.7395810529223431E-004  0.0000000000000000E+000
   0.0000000000000000E+000
        19968  4.6723525808107201E-004  0.0000000000000000E+000
   0.0000000000000000E+000
        20160  4.7767495090935243E-004  0.0000000000000000E+000
   0.0000000000000000E+000
        20352  4.9614845381973035E-004  0.0000000000000000E+000
   0.0000000000000000E+000
        20544  5.1396000605200356E-004  0.0000000000000000E+000
   0.0000000000000000E+000
        20736  5.2300103258809427E-004  0.0000000000000000E+000
   0.0000000000000000E+000
        20928  5.0428676227334053E-004  0.0000000000000000E+000
   0.0000000000000000E+000
        21120  4.5412822472785919E-004  0.0000000000000000E+000
   0.0000000000000000E+000
        21312  3.9918650063593185E-004  0.0000000000000000E+000
   0.0000000000000000E+000
        21504  3.6634964136242186E-004  0.0000000000000000E+000
   0.0000000000000000E+000
        21696  3.6678896874376115E-004  0.0000000000000000E+000
   0.0000000000000000E+000
        21888  4.0345447675202640E-004  0.0000000000000000E+000
   0.0000000000000000E+000
        22080  4.7633850161341257E-004  0.0000000000000000E+000
   0.0000000000000000E+000
        22272  5.8757627786523118E-004  0.0000000000000000E+000
   0.0000000000000000E+000
        22464  7.2022338822490793E-004  0.0000000000000000E+000
   0.0000000000000000E+000
        22656  8.0027051454098432E-004  0.0000000000000000E+000
   0.0000000000000000E+000
        22848  7.6182974174494086E-004  0.0000000000000000E+000
   0.0000000000000000E+000
        23040  6.3880669795644785E-004  0.0000000000000000E+000
   0.0000000000000000E+000
        23232  5.1185830907405510E-004  0.0000000000000000E+000
   0.0000000000000000E+000
        23424  4.2011357605109068E-004  0.0000000000000000E+000
   0.0000000000000000E+000
        23616  3.6873111355825402E-004  0.0000000000000000E+000
   0.0000000000000000E+000
        23808  3.5182791395169880E-004  0.0000000000000000E+000
   0.0000000000000000E+000
        24000  3.6482201823130400E-004  0.0000000000000000E+000
   0.0000000000000000E+000
        24192  4.0627532477810930E-004  0.0000000000000000E+000
   0.0000000000000000E+000
        24384  4.7540377796075479E-004  0.0000000000000000E+000
   0.0000000000000000E+000
        24576  5.6978470476339385E-004  0.0000000000000000E+000
   0.0000000000000000E+000
        24768  6.6787779198184511E-004  0.0000000000000000E+000
   0.0000000000000000E+000
        24960  6.6564933613217389E-004  0.0000000000000000E+000
   0.0000000000000000E+000
        25152  5.3992349655965406E-004  0.0000000000000000E+000
   0.0000000000000000E+000
        25344  4.1053482259940065E-004  0.0000000000000000E+000
   0.0000000000000000E+000
        25536  3.4276660010696807E-004  0.0000000000000000E+000
   0.0000000000000000E+000
        25728  3.2849040895903105E-004  0.0000000000000000E+000
   0.0000000000000000E+000
        25920  3.5558722149901735E-004  0.0000000000000000E+000
   0.0000000000000000E+000
        26112  4.2223769137302930E-004  0.0000000000000000E+000
   0.0000000000000000E+000
        26304  5.2573347246584858E-004  0.0000000000000000E+000
   0.0000000000000000E+000
        26496  6.6284100812192973E-004  0.0000000000000000E+000
   0.0000000000000000E+000
        26688  8.1567033983344817E-004  0.0000000000000000E+000
   0.0000000000000000E+000
        26880  8.9573793721750734E-004  0.0000000000000000E+000
   0.0000000000000000E+000
        27072  8.1680119324204631E-004  0.0000000000000000E+000
   0.0000000000000000E+000
        27264  6.3825659209031755E-004  0.0000000000000000E+000
   0.0000000000000000E+000
        27456  4.8712111438537772E-004  0.0000000000000000E+000
   0.0000000000000000E+000
        27648  3.9826054629240047E-004  0.0000000000000000E+000
   0.0000000000000000E+000
        27840  3.5343288085489297E-004  0.0000000000000000E+000
   0.0000000000000000E+000
        28032  3.3685070978220792E-004  0.0000000000000000E+000
   0.0000000000000000E+000
        28224  3.3932527203723087E-004  0.0000000000000000E+000
   0.0000000000000000E+000
        28416  3.6144023097275273E-004  0.0000000000000000E+000
   0.0000000000000000E+000
        28608  4.1424151303410276E-004  0.0000000000000000E+000
   0.0000000000000000E+000
        28800  5.1394590814106530E-004  0.0000000000000000E+000
   0.0000000000000000E+000
        28992  6.7473530663924339E-004  0.0000000000000000E+000
   0.0000000000000000E+000
        29184  8.3311820380204489E-004  0.0000000000000000E+000
   0.0000000000000000E+000
        29376  7.5915785000800755E-004  0.0000000000000000E+000
   0.0000000000000000E+000
        29568  5.5713091870658398E-004  0.0000000000000000E+000
   0.0000000000000000E+000
        29760  4.3218276668431589E-004  0.0000000000000000E+000
   0.0000000000000000E+000
        29952  3.7575747793608090E-004  0.0000000000000000E+000
   0.0000000000000000E+000
        30144  3.6389573666133478E-004  0.0000000000000000E+000
   0.0000000000000000E+000
        30336  3.8693417199235050E-004  0.0000000000000000E+000
   0.0000000000000000E+000
        30528  4.3685339045028415E-004  0.0000000000000000E+000
   0.0000000000000000E+000
        30720  5.0875999969433058E-004  0.0000000000000000E+000
   0.0000000000000000E+000
        30912  6.0258167986810109E-004  0.0000000000000000E+000
   0.0000000000000000E+000
        31104  7.1095778447709127E-004  0.0000000000000000E+000
   0.0000000000000000E+000
        31296  7.8825680475143637E-004  0.0000000000000000E+000
   0.0000000000000000E+000
        31488  7.7910568145595480E-004  0.0000000000000000E+000
   0.0000000000000000E+000
        31680  6.5173428727638687E-004  0.0000000000000000E+000
   0.0000000000000000E+000
        31872  4.9733046112249699E-004  0.0000000000000000E+000
   0.0000000000000000E+000
        32064  3.7554606784182123E-004  0.0000000000000000E+000
   0.0000000000000000E+000
        32256  3.0440742390459662E-004  0.0000000000000000E+000
   0.0000000000000000E+000
        32448  2.8376995173086243E-004  0.0000000000000000E+000
   0.0000000000000000E+000
        32640  2.9431883931709950E-004  0.0000000000000000E+000
   0.0000000000000000E+000
        32832  3.3142041858310472E-004  0.0000000000000000E+000
   0.0000000000000000E+000
        33024  3.9868205913760337E-004  0.0000000000000000E+000
   0.0000000000000000E+000
        33216  5.0065092521255853E-004  0.0000000000000000E+000
   0.0000000000000000E+000
        33408  6.3628251377062766E-004  0.0000000000000000E+000
   0.0000000000000000E+000
        33600  7.8199178821500238E-004  0.0000000000000000E+000
   0.0000000000000000E+000
        33792  7.8480688502044764E-004  0.0000000000000000E+000
   0.0000000000000000E+000
        33984  6.1673130911102749E-004  0.0000000000000000E+000
   0.0000000000000000E+000
        34176  4.5631184431607652E-004  0.0000000000000000E+000
   0.0000000000000000E+000
        34368  3.7818723868075598E-004  0.0000000000000000E+000
   0.0000000000000000E+000
        34560  3.5974232719701126E-004  0.0000000000000000E+000
   0.0000000000000000E+000
        34752  3.7672524405619600E-004  0.0000000000000000E+000
   0.0000000000000000E+000
        34944  4.2067646095297916E-004  0.0000000000000000E+000
   0.0000000000000000E+000
        35136  4.8574196436724479E-004  0.0000000000000000E+000
   0.0000000000000000E+000
        35328  5.6704130853977804E-004  0.0000000000000000E+000
   0.0000000000000000E+000
        35520  6.6946183493542385E-004  0.0000000000000000E+000
   0.0000000000000000E+000
        35712  8.0339265850263490E-004  0.0000000000000000E+000
   0.0000000000000000E+000
        35904  8.8704029090921335E-004  0.0000000000000000E+000
   0.0000000000000000E+000
        36096  7.9503511369664024E-004  0.0000000000000000E+000
   0.0000000000000000E+000
        36288  5.8640863012380628E-004  0.0000000000000000E+000
   0.0000000000000000E+000
        36480  4.3195310853502852E-004  0.0000000000000000E+000
   0.0000000000000000E+000
        36672  3.5135609281774393E-004  0.0000000000000000E+000
   0.0000000000000000E+000
        36864  3.1172388732688419E-004  0.0000000000000000E+000
   0.0000000000000000E+000
        37056  3.0055446293320319E-004  0.0000000000000000E+000
   0.0000000000000000E+000
        37248  3.1573491594776921E-004  0.0000000000000000E+000
   0.0000000000000000E+000
        37440  3.6234538248452737E-004  0.0000000000000000E+000
   0.0000000000000000E+000
        37632  4.5443474775860924E-004  0.0000000000000000E+000
   0.0000000000000000E+000
        37824  6.0538178436285559E-004  0.0000000000000000E+000
   0.0000000000000000E+000
        38016  8.2562469705545725E-004  0.0000000000000000E+000
   0.0000000000000000E+000
        38208  9.9416505397452296E-004  0.0000000000000000E+000
   0.0000000000000000E+000
        38400  8.1037934327956901E-004  0.0000000000000000E+000
   0.0000000000000000E+000
        38592  5.1645704204032576E-004  0.0000000000000000E+000
   0.0000000000000000E+000
        38784  3.6030288952465647E-004  0.0000000000000000E+000
   0.0000000000000000E+000
        38976  2.9831522805370597E-004  0.0000000000000000E+000
   0.0000000000000000E+000
        39168  2.8650450633521999E-004  0.0000000000000000E+000
   0.0000000000000000E+000
        39360  3.0893076286681563E-004  0.0000000000000000E+000
   0.0000000000000000E+000
        39552  3.6268980540888213E-004  0.0000000000000000E+000
   0.0000000000000000E+000
        39744  4.4746839700694009E-004  0.0000000000000000E+000
   0.0000000000000000E+000
        39936  5.6433228624512186E-004  0.0000000000000000E+000
   0.0000000000000000E+000
        40128  7.1654278474914102E-004  0.0000000000000000E+000
   0.0000000000000000E+000
        40320  8.8856324550326256E-004  0.0000000000000000E+000
   0.0000000000000000E+000
        40512  9.4371367904431242E-004  0.0000000000000000E+000
   0.0000000000000000E+000
        40704  7.6317486862506883E-004  0.0000000000000000E+000
   0.0000000000000000E+000
        40896  5.1844482695347213E-004  0.0000000000000000E+000
   0.0000000000000000E+000
        41088  3.4653705498739350E-004  0.0000000000000000E+000
   0.0000000000000000E+000
        41280  2.7250261498762299E-004  0.0000000000000000E+000
   0.0000000000000000E+000
        41472  2.4947093367996603E-004  0.0000000000000000E+000
   0.0000000000000000E+000
        41664  2.5415839918890024E-004  0.0000000000000000E+000
   0.0000000000000000E+000
        41856  2.8739134233331443E-004  0.0000000000000000E+000
   0.0000000000000000E+000
        42048  3.5541158868607664E-004  0.0000000000000000E+000
   0.0000000000000000E+000
        42240  4.6560804037188401E-004  0.0000000000000000E+000
   0.0000000000000000E+000
        42432  6.2229981236897524E-004  0.0000000000000000E+000
   0.0000000000000000E+000
        42624  8.1505703156656414E-004  0.0000000000000000E+000
   0.0000000000000000E+000
        42816  9.1722517216461462E-004  0.0000000000000000E+000
   0.0000000000000000E+000
        43008  7.4685283257688048E-004  0.0000000000000000E+000
   0.0000000000000000E+000
        43200  5.1120313117819862E-004  0.0000000000000000E+000
   0.0000000000000000E+000
        43392  3.8629205634635970E-004  0.0000000000000000E+000
   0.0000000000000000E+000
        43584  3.4710165294724992E-004  0.0000000000000000E+000
   0.0000000000000000E+000
        43776  3.4826574289569283E-004  0.0000000000000000E+000
   0.0000000000000000E+000
        43968  3.8221552507475466E-004  0.0000000000000000E+000
   0.0000000000000000E+000
        44160  4.4574882413182641E-004  0.0000000000000000E+000
   0.0000000000000000E+000
        44352  5.3518748966557633E-004  0.0000000000000000E+000
   0.0000000000000000E+000
        44544  6.4868446001139764E-004  0.0000000000000000E+000
   0.0000000000000000E+000
        44736  7.9017535950340746E-004  0.0000000000000000E+000
   0.0000000000000000E+000
        44928  8.8814610519520891E-004  0.0000000000000000E+000
   0.0000000000000000E+000
        45120  8.3455156679679580E-004  0.0000000000000000E+000
   0.0000000000000000E+000
        45312  6.7906497116895369E-004  0.0000000000000000E+000
   0.0000000000000000E+000
        45504  5.1793278843793064E-004  0.0000000000000000E+000
   0.0000000000000000E+000
        45696  4.2212297968000680E-004  0.0000000000000000E+000
   0.0000000000000000E+000
        45888  3.6532130065802571E-004  0.0000000000000000E+000
   0.0000000000000000E+000
        46080  3.2241435830183490E-004  0.0000000000000000E+000
   0.0000000000000000E+000
        46272  3.1010169904933634E-004  0.0000000000000000E+000
   0.0000000000000000E+000
        46464  3.3163650454501954E-004  0.0000000000000000E+000
   0.0000000000000000E+000
        46656  3.9067315955742160E-004  0.0000000000000000E+000
   0.0000000000000000E+000
        46848  4.9538380248177229E-004  0.0000000000000000E+000
   0.0000000000000000E+000
        47040  6.4369982971971748E-004  0.0000000000000000E+000
   0.0000000000000000E+000
        47232  8.1156337719784366E-004  0.0000000000000000E+000
   0.0000000000000000E+000
        47424  8.4476766475372706E-004  0.0000000000000000E+000
   0.0000000000000000E+000
        47616  6.3762235429393221E-004  0.0000000000000000E+000
   0.0000000000000000E+000
        47808  4.5193268796951138E-004  0.0000000000000000E+000
   0.0000000000000000E+000
        48000  3.6049296869641319E-004  0.0000000000000000E+000
   0.0000000000000000E+000
        48192  3.2932133485325676E-004  0.0000000000000000E+000
   0.0000000000000000E+000
        48384  3.3829720181064951E-004  0.0000000000000000E+000
   0.0000000000000000E+000
        48576  3.8009744080031745E-004  0.0000000000000000E+000
   0.0000000000000000E+000
        48768  4.5151270966661800E-004  0.0000000000000000E+000
   0.0000000000000000E+000
        48960  5.4703600911224447E-004  0.0000000000000000E+000
   0.0000000000000000E+000
        49152  6.6092033495979586E-004  0.0000000000000000E+000
   0.0000000000000000E+000
        49344  8.0347885750476332E-004  0.0000000000000000E+000
   0.0000000000000000E+000
        49536  9.2549727177999429E-004  0.0000000000000000E+000
   0.0000000000000000E+000
        49728  8.6282162213894816E-004  0.0000000000000000E+000
   0.0000000000000000E+000
        49920  5.9926514198148416E-004  0.0000000000000000E+000
   0.0000000000000000E+000
        50112  3.9494914714248777E-004  0.0000000000000000E+000
   0.0000000000000000E+000
        50304  2.9752620184081869E-004  0.0000000000000000E+000
   0.0000000000000000E+000
        50496  2.5606753673391996E-004  0.0000000000000000E+000
   0.0000000000000000E+000
        50688  2.4423074021420087E-004  0.0000000000000000E+000
   0.0000000000000000E+000
        50880  2.5622696614346782E-004  0.0000000000000000E+000
   0.0000000000000000E+000
        51072  2.9735832766709041E-004  0.0000000000000000E+000
   0.0000000000000000E+000
        51264  3.8144642849160376E-004  0.0000000000000000E+000
   0.0000000000000000E+000
        51456  5.2783308465739873E-004  0.0000000000000000E+000
   0.0000000000000000E+000
        51648  7.4806540368006649E-004  0.0000000000000000E+000
   0.0000000000000000E+000
        51840  9.8313443840423965E-004  0.0000000000000000E+000
   0.0000000000000000E+000
        52032  8.7721287377687392E-004  0.0000000000000000E+000
   0.0000000000000000E+000
        52224  5.9345371394951645E-004  0.0000000000000000E+000
   0.0000000000000000E+000
        52416  4.4579838759472944E-004  0.0000000000000000E+000
   0.0000000000000000E+000
        52608  3.9254887946793619E-004  0.0000000000000000E+000
   0.0000000000000000E+000
        52800  3.8430101405761681E-004  0.0000000000000000E+000
   0.0000000000000000E+000
        52992  4.0779902300738883E-004  0.0000000000000000E+000
   0.0000000000000000E+000
        53184  4.5792114172861568E-004  0.0000000000000000E+000
   0.0000000000000000E+000
        53376  5.3153333605023489E-004  0.0000000000000000E+000
   0.0000000000000000E+000
        53568  6.2071015685757338E-004  0.0000000000000000E+000
   0.0000000000000000E+000
        53760  7.0938151152511787E-004  0.0000000000000000E+000
   0.0000000000000000E+000
        53952  7.6688845368842295E-004  0.0000000000000000E+000
   0.0000000000000000E+000
        54144  7.6627872224740252E-004  0.0000000000000000E+000
   0.0000000000000000E+000
        54336  7.0505765837109455E-004  0.0000000000000000E+000
   0.0000000000000000E+000
        54528  5.8319625779860084E-004  0.0000000000000000E+000
   0.0000000000000000E+000
        54720  4.8755815387349849E-004  0.0000000000000000E+000
   0.0000000000000000E+000
        54912  4.0858198874031324E-004  0.0000000000000000E+000
   0.0000000000000000E+000
        55104  3.3780116176237312E-004  0.0000000000000000E+000
   0.0000000000000000E+000
        55296  3.1188995499381551E-004  0.0000000000000000E+000
   0.0000000000000000E+000
        55488  3.2266797613430913E-004  0.0000000000000000E+000
   0.0000000000000000E+000
        55680  3.7214019244644807E-004  0.0000000000000000E+000
   0.0000000000000000E+000
        55872  4.7143616634870108E-004  0.0000000000000000E+000
   0.0000000000000000E+000
        56064  6.1434270941232514E-004  0.0000000000000000E+000
   0.0000000000000000E+000
        56256  7.6057211693429899E-004  0.0000000000000000E+000
   0.0000000000000000E+000
        56448  7.8229504052841777E-004  0.0000000000000000E+000
   0.0000000000000000E+000
        56640  6.3303379528674528E-004  0.0000000000000000E+000
   0.0000000000000000E+000
        56832  4.9384718941883387E-004  0.0000000000000000E+000
   0.0000000000000000E+000
        57024  4.2669605025852120E-004  0.0000000000000000E+000
   0.0000000000000000E+000
        57216  3.9728525685431092E-004  0.0000000000000000E+000
   0.0000000000000000E+000
        57408  4.0121495322920265E-004  0.0000000000000000E+000
   0.0000000000000000E+000
        57600  4.3283158209010567E-004  0.0000000000000000E+000
   0.0000000000000000E+000
        57792  4.8328698492195555E-004  0.0000000000000000E+000
   0.0000000000000000E+000
        57984  5.4421457549905933E-004  0.0000000000000000E+000
   0.0000000000000000E+000
        58176  6.1520843989705347E-004  0.0000000000000000E+000
   0.0000000000000000E+000
        58368  7.1479995941077523E-004  0.0000000000000000E+000
   0.0000000000000000E+000
        58560  8.3073055998728604E-004  0.0000000000000000E+000
   0.0000000000000000E+000
        58752  8.3404015003138237E-004  0.0000000000000000E+000
   0.0000000000000000E+000
        58944  6.3825452302018748E-004  0.0000000000000000E+000
   0.0000000000000000E+000
        59136  4.4019746252342632E-004  0.0000000000000000E+000
   0.0000000000000000E+000
        59328  3.2804577287080610E-004  0.0000000000000000E+000
   0.0000000000000000E+000
        59520  2.7427012826375732E-004  0.0000000000000000E+000
   0.0000000000000000E+000
        59712  2.5516507635344908E-004  0.0000000000000000E+000
   0.0000000000000000E+000
        59904  2.6370241353630930E-004  0.0000000000000000E+000
   0.0000000000000000E+000
        60096  3.0470840346289834E-004  0.0000000000000000E+000
   0.0000000000000000E+000
        60288  3.9185379153723707E-004  0.0000000000000000E+000
   0.0000000000000000E+000
        60480  5.4110296228424600E-004  0.0000000000000000E+000
   0.0000000000000000E+000
        60672  7.6666454570891579E-004  0.0000000000000000E+000
   0.0000000000000000E+000
        60864  9.9892542586639760E-004  0.0000000000000000E+000
   0.0000000000000000E+000
        61056  9.3277860385710992E-004  0.0000000000000000E+000
   0.0000000000000000E+000
        61248  6.5125270059343901E-004  0.0000000000000000E+000
   0.0000000000000000E+000
        61440  4.7275122046973892E-004  0.0000000000000000E+000
   0.0000000000000000E+000
        61632  3.9971332062111874E-004  0.0000000000000000E+000
   0.0000000000000000E+000
        61824  3.7727880793025963E-004  0.0000000000000000E+000
   0.0000000000000000E+000
        62016  3.8549067184978999E-004  0.0000000000000000E+000
   0.0000000000000000E+000
        62208  4.1753822872450078E-004  0.0000000000000000E+000
   0.0000000000000000E+000
        62400  4.6820558187408366E-004  0.0000000000000000E+000
   0.0000000000000000E+000
        62592  5.2996313824034717E-004  0.0000000000000000E+000
   0.0000000000000000E+000
        62784  6.0959244357657136E-004  0.0000000000000000E+000
   0.0000000000000000E+000
        62976  7.2911359283949373E-004  0.0000000000000000E+000
   0.0000000000000000E+000
        63168  8.6158587948409265E-004  0.0000000000000000E+000
   0.0000000000000000E+000
        63360  8.6346601688622421E-004  0.0000000000000000E+000
   0.0000000000000000E+000
        63552  6.9297213374878281E-004  0.0000000000000000E+000
   0.0000000000000000E+000
        63744  5.1160764822117007E-004  0.0000000000000000E+000
   0.0000000000000000E+000
        63936  3.5394114753818147E-004  0.0000000000000000E+000
   0.0000000000000000E+000
        64128  2.8273423181945445E-004  0.0000000000000000E+000
   0.0000000000000000E+000
        64320  2.5449263487088122E-004  0.0000000000000000E+000
   0.0000000000000000E+000
        64512  2.6727334631092492E-004  0.0000000000000000E+000
   0.0000000000000000E+000
        64704  3.3333135538818196E-004  0.0000000000000000E+000
   0.0000000000000000E+000
        64896  4.5730945417664555E-004  0.0000000000000000E+000
   0.0000000000000000E+000
        65088  6.2824799768561421E-004  0.0000000000000000E+000
   0.0000000000000000E+000
        65280  8.0978804940727003E-004  0.0000000000000000E+000
   0.0000000000000000E+000
        65472  8.8104942262841681E-004  0.0000000000000000E+000
   0.0000000000000000E+000
        65664  7.6750391023477742E-004  0.0000000000000000E+000
   0.0000000000000000E+000
        65856  5.9191334702864986E-004  0.0000000000000000E+000
   0.0000000000000000E+000
        66048  4.7649319298573539E-004  0.0000000000000000E+000
   0.0000000000000000E+000
        66240  3.8912714357305765E-004  0.0000000000000000E+000
   0.0000000000000000E+000
        66432  3.5285272043648582E-004  0.0000000000000000E+000
   0.0000000000000000E+000
        66624  3.5187768252656728E-004  0.0000000000000000E+000
   0.0000000000000000E+000
        66816  3.7569460627468528E-004  0.0000000000000000E+000
   0.0000000000000000E+000
        67008  4.2457627639814571E-004  0.0000000000000000E+000
   0.0000000000000000E+000
        67200  5.0110531057119632E-004  0.0000000000000000E+000
   0.0000000000000000E+000
        67392  6.1155983554973847E-004  0.0000000000000000E+000
   0.0000000000000000E+000
        67584  7.8192617562157106E-004  0.0000000000000000E+000
   0.0000000000000000E+000
        67776  9.5171200829860384E-004  0.0000000000000000E+000
   0.0000000000000000E+000
        67968  8.9298179092187600E-004  0.0000000000000000E+000
   0.0000000000000000E+000
        68160  6.1497260491883538E-004  0.0000000000000000E+000
   0.0000000000000000E+000
        68352  3.9167828193723231E-004  0.0000000000000000E+000
   0.0000000000000000E+000
        68544  2.7836128510327641E-004  0.0000000000000000E+000
   0.0000000000000000E+000
        68736  2.3480240486777645E-004  0.0000000000000000E+000
   0.0000000000000000E+000
        68928  2.2671289775841590E-004  0.0000000000000000E+000
   0.0000000000000000E+000
        69120  2.5653640044076743E-004  0.0000000000000000E+000
   0.0000000000000000E+000
        69312  3.3274706545211984E-004  0.0000000000000000E+000
   0.0000000000000000E+000
        69504  4.6486143998670945E-004  0.0000000000000000E+000
   0.0000000000000000E+000
        69696  6.4836613412282194E-004  0.0000000000000000E+000
   0.0000000000000000E+000
        69888  8.7239737441708828E-004  0.0000000000000000E+000
   0.0000000000000000E+000
        70080  1.0943964570209056E-003  0.0000000000000000E+000
   0.0000000000000000E+000
        70272  1.0118970539367104E-003  0.0000000000000000E+000
   0.0000000000000000E+000
        70464  6.7024886384049796E-004  0.0000000000000000E+000
   0.0000000000000000E+000
        70656  4.3829072928846667E-004  0.0000000000000000E+000
   0.0000000000000000E+000
        70848  3.3161567710974311E-004  0.0000000000000000E+000
   0.0000000000000000E+000
        71040  2.9333954691742887E-004  0.0000000000000000E+000
   0.0000000000000000E+000
        71232  2.9386751076627954E-004  0.0000000000000000E+000
   0.0000000000000000E+000
        71424  3.2130987106099464E-004  0.0000000000000000E+000
   0.0000000000000000E+000
        71616  3.7337719706386868E-004  0.0000000000000000E+000
   0.0000000000000000E+000
        71808  4.5631384707844555E-004  0.0000000000000000E+000
   0.0000000000000000E+000
        72000  5.8398109729277401E-004  0.0000000000000000E+000
   0.0000000000000000E+000
        72192  7.6902343290452589E-004  0.0000000000000000E+000
   0.0000000000000000E+000
        72384  9.8782142267182012E-004  0.0000000000000000E+000
   0.0000000000000000E+000
        72576  9.6057413528570555E-004  0.0000000000000000E+000
   0.0000000000000000E+000
        72768  6.6012498268039810E-004  0.0000000000000000E+000
   0.0000000000000000E+000
        72960  4.0774537943138626E-004  0.0000000000000000E+000
   0.0000000000000000E+000
        73152  3.0480243352783121E-004  0.0000000000000000E+000
   0.0000000000000000E+000
        73344  2.6489214869640428E-004  0.0000000000000000E+000
   0.0000000000000000E+000
        73536  2.7219103306884326E-004  0.0000000000000000E+000
   0.0000000000000000E+000
        73728  3.2333699374034389E-004  0.0000000000000000E+000
   0.0000000000000000E+000
        73920  4.1657862947318676E-004  0.0000000000000000E+000
   0.0000000000000000E+000
        74112  5.5022338061427726E-004  0.0000000000000000E+000
   0.0000000000000000E+000
        74304  7.1867880387712301E-004  0.0000000000000000E+000
   0.0000000000000000E+000
        74496  8.9946126661297036E-004  0.0000000000000000E+000
   0.0000000000000000E+000
        74688  9.5573397680518595E-004  0.0000000000000000E+000
   0.0000000000000000E+000
        74880  8.3162829016956551E-004  0.0000000000000000E+000
   0.0000000000000000E+000
        75072  6.1936754893231606E-004  0.0000000000000000E+000
   0.0000000000000000E+000
        75264  4.6461703640617296E-004  0.0000000000000000E+000
   0.0000000000000000E+000
        75456  3.4900260183776176E-004  0.0000000000000000E+000
   0.0000000000000000E+000
        75648  2.7914431885829697E-004  0.0000000000000000E+000
   0.0000000000000000E+000
        75840  2.6093467407247394E-004  0.0000000000000000E+000
   0.0000000000000000E+000
        76032  2.7506405406285916E-004  0.0000000000000000E+000
   0.0000000000000000E+000
        76224  3.2079732784743773E-004  0.0000000000000000E+000
   0.0000000000000000E+000
        76416  4.0926890916164176E-004  0.0000000000000000E+000
   0.0000000000000000E+000
        76608  5.4837251130577841E-004  0.0000000000000000E+000
   0.0000000000000000E+000
        76800  7.2137819887692996E-004  0.0000000000000000E+000
   0.0000000000000000E+000
        76992  8.6760839960454386E-004  0.0000000000000000E+000
   0.0000000000000000E+000
        77184  7.8453794159808333E-004  0.0000000000000000E+000
   0.0000000000000000E+000
        77376  5.6111303203203167E-004  0.0000000000000000E+000
   0.0000000000000000E+000
        77568  4.0655268090771614E-004  0.0000000000000000E+000
   0.0000000000000000E+000
        77760  3.4693551090140531E-004  0.0000000000000000E+000
   0.0000000000000000E+000
        77952  3.4762094835352823E-004  0.0000000000000000E+000
   0.0000000000000000E+000
        78144  3.8505726152245680E-004  0.0000000000000000E+000
   0.0000000000000000E+000
        78336  4.5287017479432790E-004  0.0000000000000000E+000
   0.0000000000000000E+000
        78528  5.4144389339877007E-004  0.0000000000000000E+000
   0.0000000000000000E+000
        78720  6.3604183883280362E-004  0.0000000000000000E+000
   0.0000000000000000E+000
        78912  7.3648997908236716E-004  0.0000000000000000E+000
   0.0000000000000000E+000
        79104  8.5289941580536177E-004  0.0000000000000000E+000
   0.0000000000000000E+000
        79296  9.1873293517482951E-004  0.0000000000000000E+000
   0.0000000000000000E+000
        79488  8.2218834184532360E-004  0.0000000000000000E+000
   0.0000000000000000E+000
        79680  6.0360778974898391E-004  0.0000000000000000E+000
   0.0000000000000000E+000
        79872  4.3717518848953018E-004  0.0000000000000000E+000
   0.0000000000000000E+000
        80064  3.5299102295725674E-004  0.0000000000000000E+000
   0.0000000000000000E+000
        80256  3.1166085303902094E-004  0.0000000000000000E+000
   0.0000000000000000E+000
        80448  2.9800396093049861E-004  0.0000000000000000E+000
   0.0000000000000000E+000
        80640  3.1003577446817732E-004  0.0000000000000000E+000
   0.0000000000000000E+000
        80832  3.5446012253713362E-004  0.0000000000000000E+000
   0.0000000000000000E+000
        81024  4.4716246968282749E-004  0.0000000000000000E+000
   0.0000000000000000E+000
        81216  6.0255952878940898E-004  0.0000000000000000E+000
   0.0000000000000000E+000
        81408  8.1591995003247773E-004  0.0000000000000000E+000
   0.0000000000000000E+000
        81600  9.6606050212349668E-004  0.0000000000000000E+000
   0.0000000000000000E+000
        81792  7.7729308396260203E-004  0.0000000000000000E+000
   0.0000000000000000E+000
        81984  5.1629565678916066E-004  0.0000000000000000E+000
   0.0000000000000000E+000
        82176  3.8462876459197868E-004  0.0000000000000000E+000
   0.0000000000000000E+000
        82368  3.3646018258615866E-004  0.0000000000000000E+000
   0.0000000000000000E+000
        82560  3.3387171612081929E-004  0.0000000000000000E+000
   0.0000000000000000E+000
        82752  3.6426042397226126E-004  0.0000000000000000E+000
   0.0000000000000000E+000
        82944  4.2246893759118189E-004  0.0000000000000000E+000
   0.0000000000000000E+000
        83136  5.0456735116594293E-004  0.0000000000000000E+000
   0.0000000000000000E+000
        83328  6.0764518090735840E-004  0.0000000000000000E+000
   0.0000000000000000E+000
        83520  7.3878174305321617E-004  0.0000000000000000E+000
   0.0000000000000000E+000
        83712  8.7890625578112040E-004  0.0000000000000000E+000
   0.0000000000000000E+000
        83904  9.1162702103834579E-004  0.0000000000000000E+000
   0.0000000000000000E+000
        84096  7.2711744167659146E-004  0.0000000000000000E+000
   0.0000000000000000E+000
        84288  4.9147206254665315E-004  0.0000000000000000E+000
   0.0000000000000000E+000
        84480  3.3544163796939960E-004  0.0000000000000000E+000
   0.0000000000000000E+000
        84672  2.7227961130854914E-004  0.0000000000000000E+000
   0.0000000000000000E+000
        84864  2.5521538081276857E-004  0.0000000000000000E+000
   0.0000000000000000E+000
        85056  2.6419863139045657E-004  0.0000000000000000E+000
   0.0000000000000000E+000
        85248  3.0131680152378413E-004  0.0000000000000000E+000
   0.0000000000000000E+000
        85440  3.7499704144793782E-004  0.0000000000000000E+000
   0.0000000000000000E+000
        85632  4.9631651624341478E-004  0.0000000000000000E+000
   0.0000000000000000E+000
        85824  6.6634433982189223E-004  0.0000000000000000E+000
   0.0000000000000000E+000
        86016  8.7132965215107338E-004  0.0000000000000000E+000
   0.0000000000000000E+000
        86208  9.2777576642856096E-004  0.0000000000000000E+000
   0.0000000000000000E+000
        86400  7.1097768801703907E-004  0.0000000000000000E+000
   0.0000000000000000E+000
        86592  4.9371915175203758E-004  0.0000000000000000E+000
   0.0000000000000000E+000
        86784  3.9289685414635038E-004  0.0000000000000000E+000
   0.0000000000000000E+000
        86976  3.6171084733006153E-004  0.0000000000000000E+000
   0.0000000000000000E+000
        87168  3.6855062016450725E-004  0.0000000000000000E+000
   0.0000000000000000E+000
        87360  4.0801498023142522E-004  0.0000000000000000E+000
   0.0000000000000000E+000
        87552  4.7949126236910194E-004  0.0000000000000000E+000
   0.0000000000000000E+000
        87744  5.8132106130165048E-004  0.0000000000000000E+000
   0.0000000000000000E+000
        87936  7.1522451256091383E-004  0.0000000000000000E+000
   0.0000000000000000E+000
        88128  8.4797141098961386E-004  0.0000000000000000E+000
   0.0000000000000000E+000
        88320  8.7452295512270128E-004  0.0000000000000000E+000
   0.0000000000000000E+000
        88512  7.6569804364089069E-004  0.0000000000000000E+000
   0.0000000000000000E+000
        88704  6.1583900792515996E-004  0.0000000000000000E+000
   0.0000000000000000E+000
        88896  4.8255234360593686E-004  0.0000000000000000E+000
   0.0000000000000000E+000
        89088  4.1350413206263934E-004  0.0000000000000000E+000
   0.0000000000000000E+000
        89280  3.5554099978341903E-004  0.0000000000000000E+000
   0.0000000000000000E+000
        89472  3.2176298238456932E-004  0.0000000000000000E+000
   0.0000000000000000E+000
        89664  3.2586198023835109E-004  0.0000000000000000E+000
   0.0000000000000000E+000
        89856  3.6645061101585406E-004  0.0000000000000000E+000
   0.0000000000000000E+000
        90048  4.5052680082862843E-004  0.0000000000000000E+000
   0.0000000000000000E+000
        90240  5.8479223673852971E-004  0.0000000000000000E+000
   0.0000000000000000E+000
        90432  7.5391191806963010E-004  0.0000000000000000E+000
   0.0000000000000000E+000
        90624  8.8440277199924682E-004  0.0000000000000000E+000
   0.0000000000000000E+000
        90816  7.5804718567582462E-004  0.0000000000000000E+000
   0.0000000000000000E+000
        91008  5.3130290616076208E-004  0.0000000000000000E+000
   0.0000000000000000E+000
        91200  4.0195238978634054E-004  0.0000000000000000E+000
   0.0000000000000000E+000
        91392  3.4473084048814215E-004  0.0000000000000000E+000
   0.0000000000000000E+000
        91584  3.3484675426329697E-004  0.0000000000000000E+000
   0.0000000000000000E+000
        91776  3.6154695975321226E-004  0.0000000000000000E+000
   0.0000000000000000E+000
        91968  4.2081359799974892E-004  0.0000000000000000E+000
   0.0000000000000000E+000
        92160  5.0821684885697313E-004  0.0000000000000000E+000
   0.0000000000000000E+000
        92352  6.1646239365517814E-004  0.0000000000000000E+000
   0.0000000000000000E+000
        92544  7.4808748408831352E-004  0.0000000000000000E+000
   0.0000000000000000E+000
        92736  8.9894192108745197E-004  0.0000000000000000E+000
   0.0000000000000000E+000
        92928  9.4028347239596001E-004  0.0000000000000000E+000
   0.0000000000000000E+000
        93120  7.2908380921225520E-004  0.0000000000000000E+000
   0.0000000000000000E+000
        93312  4.7248167455807077E-004  0.0000000000000000E+000
   0.0000000000000000E+000
        93504  3.3451022030941307E-004  0.0000000000000000E+000
   0.0000000000000000E+000
        93696  2.7349398527713183E-004  0.0000000000000000E+000
   0.0000000000000000E+000
        93888  2.5080196709619386E-004  0.0000000000000000E+000
   0.0000000000000000E+000
        94080  2.5380698627097502E-004  0.0000000000000000E+000
   0.0000000000000000E+000
        94272  2.8441307603454950E-004  0.0000000000000000E+000
   0.0000000000000000E+000
        94464  3.5361949788451482E-004  0.0000000000000000E+000
   0.0000000000000000E+000
        94656  4.8116717668730645E-004  0.0000000000000000E+000
   0.0000000000000000E+000
        94848  6.8121747334235221E-004  0.0000000000000000E+000
   0.0000000000000000E+000
        95040  9.5089259058985681E-004  0.0000000000000000E+000
   0.0000000000000000E+000
        95232  9.8455433614022211E-004  0.0000000000000000E+000
   0.0000000000000000E+000
        95424  6.9232054986740385E-004  0.0000000000000000E+000
   0.0000000000000000E+000
        95616  4.8277953217878207E-004  0.0000000000000000E+000
   0.0000000000000000E+000
        95808  4.0109359729314218E-004  0.0000000000000000E+000
   0.0000000000000000E+000
        96000  3.7987581308413280E-004  0.0000000000000000E+000
   0.0000000000000000E+000
        96192  3.9607031505277423E-004  0.0000000000000000E+000
   0.0000000000000000E+000
        96384  4.4161604821719172E-004  0.0000000000000000E+000
   0.0000000000000000E+000
        96576  5.1243652203066664E-004  0.0000000000000000E+000
   0.0000000000000000E+000
        96768  6.0089481730447262E-004  0.0000000000000000E+000
   0.0000000000000000E+000
        96960  6.9043984307696267E-004  0.0000000000000000E+000
   0.0000000000000000E+000
        97152  7.6512670930966762E-004  0.0000000000000000E+000
   0.0000000000000000E+000
        97344  7.9622735183825508E-004  0.0000000000000000E+000
   0.0000000000000000E+000
        97536  7.5734955281989960E-004  0.0000000000000000E+000
   0.0000000000000000E+000
        97728  6.3534539211699908E-004  0.0000000000000000E+000
   0.0000000000000000E+000
        97920  5.1729921682907741E-004  0.0000000000000000E+000
   0.0000000000000000E+000
        98112  4.2822655116710672E-004  0.0000000000000000E+000
   0.0000000000000000E+000
        98304  3.4500361763652182E-004  0.0000000000000000E+000
   0.0000000000000000E+000
        98496  3.1000872461163780E-004  0.0000000000000000E+000
   0.0000000000000000E+000
        98688  3.1585065448720971E-004  0.0000000000000000E+000
   0.0000000000000000E+000
        98880  3.6259547782577142E-004  0.0000000000000000E+000
   0.0000000000000000E+000
        99072  4.6204971077102528E-004  0.0000000000000000E+000
   0.0000000000000000E+000
        99264  6.0967133135402299E-004  0.0000000000000000E+000
   0.0000000000000000E+000
        99456  7.6474168874712150E-004  0.0000000000000000E+000
   0.0000000000000000E+000
        99648  8.0200886761715130E-004  0.0000000000000000E+000
   0.0000000000000000E+000
        99840  6.6124568492809891E-004  0.0000000000000000E+000
   0.0000000000000000E+000
       100032  5.0980473852098188E-004  0.0000000000000000E+000
   0.0000000000000000E+000
       100224  4.3723991164195276E-004  0.0000000000000000E+000
   0.0000000000000000E+000
       100416  4.0405574411607063E-004  0.0000000000000000E+000
   0.0000000000000000E+000
       100608  4.0541393004533673E-004  0.0000000000000000E+000
   0.0000000000000000E+000
       100800  4.3693207583945826E-004  0.0000000000000000E+000
   0.0000000000000000E+000
       100992  4.8881659813213431E-004  0.0000000000000000E+000
   0.0000000000000000E+000
       101184  5.5099729186711295E-004  0.0000000000000000E+000
   0.0000000000000000E+000
       101376  6.2052971107169380E-004  0.0000000000000000E+000
   0.0000000000000000E+000
       101568  7.1577285354452666E-004  0.0000000000000000E+000
   0.0000000000000000E+000
       101760  8.3681860634235244E-004  0.0000000000000000E+000
   0.0000000000000000E+000
       101952  8.6352459739510133E-004  0.0000000000000000E+000
   0.0000000000000000E+000
       102144  6.7504271118869153E-004  0.0000000000000000E+000
   0.0000000000000000E+000
       102336  4.6068746599968544E-004  0.0000000000000000E+000
   0.0000000000000000E+000
       102528  3.3788715938610592E-004  0.0000000000000000E+000
   0.0000000000000000E+000
       102720  2.7953030411835946E-004  0.0000000000000000E+000
   0.0000000000000000E+000
       102912  2.5798746929146121E-004  0.0000000000000000E+000
   0.0000000000000000E+000
       103104  2.6418009129220435E-004  0.0000000000000000E+000
   0.0000000000000000E+000
       103296  3.0221073581790825E-004  0.0000000000000000E+000
   0.0000000000000000E+000
       103488  3.8592040859264799E-004  0.0000000000000000E+000
   0.0000000000000000E+000
       103680  5.3238235238948388E-004  0.0000000000000000E+000
   0.0000000000000000E+000
       103872  7.5385100142986625E-004  0.0000000000000000E+000
   0.0000000000000000E+000
       104064  1.0034385702289547E-003  0.0000000000000000E+000
   0.0000000000000000E+000
       104256  9.6802970131361929E-004  0.0000000000000000E+000
   0.0000000000000000E+000
       104448  6.7924349608195075E-004  0.0000000000000000E+000
   0.0000000000000000E+000
       104640  4.8444023712584271E-004  0.0000000000000000E+000
   0.0000000000000000E+000
       104832  4.0464493085194008E-004  0.0000000000000000E+000
   0.0000000000000000E+000
       105024  3.8075041451608016E-004  0.0000000000000000E+000
   0.0000000000000000E+000
       105216  3.8982946268141338E-004  0.0000000000000000E+000
   0.0000000000000000E+000
       105408  4.2419912485238006E-004  0.0000000000000000E+000
   0.0000000000000000E+000
       105600  4.7816838997961111E-004  0.0000000000000000E+000
   0.0000000000000000E+000
       105792  5.4298785923793469E-004  0.0000000000000000E+000
   0.0000000000000000E+000
       105984  6.2427666220838556E-004  0.0000000000000000E+000
   0.0000000000000000E+000
       106176  7.4359239596159300E-004  0.0000000000000000E+000
   0.0000000000000000E+000
       106368  8.7196996644534541E-004  0.0000000000000000E+000
   0.0000000000000000E+000
       106560  8.6881871559043450E-004  0.0000000000000000E+000
   0.0000000000000000E+000
       106752  6.9459142861860495E-004  0.0000000000000000E+000
   0.0000000000000000E+000
       106944  5.1565847321349400E-004  0.0000000000000000E+000
   2.1030329104891415E-003
       107136  3.5712583361322128E-004  0.0000000000000000E+000
   5.9672613961602077E-003
       107328  2.8531551512804316E-004  0.0000000000000000E+000
   6.2365113571231246E-003
       107520  2.5865854435448352E-004  0.0000000000000000E+000
   5.1356295578880674E-003
       107712  2.7393503157531880E-004  0.0000000000000000E+000
   4.0341423649231517E-003
       107904  3.4464638524208015E-004  0.0000000000000000E+000
   3.7971785446301478E-003
       108096  4.7605538369036694E-004  0.0000000000000000E+000
   3.3601909608356219E-003
       108288  6.5461359994822474E-004  0.0000000000000000E+000
   3.3162657770078670E-003
       108480  8.3572299749524570E-004  0.0000000000000000E+000
   3.9950128764396284E-003
       108672  8.8653606229728424E-004  0.0000000000000000E+000
   5.6395031602548620E-003
       108864  7.5524456319143280E-004  0.0000000000000000E+000
   8.2584429610043277E-003
       109056  5.8046314664281023E-004  0.0000000000000000E+000
   1.0905931320566217E-002
       109248  4.7040879490828819E-004  0.0000000000000000E+000
   1.1856438478339223E-002
       109440  3.8855936810803170E-004  0.0000000000000000E+000
   1.2033970285577823E-002
       109632  3.5689907150019822E-004  0.0000000000000000E+000
   1.0332467462250035E-002
       109824  3.6036087506046544E-004  0.0000000000000000E+000
   8.6943356737733939E-003
       110016  3.8929417395301382E-004  0.0000000000000000E+000
   7.4527405856373297E-003
       110208  4.4375393912328854E-004  0.0000000000000000E+000
   6.8888394071063520E-003
       110400  5.2598889409237958E-004  0.0000000000000000E+000
   6.9389160810377198E-003
       110592  6.4365377935379059E-004  0.0000000000000000E+000
   7.5131772567190143E-003
       110784  8.2374163974381609E-004  0.0000000000000000E+000
   8.5239828545422159E-003
       110976  9.7243792275911319E-004  0.0000000000000000E+000
   1.0022678467836455E-002
       111168  8.6060025559311307E-004  0.0000000000000000E+000
   1.2205701387327801E-002
       111360  5.7424563731688734E-004  0.0000000000000000E+000
   1.5307775324989573E-002
       111552  3.6913255917904811E-004  0.0000000000000000E+000
   1.7479407950722593E-002
       111744  2.7089947460670914E-004  0.0000000000000000E+000
   1.5531162447760262E-002
       111936  2.3445052065745168E-004  0.0000000000000000E+000
   1.1504392712665994E-002
       112128  2.3286107559861564E-004  0.0000000000000000E+000
   8.2146729025823987E-003
       112320  2.7045730565146393E-004  0.0000000000000000E+000
   6.1946941111736022E-003
       112512  3.5728085088413829E-004  0.0000000000000000E+000
   5.1492473157174539E-003
       112704  5.0252792617397986E-004  0.0000000000000000E+000
   4.7839760808996304E-003
       112896  6.9744727780821048E-004  0.0000000000000000E+000
   5.2105919478112103E-003
       113088  9.3764616015381272E-004  0.0000000000000000E+000
   6.6748037727363679E-003
       113280  1.1273573698328456E-003  0.0000000000000000E+000
   9.4267351559638238E-003
       113472  9.5250114046958282E-004  0.0000000000000000E+000
   1.3518533314254875E-002
       113664  6.0332340848193698E-004  0.0000000000000000E+000
   1.8614537506073926E-002
       113856  4.0482063282282042E-004  0.0000000000000000E+000
   2.1759687535882630E-002
       114048  3.2044948512779318E-004  0.0000000000000000E+000
   1.9346787355581166E-002
       114240  2.9705272342657170E-004  0.0000000000000000E+000
   1.5390709043162330E-002
       114432  3.0881798230693948E-004  0.0000000000000000E+000
   1.1602831701516202E-002
       114624  3.4619309985286205E-004  0.0000000000000000E+000
   9.4672778966803251E-003
       114816  4.0818307374339480E-004  0.0000000000000000E+000
   8.5395838044074537E-003
       115008  5.0250305861316408E-004  0.0000000000000000E+000
   8.2830682609172871E-003
       115200  6.4262257016147470E-004  0.0000000000000000E+000
   8.5635829470198967E-003
       115392  8.4099162159510777E-004  0.0000000000000000E+000
   9.3499745564963876E-003
       115584  1.0187698601079242E-003  0.0000000000000000E+000
   1.0961746607673588E-002
       115776  8.9352751602244014E-004  0.0000000000000000E+000
   1.4720024817113013E-002
       115968  5.9199417891705151E-004  0.0000000000000000E+000
   1.9551716907191721E-002
       116160  3.7750114635095065E-004  0.0000000000000000E+000
   2.2591299226001615E-002
       116352  2.9438017275777880E-004  0.0000000000000000E+000
   2.0195229492380996E-002
       116544  2.6396602966639648E-004  0.0000000000000000E+000
   1.5197502790747027E-002
       116736  2.8129715347153015E-004  0.0000000000000000E+000
   1.1249155586374075E-002
       116928  3.4437557277334114E-004  0.0000000000000000E+000
   9.3170271974640159E-003
       117120  4.5220992350552359E-004  0.0000000000000000E+000
   8.4490219986133389E-003
       117312  6.0240296299321754E-004  0.0000000000000000E+000
   8.6936998581085626E-003
       117504  7.9105709610617246E-004  0.0000000000000000E+000
   1.0091781313550879E-002
       117696  9.5742462324219842E-004  0.0000000000000000E+000
   1.2741780242886835E-002
       117888  9.4496406356551924E-004  0.0000000000000000E+000
   1.6764018289171286E-002
       118080  7.6843553348656150E-004  0.0000000000000000E+000
   2.1702712474647359E-002
       118272  5.5743030667626038E-004  0.0000000000000000E+000
   2.5069889651300675E-002
       118464  4.2714003730328856E-004  0.0000000000000000E+000
   2.4079246849628193E-002
       118656  3.2312417918796302E-004  0.0000000000000000E+000
   2.0050654409387296E-002
       118848  2.7395799933660551E-004  0.0000000000000000E+000
   1.5853129780396633E-002
       119040  2.6906267026522834E-004  0.0000000000000000E+000
   1.2902045656696330E-002
       119232  2.9574664965510396E-004  0.0000000000000000E+000
   1.0386157258150780E-002
       119424  3.5865484921548317E-004  0.0000000000000000E+000
   8.7338635313516880E-003
       119616  4.7003620934299597E-004  0.0000000000000000E+000
   8.0183658014323436E-003
       119808  6.2983500710120713E-004  0.0000000000000000E+000
   8.1363577122858435E-003
       120000  8.1030378371325885E-004  0.0000000000000000E+000
   9.2043241159332247E-003
       120192  8.8984750475347375E-004  0.0000000000000000E+000
   1.1561416361542327E-002
       120384  7.0885520130486036E-004  0.0000000000000000E+000
   1.5552723073611356E-002
       120576  4.9387386198099074E-004  0.0000000000000000E+000
   2.1158491186329322E-002
       120768  3.6884105594487315E-004  0.0000000000000000E+000
   4.2204605816100874E-002
       120960  3.3204549700718421E-004  0.0000000000000000E+000
   3.9582767355530422E-002
       121152  3.4401827074795024E-004  0.0000000000000000E+000
   3.3217970274721009E-002
       121344  3.9205567722519908E-004  0.0000000000000000E+000
   2.7623425987124056E-002
       121536  4.7177233551092137E-004  0.0000000000000000E+000
   2.4384349013611764E-002
       121728  5.7245102772589555E-004  0.0000000000000000E+000
   2.3851119670442508E-002
       121920  6.7975337346405781E-004  0.0000000000000000E+000
   2.5383832674353572E-002
       122112  8.0241778658781792E-004  0.0000000000000000E+000
   2.8905109920297940E-002
       122304  9.2543219818025141E-004  0.0000000000000000E+000
   3.3877123252863080E-002
       122496  9.3198528916017234E-004  0.0000000000000000E+000
   3.9574607298676304E-002
       122688  7.4755408358022867E-004  0.0000000000000000E+000
   4.5642048295222150E-002
       122880  5.2231600098934185E-004  0.0000000000000000E+000
   5.0865097499380750E-002
       123072  3.9303758892045288E-004  0.0000000000000000E+000
   5.2597085807017933E-002
       123264  3.3129800934895694E-004  0.0000000000000000E+000
   4.7553796746462866E-002
       123456  3.0516791363353364E-004  0.0000000000000000E+000
   3.9383527779448320E-002
       123648  3.0488878608046744E-004  0.0000000000000000E+000
   3.1998674495826468E-002
       123840  3.3126241526102357E-004  0.0000000000000000E+000
   2.6807448708827290E-002
       124032  3.9629099717978280E-004  0.0000000000000000E+000
   2.3173962043462403E-002
       124224  5.1985497495570063E-004  0.0000000000000000E+000
   2.1043701712478019E-002
       124416  7.0961868285114018E-004  0.0000000000000000E+000
   2.0386228984473224E-002
       124608  9.4318196884361999E-004  0.0000000000000000E+000
   2.1398657334857515E-002
       124800  9.3818716840859745E-004  0.0000000000000000E+000
   2.5230978752642536E-002
       124992  6.4179134850163571E-004  0.0000000000000000E+000
   3.2960447471095854E-002
       125184  4.3189582394933575E-004  0.0000000000000000E+000
   4.3509493702834516E-002
       125376  3.4528184100375418E-004  0.0000000000000000E+000
   4.9310564700673173E-002
       125568  3.2294267389925367E-004  0.0000000000000000E+000
   4.3284364021610101E-002
       125760  3.3979076490105642E-004  0.0000000000000000E+000
   3.4922905060665962E-002
       125952  3.8907570875317411E-004  0.0000000000000000E+000
   2.9222466214278445E-002
       126144  4.6675185522842503E-004  0.0000000000000000E+000
   2.6266605938834075E-002
       126336  5.6874202963812280E-004  0.0000000000000000E+000
   2.5637450049243660E-002
       126528  6.9308552578667925E-004  0.0000000000000000E+000
   2.6846804599751362E-002
       126720  8.3820988172022117E-004  0.0000000000000000E+000
   3.0117249627031474E-002
       126912  9.2361552505314595E-004  0.0000000000000000E+000
   3.5618926146070158E-002
       127104  8.3490592484076272E-004  0.0000000000000000E+000
   4.2122441259411225E-002
       127296  6.0227330198381758E-004  0.0000000000000000E+000
   4.8719395621713700E-002
       127488  4.1041375197674356E-004  0.0000000000000000E+000
   5.2535678108306935E-002
       127680  3.0121441182879286E-004  0.0000000000000000E+000
   4.9744293829545844E-002
       127872  2.6599295294379668E-004  0.0000000000000000E+000
   4.1898872796146187E-002
       128064  2.6519710787961957E-004  0.0000000000000000E+000
   3.2983315886496556E-002
       128256  2.9112422394812467E-004  0.0000000000000000E+000
   2.5977379439471433E-002
       128448  3.4978764858570050E-004  0.0000000000000000E+000
   2.1630321936874749E-002
       128640  4.4961366213096775E-004  0.0000000000000000E+000
   1.9400385751655327E-002
       128832  5.9569543586584746E-004  0.0000000000000000E+000
   1.8811491032748432E-002
       129024  7.7661428502777711E-004  0.0000000000000000E+000
   1.9908665470690909E-002
       129216  9.0919152141461380E-004  0.0000000000000000E+000
   2.3140807828050197E-002
       129408  7.8455950225452746E-004  0.0000000000000000E+000
   2.9610175877193105E-002
       129600  5.5999122889758613E-004  0.0000000000000000E+000
   3.9797477115981181E-002
       129792  4.2232191565982555E-004  0.0000000000000000E+000
   4.6851019728261840E-002
       129984  3.7594364582125146E-004  0.0000000000000000E+000
   4.6133718190421204E-002
       130176  3.7522098346966210E-004  0.0000000000000000E+000
   3.9938618132697397E-002
       130368  4.0747267179560122E-004  0.0000000000000000E+000
   3.3885499452733857E-002
       130560  4.6851220480128740E-004  0.0000000000000000E+000
   3.0334013905973730E-002
       130752  5.5558736046626943E-004  0.0000000000000000E+000
   2.9480493709475853E-002
       130944  6.7004733578771014E-004  0.0000000000000000E+000
   3.0500625057134682E-002
       131136  8.1155709357062821E-004  0.0000000000000000E+000
   3.3518766836718679E-002
       131328  9.0276875000072491E-004  0.0000000000000000E+000
   3.8224376801167838E-002
       131520  8.3948566978036285E-004  0.0000000000000000E+000
   4.4438986392910482E-002
       131712  6.8043379464413308E-004  0.0000000000000000E+000
   5.1778875372429194E-002
       131904  5.1825345657445304E-004  0.0000000000000000E+000
   5.6065157152611546E-002
       132096  4.2491337180357731E-004  0.0000000000000000E+000
   5.4084581691844096E-002
       132288  3.6782935226918400E-004  0.0000000000000000E+000
   4.7444548305644395E-002
       132480  3.2900324183328877E-004  0.0000000000000000E+000
   3.9712791826199738E-002
       132672  3.2399610700224355E-004  0.0000000000000000E+000
   3.3376508364636855E-002
       132864  3.5522630597766041E-004  0.0000000000000000E+000
   2.8666070748789900E-002
       133056  4.2825582887109838E-004  0.0000000000000000E+000
   2.5079143139941779E-002
       133248  5.5075129276508522E-004  0.0000000000000000E+000
   2.3094247300192744E-002
       133440  7.1359154752865400E-004  0.0000000000000000E+000
   2.2922608400739883E-002
       133632  8.8097882729179218E-004  0.0000000000000000E+000
   2.5220674755091967E-002
       133824  8.3928220364186640E-004  0.0000000000000000E+000
   3.0443236317306457E-002
       134016  5.9714063588762578E-004  0.0000000000000000E+000
   3.9351369460628553E-002
       134208  4.2681499879359337E-004  0.0000000000000000E+000
   4.8298984977377050E-002
       134400  3.4849532835367079E-004  0.0000000000000000E+000
   4.9472196667960898E-002
       134592  3.2749255816362418E-004  0.0000000000000000E+000
   4.2880617895504410E-002
       134784  3.4558663247189413E-004  0.0000000000000000E+000
   3.5274069516887586E-002
       134976  3.9737860709996144E-004  0.0000000000000000E+000
   2.9900889063743195E-002
       135168  4.8041745060207016E-004  0.0000000000000000E+000
   2.7122445998488700E-002
       135360  5.8978183763225820E-004  0.0000000000000000E+000
   2.6753549282751758E-002
       135552  7.2473544565222661E-004  0.0000000000000000E+000
   2.8402613108375521E-002
       135744  8.9373507185073477E-004  0.0000000000000000E+000
   3.2280970611649702E-002
       135936  9.8048048207126500E-004  0.0000000000000000E+000
   3.7661620933271821E-002
       136128  8.0175905669927178E-004  0.0000000000000000E+000
   4.4710745871145388E-002
       136320  5.1492070892629406E-004  0.0000000000000000E+000
   5.2447282620408625E-002
       136512  3.4943144341698589E-004  0.0000000000000000E+000
   5.6887962362415265E-002
       136704  2.7944823422054781E-004  0.0000000000000000E+000
   5.2295872497764531E-002
       136896  2.5477705902997229E-004  0.0000000000000000E+000
   4.2174324272708105E-002
       137088  2.5694687581764755E-004  0.0000000000000000E+000
   3.2757953335759586E-002
       137280  2.8486490243598631E-004  0.0000000000000000E+000
   2.6233149751738256E-002
       137472  3.4779923373614891E-004  0.0000000000000000E+000
   2.2309201269423731E-002
       137664  4.6261457149241115E-004  0.0000000000000000E+000
   2.0107785082455708E-002
       137856  6.4353700000053843E-004  0.0000000000000000E+000
   1.9613897714045158E-002
       138048  8.9584174293591838E-004  0.0000000000000000E+000
   2.1180356909124409E-002
       138240  1.0106705414859129E-003  0.0000000000000000E+000
   2.5412851523746730E-002
       138432  7.4796059020084316E-004  0.0000000000000000E+000
   3.3827447774418401E-002
       138624  5.0040017808963746E-004  0.0000000000000000E+000
   4.6360796275714655E-002
       138816  3.9742552106432387E-004  0.0000000000000000E+000
   5.4059584564846754E-002
       139008  3.6817766111087104E-004  0.0000000000000000E+000
   5.0314842651119712E-002
       139200  3.8192668528616396E-004  0.0000000000000000E+000
   4.2033155259765066E-002
       139392  4.3020366075842274E-004  0.0000000000000000E+000
   3.5868516142107801E-002
       139584  5.0851584817439288E-004  0.0000000000000000E+000
   3.2632271172237597E-002
       139776  6.1227831576189261E-004  0.0000000000000000E+000
   3.2100718938588360E-002
       139968  7.2325421041211666E-004  0.0000000000000000E+000
   3.3787545457270321E-002
       140160  8.0935108734103288E-004  0.0000000000000000E+000
   3.7595985783271460E-002
       140352  8.1631999693731366E-004  0.0000000000000000E+000
   4.3190265703051928E-002
       140544  7.4962782322582149E-004  0.0000000000000000E+000
   4.9319969381252202E-002
       140736  6.2877565019510407E-004  0.0000000000000000E+000
   5.3685440390497503E-002
       140928  5.0670916324036409E-004  0.0000000000000000E+000
   5.4123374671371856E-002
       141120  4.3361623595282824E-004  0.0000000000000000E+000
   5.1092067854411678E-002
       141312  3.6348882681040451E-004  0.0000000000000000E+000
   4.5406021021591823E-002
       141504  3.2604339223274979E-004  0.0000000000000000E+000
   3.9205904191259959E-002
       141696  3.3174424357735720E-004  0.0000000000000000E+000
   3.4152364897802628E-002
       141888  3.7855792450727159E-004  0.0000000000000000E+000
   2.9668649642313735E-002
       142080  4.7382584666997684E-004  0.0000000000000000E+000
   2.6327885465575136E-002
       142272  6.1476129912217746E-004  0.0000000000000000E+000
   2.4735349722563603E-002
       142464  7.6534936786216339E-004  0.0000000000000000E+000
   2.5502031514564601E-002
       142656  8.0329423097482821E-004  0.0000000000000000E+000
   2.9125027721751781E-002
       142848  6.4926027584009504E-004  0.0000000000000000E+000
   3.6077149869482267E-002
       143040  4.8934035802039393E-004  0.0000000000000000E+000
   4.4382695353926749E-002
       143232  4.1299024248948229E-004  0.0000000000000000E+000
   4.7618698111982306E-002
       143424  3.8402813023082386E-004  0.0000000000000000E+000
   4.3994832497695362E-002
       143616  3.9311503895344456E-004  0.0000000000000000E+000
   3.8024631551110868E-002
       143808  4.3618008473836903E-004  0.0000000000000000E+000
   3.3465389345894235E-002
       144000  5.0584954051781784E-004  0.0000000000000000E+000
   3.1193197741718543E-002
       144192  5.9011656937467774E-004  0.0000000000000000E+000
   3.0958645530329384E-002
       144384  6.8084663091071878E-004  0.0000000000000000E+000
   3.2757555363254739E-002
       144576  7.8401096846058465E-004  0.0000000000000000E+000
   3.6263669164021260E-002
       144768  8.6998706064580838E-004  0.0000000000000000E+000
   4.0885952113973806E-002
       144960  8.2328669506890554E-004  0.0000000000000000E+000
   4.5747101802301161E-002
       145152  6.1550687996856268E-004  0.0000000000000000E+000
   5.1327279344144758E-002
       145344  4.3534936714781798E-004  0.0000000000000000E+000
   5.7211026943660814E-002
       145536  3.3514196093636911E-004  0.0000000000000000E+000
   5.5578332767094937E-002
       145728  2.8662691483885615E-004  0.0000000000000000E+000
   4.7285763052856138E-002
       145920  2.7064015274727376E-004  0.0000000000000000E+000
   3.7878819202677771E-002
       146112  2.8193300272700639E-004  0.0000000000000000E+000
   3.0858714171193600E-002
       146304  3.2626846558310430E-004  0.0000000000000000E+000
   2.5784699155883137E-002
       146496  4.1832519077281811E-004  0.0000000000000000E+000
   2.2657173586465806E-002
       146688  5.7346513955927061E-004  0.0000000000000000E+000
   2.1311224111522687E-002
       146880  7.9974360183692947E-004  0.0000000000000000E+000
   2.1808928610711983E-002
       147072  9.4402481159003889E-004  0.0000000000000000E+000
   2.4819892475203938E-002
       147264  7.9574591148883162E-004  0.0000000000000000E+000
   3.1855694075950070E-002
       147456  5.8770936481761325E-004  0.0000000000000000E+000
   4.3325706110704895E-002
       147648  4.7758263611504838E-004  0.0000000000000000E+000
   5.2972669425538667E-002
       147840  4.3471132076903059E-004  0.0000000000000000E+000
   5.4388405351279992E-002
       148032  4.3019692640463794E-004  0.0000000000000000E+000
   4.7948898983222306E-002
       148224  4.5126927120410276E-004  0.0000000000000000E+000
   4.2225690696594390E-002
       148416  4.9212420711198320E-004  0.0000000000000000E+000
   3.8698463981547963E-002
       148608  5.4805584230658091E-004  0.0000000000000000E+000
   3.7449859115366427E-002
       148800  6.1350075648782128E-004  0.0000000000000000E+000
   3.8073555608140755E-002
       148992  6.8937947110871438E-004  0.0000000000000000E+000
   3.9951813775122448E-002
       149184  7.7658781707222024E-004  0.0000000000000000E+000
   4.3020480006661581E-002
       149376  8.1734465999394005E-004  0.0000000000000000E+000
   4.6366715143434968E-002
       149568  7.3030242250061235E-004  0.0000000000000000E+000
   5.0313393036521090E-002
       149760  5.7462581075258805E-004  0.0000000000000000E+000
   5.3829655474864069E-002
       149952  4.4789042171080484E-004  0.0000000000000000E+000
   5.4720350984474662E-002
       150144  3.4681274760178316E-004  0.0000000000000000E+000
   5.8027786868075693E-002
       150336  3.0670636821388469E-004  0.0000000000000000E+000
   5.7154229312593209E-002
       150528  3.0708110169065390E-004  0.0000000000000000E+000
   4.8753269971028357E-002
       150720  3.4453154916371821E-004  0.0000000000000000E+000
   4.1100714186863993E-002
       150912  4.3032693372755830E-004  0.0000000000000000E+000
   3.5678438000756624E-002
       151104  5.6544947683017266E-004  0.0000000000000000E+000
   3.2671704572522442E-002
       151296  7.2645371524942496E-004  0.0000000000000000E+000
   3.2403783568124241E-002
       151488  8.4045756761343647E-004  0.0000000000000000E+000
   3.5389165253741195E-002
       151680  7.7870065173748419E-004  0.0000000000000000E+000
   4.2996844058785136E-002
       151872  6.0469776090960037E-004  0.0000000000000000E+000
   5.4802271310073952E-002
       152064  4.8677064450642081E-004  0.0000000000000000E+000
   6.3415823903669399E-002
       152256  4.1536661785151379E-004  0.0000000000000000E+000
   6.4330356823482426E-002
       152448  3.8740355107703197E-004  0.0000000000000000E+000
   5.9070609439232202E-002
       152640  3.9645727995467101E-004  0.0000000000000000E+000
   5.2425136350963783E-002
       152832  4.3034987467019099E-004  0.0000000000000000E+000
   4.6938342095715957E-002
       153024  4.8497451140919304E-004  0.0000000000000000E+000
   4.3532471596815919E-002
       153216  5.5951019660409893E-004  0.0000000000000000E+000
   4.2500123944744395E-002
       153408  6.6236517509105357E-004  0.0000000000000000E+000
   4.3667799072180227E-002
       153600  8.1919980882231376E-004  0.0000000000000000E+000
   4.6808885850412173E-002
       153792  9.3577145495416837E-004  0.0000000000000000E+000
   5.1434527467112634E-002
       153984  8.1520259827193222E-004  0.0000000000000000E+000
   5.8015298323263916E-002
       154176  5.4883256046534446E-004  0.0000000000000000E+000
   6.6799684350492175E-002
       154368  3.6892381346836488E-004  0.0000000000000000E+000
   7.3095643302902857E-002
       154560  2.8156681957842788E-004  0.0000000000000000E+000
   6.9725422457206684E-002
       154752  2.4797620828730343E-004  0.0000000000000000E+000
   5.8863556171508985E-002
       154944  2.4535303933894754E-004  0.0000000000000000E+000
   4.6859376043077910E-002
       155136  2.7464929866261446E-004  0.0000000000000000E+000
   3.7477596842424375E-002
       155328  3.4786853541868241E-004  0.0000000000000000E+000
   3.1243309720841599E-002
       155520  4.8196385735861999E-004  0.0000000000000000E+000
   2.7748546767103158E-002
       155712  6.8022844876758663E-004  0.0000000000000000E+000
   2.6828808051789981E-002
       155904  9.5190290747759244E-004  0.0000000000000000E+000
   2.9043691653796045E-002
       156096  1.1362476646201529E-003  0.0000000000000000E+000
   3.5305157369836110E-002
       156288  8.9397779989584835E-004  0.0000000000000000E+000
   4.9248241091393336E-002
       156480  5.5316103768007243E-004  0.0000000000000000E+000
   6.8147501284786388E-002
       156672  3.8819847899416727E-004  0.0000000000000000E+000
   8.1822498820708661E-002
       156864  3.3216720768206736E-004  0.0000000000000000E+000
   7.9325992081089550E-002
       157056  3.2816586948885494E-004  0.0000000000000000E+000
   6.7326021046218057E-002
       157248  3.5860605809745694E-004  0.0000000000000000E+000
   5.5242411762610022E-002
       157440  4.1586170551532418E-004  0.0000000000000000E+000
   4.6933920814210432E-002
       157632  4.9029738025349915E-004  0.0000000000000000E+000
   4.2323764134323344E-002
       157824  5.8179825801278043E-004  0.0000000000000000E+000
   4.1187809337520864E-002
       158016  7.0220496256367677E-004  0.0000000000000000E+000
   4.2853846112714276E-002
       158208  8.5612756247006405E-004  0.0000000000000000E+000
   4.6552992791328421E-002
       158400  9.4403464243064932E-004  0.0000000000000000E+000
   5.2074682468488474E-002
       158592  8.2387227918518779E-004  0.0000000000000000E+000
   5.9895523120494717E-002
       158784  6.3030703676156047E-004  0.0000000000000000E+000
   6.8969509156829256E-002
       158976  4.2868887079280260E-004  0.0000000000000000E+000
   7.4066812845754088E-002
       159168  3.1620327980985273E-004  0.0000000000000000E+000
   7.1163615529235280E-002
       159360  2.6471537808578593E-004  0.0000000000000000E+000
   6.2990322452964417E-002
       159552  2.5220267175988609E-004  0.0000000000000000E+000
   5.2520956634893125E-002
       159744  2.9386794946540865E-004  0.0000000000000000E+000
   4.3212070852635939E-002
       159936  3.9859106373087052E-004  0.0000000000000000E+000
   3.6781499672258439E-002
       160128  5.6881296918584326E-004  0.0000000000000000E+000
   3.3035492921877956E-002
       160320  7.9521124392143837E-004  0.0000000000000000E+000
   3.2733993264980256E-002
       160512  9.8069659278362891E-004  0.0000000000000000E+000
   3.6932376539362009E-002
       160704  9.2852381489873334E-004  0.0000000000000000E+000
   4.6903580750800096E-002
       160896  6.9948035393789022E-004  0.0000000000000000E+000
   6.2172007041701387E-002
       161088  5.2159076028232771E-004  0.0000000000000000E+000
   7.4701707688595118E-002
       161280  4.1083370670532700E-004  0.0000000000000000E+000
   7.6533066138819286E-002
       161472  3.3505703621010180E-004  0.0000000000000000E+000
   6.8814882585458301E-002
       161664  3.1189420760945887E-004  0.0000000000000000E+000
   5.8846956053636934E-002
       161856  3.2238970753706330E-004  0.0000000000000000E+000
   4.9725648454519121E-002
       162048  3.6293192326774295E-004  0.0000000000000000E+000
   4.2555760240935374E-002
       162240  4.3878567884081567E-004  0.0000000000000000E+000
   3.7969588986533860E-002
       162432  5.5294767970137789E-004  0.0000000000000000E+000
   3.6192309973506392E-002
       162624  7.0579917875910551E-004  0.0000000000000000E+000
   3.7097898700482836E-002
       162816  9.1326105283717741E-004  0.0000000000000000E+000
   4.0814102013436632E-002
       163008  1.0077994836646578E-003  0.0000000000000000E+000
   4.7551586002318437E-002
       163200  7.8301440074706266E-004  0.0000000000000000E+000
   5.7599587405594774E-002
       163392  4.9475282584841070E-004  0.0000000000000000E+000
   7.0142557943065967E-002
       163584  3.2285467505867142E-004  0.0000000000000000E+000
   7.6309184272646324E-002
       163776  2.5512890007423300E-004  0.0000000000000000E+000
   7.0136380631711071E-002
       163968  2.3493371298768690E-004  0.0000000000000000E+000
   5.7743022689596205E-002
       164160  2.5358240275214476E-004  0.0000000000000000E+000
   4.5478446077140619E-002
       164352  3.1706240284676003E-004  0.0000000000000000E+000
   3.6504471143722572E-002
       164544  4.3428636867268682E-004  0.0000000000000000E+000
   3.1192431723939866E-002
       164736  6.0450963919928750E-004  0.0000000000000000E+000
   2.9216754084390596E-002
       164928  8.0544012687566290E-004  0.0000000000000000E+000
   3.1069082951152141E-002
       165120  1.0338961424971320E-003  0.0000000000000000E+000
   3.7394598540359911E-002
       165312  1.0798520457445566E-003  0.0000000000000000E+000
   4.8454909022386763E-002
       165504  8.0285404093881243E-004  0.0000000000000000E+000
   6.3870662076179960E-002
       165696  5.1478909436000048E-004  0.0000000000000000E+000
   7.9705570363802020E-002
       165888  3.6958748920672200E-004  0.0000000000000000E+000
   8.5897492498210798E-002
       166080  3.0886658462231863E-004  0.0000000000000000E+000
   7.8411288875525426E-002
       166272  2.9664620947221200E-004  0.0000000000000000E+000
   6.5463910310850582E-002
       166464  3.1604087386323575E-004  0.0000000000000000E+000
   5.3506939502891725E-002
       166656  3.6202491230312049E-004  0.0000000000000000E+000
   4.4906965043667112E-002
       166848  4.3869455733155113E-004  0.0000000000000000E+000
   3.9470530327590500E-002
       167040  5.5906864147722314E-004  0.0000000000000000E+000
   3.7079040217615267E-002
       167232  7.3436836563147768E-004  0.0000000000000000E+000
   3.7196090236819926E-002
       167424  9.5816185987108581E-004  0.0000000000000000E+000
   3.9876052586187545E-002
       167616  1.0025635216558194E-003  0.0000000000000000E+000
   4.5940011588039044E-002
       167808  7.2196720722714582E-004  0.0000000000000000E+000
   5.6655559319285800E-002
       168000  4.4818053201206001E-004  0.0000000000000000E+000
   6.9586788402203545E-002
       168192  3.2409381964906126E-004  0.0000000000000000E+000
   8.1053523761008675E-002
       168384  2.7953350239760019E-004  0.0000000000000000E+000
   7.6319047020861369E-002
       168576  2.8371632138035537E-004  0.0000000000000000E+000
   6.5265932636032517E-002
       168768  3.3205709323365574E-004  0.0000000000000000E+000
   5.4796586126559799E-002
       168960  4.2268414167235711E-004  0.0000000000000000E+000
   4.7270057117195431E-002
       169152  5.5324057480726286E-004  0.0000000000000000E+000
   4.3426312983535255E-002
       169344  7.1655712922675239E-004  0.0000000000000000E+000
   4.3517857956104918E-002
       169536  8.9615432628619264E-004  0.0000000000000000E+000
   4.7753846538365341E-002
       169728  9.6973787388731909E-004  0.0000000000000000E+000
   5.6190449439116615E-002
       169920  8.6285358888368109E-004  0.0000000000000000E+000
   6.8367854637100697E-002
       170112  6.5039248693581032E-004  0.0000000000000000E+000
   8.1321636814268544E-002
       170304  4.7952067165995117E-004  0.0000000000000000E+000
   8.8591829657308746E-002
       170496  3.5900868292025693E-004  0.0000000000000000E+000
   8.6764902499962618E-002
       170688  2.8595035401874833E-004  0.0000000000000000E+000
   7.7691171163098260E-002
       170880  2.6760409919617662E-004  0.0000000000000000E+000
   6.6487576645072974E-002
       171072  2.8310364470496405E-004  0.0000000000000000E+000
   5.5554558114052098E-002
       171264  3.3060498020985135E-004  0.0000000000000000E+000
   4.6218227485758143E-002
       171456  4.2070533223666955E-004  0.0000000000000000E+000
   3.9677772303522450E-002
       171648  5.6028085743673676E-004  0.0000000000000000E+000
   3.6071976301318254E-002
       171840  7.3047423363074100E-004  0.0000000000000000E+000
   3.5611508206014823E-002
       172032  8.6861712069227000E-004  0.0000000000000000E+000
   3.8850063809077809E-002
       172224  7.8357761923906187E-004  0.0000000000000000E+000
   4.6541735748921752E-002
       172416  5.6630211078295624E-004  0.0000000000000000E+000
   5.8298481128728263E-002
       172608  4.1528231935056330E-004  0.0000000000000000E+000
   6.8588724558296121E-002
       172800  3.5731405590083443E-004  0.0000000000000000E+000
   7.0323471025939388E-002
