         192  5.384696308147152E-004  0.000000000000000E+000
  0.000000000000000E+000
         384  1.769546077284964E-003  0.000000000000000E+000
  0.000000000000000E+000
         576  3.445657101050313E-003  0.000000000000000E+000
  0.000000000000000E+000
         768  4.139856566025825E-003  0.000000000000000E+000
  0.000000000000000E+000
         960  1.791860545710227E-003  0.000000000000000E+000
  0.000000000000000E+000
        1152  3.394720348400710E-004  0.000000000000000E+000
  0.000000000000000E+000
        1344  4.104475722452435E-004  0.000000000000000E+000
  0.000000000000000E+000
        1536  1.145965242794658E-003  0.000000000000000E+000
  0.000000000000000E+000
        1728  2.607315854131387E-003  0.000000000000000E+000
  0.000000000000000E+000
        1920  2.568551460766834E-003  0.000000000000000E+000
  0.000000000000000E+000
        2112  1.614808532612983E-003  0.000000000000000E+000
  0.000000000000000E+000
        2304  1.070319793839040E-003  0.000000000000000E+000
  0.000000000000000E+000
        2496  1.387346980522749E-003  0.000000000000000E+000
  0.000000000000000E+000
        2688  1.334042353993262E-003  0.000000000000000E+000
  0.000000000000000E+000
        2880  1.083764705195617E-003  0.000000000000000E+000
  0.000000000000000E+000
        3072  9.274413594153425E-004  0.000000000000000E+000
  0.000000000000000E+000
        3264  7.246818768310869E-004  0.000000000000000E+000
  0.000000000000000E+000
        3456  7.877169168269481E-004  0.000000000000000E+000
  0.000000000000000E+000
        3648  1.188163022257409E-003  0.000000000000000E+000
  0.000000000000000E+000
        3840  2.353704306694592E-003  0.000000000000000E+000
  0.000000000000000E+000
        4032  1.334299061721875E-003  0.000000000000000E+000
  0.000000000000000E+000
        4224  1.326902630424502E-003  0.000000000000000E+000
  0.000000000000000E+000
        4416  1.510496627868485E-003  0.000000000000000E+000
  0.000000000000000E+000
        4608  1.287585351565607E-003  0.000000000000000E+000
  0.000000000000000E+000
        4800  7.917769705838008E-004  0.000000000000000E+000
  0.000000000000000E+000
        4992  7.270306167270105E-004  0.000000000000000E+000
  0.000000000000000E+000
        5184  8.839607622167623E-004  0.000000000000000E+000
  0.000000000000000E+000
        5376  1.176769986935645E-003  0.000000000000000E+000
  0.000000000000000E+000
        5568  2.832963093505845E-003  0.000000000000000E+000
  0.000000000000000E+000
        5760  2.416789857501751E-003  0.000000000000000E+000
  0.000000000000000E+000
        5952  9.177933493588956E-004  0.000000000000000E+000
  0.000000000000000E+000
        6144  9.398522772375437E-005  0.000000000000000E+000
  0.000000000000000E+000
        6336  1.233220498593916E-004  0.000000000000000E+000
  0.000000000000000E+000
        6528  2.040339679982066E-004  0.000000000000000E+000
  0.000000000000000E+000
        6720  3.982127713626691E-004  0.000000000000000E+000
  0.000000000000000E+000
        6912  7.122635391978197E-004  0.000000000000000E+000
  0.000000000000000E+000
        7104  1.074617972826688E-003  0.000000000000000E+000
  0.000000000000000E+000
        7296  1.838211150137241E-003  0.000000000000000E+000
  0.000000000000000E+000
        7488  1.078333222357260E-003  0.000000000000000E+000
  0.000000000000000E+000
        7680  2.742135933845738E-004  0.000000000000000E+000
  0.000000000000000E+000
        7872  2.977530323201151E-004  0.000000000000000E+000
  0.000000000000000E+000
        8064  3.910736129396595E-004  0.000000000000000E+000
  0.000000000000000E+000
        8256  4.798481218465708E-004  0.000000000000000E+000
  0.000000000000000E+000
        8448  5.404219772308075E-004  0.000000000000000E+000
  0.000000000000000E+000
        8640  6.047414706660294E-004  0.000000000000000E+000
  0.000000000000000E+000
        8832  6.480754011778791E-004  0.000000000000000E+000
  0.000000000000000E+000
        9024  6.685215461333676E-004  0.000000000000000E+000
  0.000000000000000E+000
        9216  7.853614239199879E-004  0.000000000000000E+000
  0.000000000000000E+000
        9408  1.249583168206391E-003  0.000000000000000E+000
  0.000000000000000E+000
        9600  2.456803946540559E-003  0.000000000000000E+000
  0.000000000000000E+000
        9792  3.957370211471246E-003  0.000000000000000E+000
  0.000000000000000E+000
        9984  4.306434188552409E-003  0.000000000000000E+000
  0.000000000000000E+000
       10176  1.388145643726104E-003  0.000000000000000E+000
  0.000000000000000E+000
       10368  2.298495698865971E-004  0.000000000000000E+000
  0.000000000000000E+000
       10560  2.414039724828588E-004  0.000000000000000E+000
  0.000000000000000E+000
       10752  6.809666950812609E-004  0.000000000000000E+000
  0.000000000000000E+000
       10944  1.770213440580185E-003  0.000000000000000E+000
  0.000000000000000E+000
       11136  1.597641829782699E-003  0.000000000000000E+000
  0.000000000000000E+000
       11328  1.340383099092471E-003  0.000000000000000E+000
  0.000000000000000E+000
       11520  1.710424736107266E-003  0.000000000000000E+000
  0.000000000000000E+000
       11712  1.582756002549456E-003  0.000000000000000E+000
  0.000000000000000E+000
       11904  1.380211963989479E-003  0.000000000000000E+000
  0.000000000000000E+000
       12096  1.000956916335013E-003  0.000000000000000E+000
  0.000000000000000E+000
       12288  1.019513177699943E-003  0.000000000000000E+000
  0.000000000000000E+000
       12480  7.280434509661493E-004  0.000000000000000E+000
  0.000000000000000E+000
       12672  9.866309542843510E-004  0.000000000000000E+000
  0.000000000000000E+000
       12864  1.730281376728904E-003  0.000000000000000E+000
  0.000000000000000E+000
       13056  1.853477405702458E-003  0.000000000000000E+000
  0.000000000000000E+000
       13248  9.656492327128727E-004  0.000000000000000E+000
  0.000000000000000E+000
       13440  8.573135283168183E-004  0.000000000000000E+000
  0.000000000000000E+000
       13632  1.214261307697541E-003  0.000000000000000E+000
  0.000000000000000E+000
       13824  1.077213783653672E-003  0.000000000000000E+000
  0.000000000000000E+000
       14016  7.656361323817319E-004  0.000000000000000E+000
  0.000000000000000E+000
       14208  7.369166561599606E-004  0.000000000000000E+000
  0.000000000000000E+000
       14400  1.264990048018625E-003  0.000000000000000E+000
  0.000000000000000E+000
       14592  3.546646932729778E-003  0.000000000000000E+000
  0.000000000000000E+000
       14784  1.095995040846517E-003  0.000000000000000E+000
  0.000000000000000E+000
       14976  5.351918749086283E-004  0.000000000000000E+000
  0.000000000000000E+000
       15168  4.359504659109681E-004  0.000000000000000E+000
  0.000000000000000E+000
       15360  3.284676032969770E-004  0.000000000000000E+000
  0.000000000000000E+000
       15552  2.264520113776964E-004  0.000000000000000E+000
  0.000000000000000E+000
       15744  1.939661978725368E-004  0.000000000000000E+000
  0.000000000000000E+000
       15936  3.549954795124905E-004  0.000000000000000E+000
  0.000000000000000E+000
       16128  1.272133766472611E-003  0.000000000000000E+000
  0.000000000000000E+000
       16320  1.377476900860612E-003  0.000000000000000E+000
  0.000000000000000E+000
       16512  3.074270618908847E-004  0.000000000000000E+000
  0.000000000000000E+000
       16704  1.356381714618347E-004  0.000000000000000E+000
  0.000000000000000E+000
       16896  1.560293775536997E-004  0.000000000000000E+000
  0.000000000000000E+000
       17088  2.194639975922013E-004  0.000000000000000E+000
  0.000000000000000E+000
       17280  3.410105528372018E-004  0.000000000000000E+000
  0.000000000000000E+000
       17472  5.167532902695703E-004  0.000000000000000E+000
  0.000000000000000E+000
       17664  7.400087858645301E-004  0.000000000000000E+000
  0.000000000000000E+000
       17856  1.166991245079357E-003  0.000000000000000E+000
  0.000000000000000E+000
       18048  2.056667434964953E-003  0.000000000000000E+000
  0.000000000000000E+000
       18240  3.159697355049057E-003  0.000000000000000E+000
  0.000000000000000E+000
       18432  3.423919097985731E-003  0.000000000000000E+000
  0.000000000000000E+000
       18624  2.833752557779144E-003  0.000000000000000E+000
  0.000000000000000E+000
       18816  1.640783135148947E-003  0.000000000000000E+000
  0.000000000000000E+000
       19008  1.273632226576641E-003  0.000000000000000E+000
  0.000000000000000E+000
       19200  1.427752889170664E-003  0.000000000000000E+000
  0.000000000000000E+000
       19392  1.283708928675688E-003  0.000000000000000E+000
  0.000000000000000E+000
       19584  8.668729708309618E-004  0.000000000000000E+000
  0.000000000000000E+000
       19776  9.765163945516805E-004  0.000000000000000E+000
  0.000000000000000E+000
       19968  1.397797496300004E-003  0.000000000000000E+000
  0.000000000000000E+000
       20160  1.313455343911995E-003  0.000000000000000E+000
  0.000000000000000E+000
       20352  1.135413511386904E-003  0.000000000000000E+000
  0.000000000000000E+000
       20544  9.885907460707697E-004  0.000000000000000E+000
  0.000000000000000E+000
       20736  1.006709074497414E-003  0.000000000000000E+000
  0.000000000000000E+000
       20928  1.097098963349293E-003  0.000000000000000E+000
  0.000000000000000E+000
       21120  1.859328723207714E-003  0.000000000000000E+000
  0.000000000000000E+000
       21312  2.029755317856703E-003  0.000000000000000E+000
  0.000000000000000E+000
       21504  1.192848000525585E-003  0.000000000000000E+000
  0.000000000000000E+000
       21696  8.980330762937074E-004  0.000000000000000E+000
  0.000000000000000E+000
       21888  8.923428165224656E-004  0.000000000000000E+000
  0.000000000000000E+000
       22080  8.942112024527727E-004  0.000000000000000E+000
  0.000000000000000E+000
       22272  8.101362216924678E-004  0.000000000000000E+000
  0.000000000000000E+000
       22464  1.169417995151981E-003  0.000000000000000E+000
  0.000000000000000E+000
       22656  3.326226168484981E-003  0.000000000000000E+000
  0.000000000000000E+000
       22848  1.666237842433991E-003  0.000000000000000E+000
  0.000000000000000E+000
       23040  3.874309361170192E-004  0.000000000000000E+000
  0.000000000000000E+000
       23232  3.780909872676321E-004  0.000000000000000E+000
  0.000000000000000E+000
       23424  4.479442336680613E-004  0.000000000000000E+000
  0.000000000000000E+000
       23616  4.601328749022525E-004  0.000000000000000E+000
  0.000000000000000E+000
       23808  4.175481885681209E-004  0.000000000000000E+000
  0.000000000000000E+000
       24000  7.004012119551889E-004  0.000000000000000E+000
  0.000000000000000E+000
       24192  1.678208438151166E-003  0.000000000000000E+000
  0.000000000000000E+000
       24384  1.730342683618114E-003  0.000000000000000E+000
  0.000000000000000E+000
       24576  3.072080598015359E-004  0.000000000000000E+000
  0.000000000000000E+000
       24768  3.013980906622468E-004  0.000000000000000E+000
  0.000000000000000E+000
       24960  3.746490214033189E-004  0.000000000000000E+000
  0.000000000000000E+000
       25152  5.123309692638880E-004  0.000000000000000E+000
  0.000000000000000E+000
       25344  6.481802530550259E-004  0.000000000000000E+000
  0.000000000000000E+000
       25536  6.877755405946843E-004  0.000000000000000E+000
  0.000000000000000E+000
       25728  6.374062642601314E-004  0.000000000000000E+000
  0.000000000000000E+000
       25920  5.926564798662243E-004  0.000000000000000E+000
  0.000000000000000E+000
       26112  5.979758682742312E-004  0.000000000000000E+000
  0.000000000000000E+000
       26304  7.637775475950930E-004  0.000000000000000E+000
  0.000000000000000E+000
       26496  1.411954531627610E-003  0.000000000000000E+000
  0.000000000000000E+000
       26688  2.760799353002476E-003  0.000000000000000E+000
  0.000000000000000E+000
       26880  3.263663194046556E-003  0.000000000000000E+000
  0.000000000000000E+000
       27072  1.547451734511807E-003  0.000000000000000E+000
  0.000000000000000E+000
       27264  7.074611063199226E-004  0.000000000000000E+000
  0.000000000000000E+000
       27456  9.109023385195469E-004  0.000000000000000E+000
  0.000000000000000E+000
       27648  1.847770699198379E-003  0.000000000000000E+000
  0.000000000000000E+000
       27840  2.836222770720408E-003  0.000000000000000E+000
  0.000000000000000E+000
       28032  1.981786973813019E-003  0.000000000000000E+000
  0.000000000000000E+000
       28224  9.347481791868144E-004  0.000000000000000E+000
  0.000000000000000E+000
       28416  8.144833820447530E-004  0.000000000000000E+000
  0.000000000000000E+000
       28608  9.710348343348301E-004  0.000000000000000E+000
  0.000000000000000E+000
       28800  1.288884553019304E-003  0.000000000000000E+000
  0.000000000000000E+000
       28992  1.428128642144405E-003  0.000000000000000E+000
  0.000000000000000E+000
       29184  1.358362425856149E-003  0.000000000000000E+000
  0.000000000000000E+000
       29376  1.155409923666363E-003  0.000000000000000E+000
  0.000000000000000E+000
       29568  1.379750481496019E-003  0.000000000000000E+000
  0.000000000000000E+000
       29760  1.372204750375770E-003  0.000000000000000E+000
  0.000000000000000E+000
       29952  9.543207730967931E-004  0.000000000000000E+000
  0.000000000000000E+000
       30144  1.005130981490865E-003  0.000000000000000E+000
  0.000000000000000E+000
       30336  1.579772675951380E-003  0.000000000000000E+000
  0.000000000000000E+000
       30528  1.433872736415349E-003  0.000000000000000E+000
  0.000000000000000E+000
       30720  8.866002609632431E-004  0.000000000000000E+000
  0.000000000000000E+000
       30912  8.914825579063469E-004  0.000000000000000E+000
  0.000000000000000E+000
       31104  1.197596981431740E-003  0.000000000000000E+000
  0.000000000000000E+000
       31296  1.077444675199227E-003  0.000000000000000E+000
  0.000000000000000E+000
       31488  8.418513772477917E-004  0.000000000000000E+000
  0.000000000000000E+000
       31680  9.756442282995765E-004  0.000000000000000E+000
  0.000000000000000E+000
       31872  1.039944746323369E-003  0.000000000000000E+000
  0.000000000000000E+000
       32064  6.392468526354361E-004  0.000000000000000E+000
  0.000000000000000E+000
       32256  7.992205717962243E-004  0.000000000000000E+000
  0.000000000000000E+000
       32448  1.660786290362716E-003  0.000000000000000E+000
  0.000000000000000E+000
       32640  1.442679251068628E-003  0.000000000000000E+000
  0.000000000000000E+000
       32832  3.279438572146686E-004  0.000000000000000E+000
  0.000000000000000E+000
       33024  3.123815749107675E-004  0.000000000000000E+000
  0.000000000000000E+000
       33216  3.534529191386181E-004  0.000000000000000E+000
  0.000000000000000E+000
       33408  4.409969057500524E-004  0.000000000000000E+000
  0.000000000000000E+000
       33600  5.867436386153412E-004  0.000000000000000E+000
  0.000000000000000E+000
       33792  8.005777619174457E-004  0.000000000000000E+000
  0.000000000000000E+000
       33984  9.245100503837117E-004  0.000000000000000E+000
  0.000000000000000E+000
       34176  8.778201730523720E-004  0.000000000000000E+000
  0.000000000000000E+000
       34368  7.739294860118974E-004  0.000000000000000E+000
  0.000000000000000E+000
       34560  8.063375562484035E-004  0.000000000000000E+000
  0.000000000000000E+000
       34752  9.003066743392379E-004  0.000000000000000E+000
  0.000000000000000E+000
       34944  9.647144595841816E-004  0.000000000000000E+000
  0.000000000000000E+000
       35136  1.073096353926554E-003  0.000000000000000E+000
  0.000000000000000E+000
       35328  1.358195627334288E-003  0.000000000000000E+000
  0.000000000000000E+000
       35520  1.518061217525513E-003  0.000000000000000E+000
  0.000000000000000E+000
       35712  1.356566238411168E-003  0.000000000000000E+000
  0.000000000000000E+000
       35904  1.655427390738808E-003  0.000000000000000E+000
  0.000000000000000E+000
       36096  2.474003921664437E-003  0.000000000000000E+000
  0.000000000000000E+000
       36288  2.653320038198751E-003  0.000000000000000E+000
  0.000000000000000E+000
       36480  2.318548579499811E-003  0.000000000000000E+000
  0.000000000000000E+000
       36672  1.445486319169602E-003  0.000000000000000E+000
  0.000000000000000E+000
       36864  6.585136868917733E-004  0.000000000000000E+000
  0.000000000000000E+000
       37056  5.561368582235967E-004  0.000000000000000E+000
  0.000000000000000E+000
       37248  6.791037523012058E-004  0.000000000000000E+000
  0.000000000000000E+000
       37440  1.197198117628298E-003  0.000000000000000E+000
  0.000000000000000E+000
       37632  2.292776796400125E-003  0.000000000000000E+000
  0.000000000000000E+000
       37824  1.590145670623453E-003  0.000000000000000E+000
  0.000000000000000E+000
       38016  1.389087288812616E-003  0.000000000000000E+000
  0.000000000000000E+000
       38208  1.200622698300543E-003  0.000000000000000E+000
  0.000000000000000E+000
       38400  1.076529993255121E-003  0.000000000000000E+000
  0.000000000000000E+000
       38592  9.681159504963256E-004  0.000000000000000E+000
  0.000000000000000E+000
       38784  7.888655475695997E-004  0.000000000000000E+000
  0.000000000000000E+000
       38976  8.941356794487099E-004  0.000000000000000E+000
  0.000000000000000E+000
       39168  1.637797630410309E-003  0.000000000000000E+000
  0.000000000000000E+000
       39360  2.492951880843338E-003  0.000000000000000E+000
  0.000000000000000E+000
       39552  1.642521982020424E-003  0.000000000000000E+000
  0.000000000000000E+000
       39744  7.306507851243412E-004  0.000000000000000E+000
  0.000000000000000E+000
       39936  5.749489595072629E-004  0.000000000000000E+000
  0.000000000000000E+000
       40128  4.983984602708572E-004  0.000000000000000E+000
  0.000000000000000E+000
       40320  6.550358973467062E-004  0.000000000000000E+000
  0.000000000000000E+000
       40512  7.740489701849775E-004  0.000000000000000E+000
  0.000000000000000E+000
       40704  1.245813920777936E-003  0.000000000000000E+000
  0.000000000000000E+000
       40896  2.373947832846776E-003  0.000000000000000E+000
  0.000000000000000E+000
       41088  2.300127703858890E-003  0.000000000000000E+000
  0.000000000000000E+000
       41280  1.943305149837308E-004  0.000000000000000E+000
  0.000000000000000E+000
       41472  7.774367133836742E-005  0.000000000000000E+000
  0.000000000000000E+000
       41664  7.252751038018990E-005  0.000000000000000E+000
  0.000000000000000E+000
       41856  8.800118896929782E-005  0.000000000000000E+000
  0.000000000000000E+000
       42048  1.382755965020570E-004  0.000000000000000E+000
  0.000000000000000E+000
       42240  2.628084019135995E-004  0.000000000000000E+000
  0.000000000000000E+000
       42432  5.255723637912531E-004  0.000000000000000E+000
  0.000000000000000E+000
       42624  8.606320376017669E-004  0.000000000000000E+000
  0.000000000000000E+000
       42816  1.058750974342325E-003  0.000000000000000E+000
  0.000000000000000E+000
       43008  1.115449516378468E-003  0.000000000000000E+000
  0.000000000000000E+000
