         192 -5.099742303318058E-005
         384 -3.444293456739695E-005
         576 -4.297433668908633E-006
         768  3.379736563130606E-005
         960  4.373161212685327E-005
        1152  2.142857428420161E-005
        1344  7.302543806735150E-006
        1536  9.846134644369249E-006
        1728  4.208628176752665E-005
        1920  9.230490436434673E-005
        2112  1.257886653668054E-004
        2304  1.282540350691604E-004
        2496  1.188987746555550E-004
        2688  1.073293193520477E-004
        2880  9.364542907701069E-005
        3072  8.057439864662976E-005
        3264  6.829535480418971E-005
        3456  5.390692447114000E-005
        3648  3.859216889593295E-005
        3840  2.932406730412268E-005
        4032  3.178859413613318E-005
        4224  3.734240162927435E-005
        4416  4.282148200257468E-005
        4608  4.442116432733509E-005
        4800  3.282412318137880E-005
        4992  2.124660926554514E-005
        5184  1.017807405978708E-005
        5376 -3.894718432650093E-007
        5568 -5.674084529883576E-006
        5760  2.047370703770871E-005
        5952  1.075696165428420E-004
        6144  1.052305072342012E-004
        6336  1.002829634729450E-004
        6528  9.960868129363002E-005
        6720  9.993395356769276E-005
        6912  1.027918925444894E-004
        7104  1.155643593714014E-004
        7296  1.401844460894425E-004
        7488  1.778133953987331E-004
        7680  1.831887562066450E-004
        7872  1.780830410483008E-004
        8064  1.765580274864288E-004
        8256  1.698608607195070E-004
        8448  1.617567825375380E-004
        8640  1.575893585609129E-004
        8832  1.480179621194145E-004
        9024  1.392576258748621E-004
        9216  1.287315862451336E-004
        9408  1.234742960236209E-004
        9600  1.275914112839438E-004
        9792  1.225131822250982E-004
        9984  1.368557124807434E-004
       10176  1.389262835195817E-004
       10368  1.248329470486239E-004
       10560  1.169596103289843E-004
       10752  1.158591328844703E-004
       10944  1.319489419567799E-004
       11136  1.538568192684941E-004
       11328  1.491043719747374E-004
       11520  1.358417239726648E-004
       11712  1.232303211880893E-004
       11904  1.117005693619932E-004
       12096  9.811923137249584E-005
       12288  8.274166187800138E-005
       12480  6.886229575150447E-005
       12672  5.748788217578269E-005
       12864  4.901773988605146E-005
       13056  4.459247350209632E-005
       13248  3.856370729393855E-005
       13440  3.004103647355921E-005
       13632  3.116083765405920E-005
       13824  3.604692788665282E-005
       14016  3.171385716502245E-005
       14208  2.619940520999784E-005
       14400  2.991179707522907E-005
       14592  6.275506784440859E-005
       14784  1.236862417224327E-004
       14976  1.219540145820707E-004
       15168  1.206083625274126E-004
       15360  1.204522711489651E-004
       15552  1.236135342404914E-004
       15744  1.369794025965769E-004
       15936  1.432401185984062E-004
       16128  1.626749795678083E-004
       16320  1.871735717269764E-004
       16512  1.902895148928921E-004
       16704  1.873982586060123E-004
       16896  1.803495394979202E-004
       17088  1.719256749316673E-004
       17280  1.675173771454389E-004
       17472  1.590523865475889E-004
       17664  1.526794239666547E-004
       17856  1.465365171337816E-004
       18048  1.486847611243502E-004
       18240  1.612832144474400E-004
       18432  1.477992273280425E-004
       18624  1.442743743804846E-004
       18816  1.414192433972226E-004
       19008  1.406071260453175E-004
       19200  1.487147152748551E-004
       19392  1.641392330837131E-004
       19584  1.670073144741576E-004
       19776  1.593650719080228E-004
       19968  1.480541976489586E-004
       20160  1.345189977010075E-004
       20352  1.220903747563326E-004
       20544  1.111446114378131E-004
       20736  9.919437226884161E-005
       20928  8.825004231757490E-005
       21120  8.583135730293664E-005
       21312  9.299829607133895E-005
       21504  9.093338304911118E-005
       21696  7.711192884378845E-005
       21888  5.964957912900092E-005
       22080  4.249454409684001E-005
       22272  3.063017901955551E-005
       22464  2.150202362778535E-005
       22656  2.166497641186499E-005
       22848  6.318020443507454E-005
       23040  9.199399591824219E-005
       23232  8.665478627852031E-005
       23424  8.099167037132849E-005
       23616  7.951397562738534E-005
       23808  8.209305482141907E-005
       24000  8.636909610145954E-005
       24192  1.030241551934562E-004
       24384  1.721252569317796E-004
       24576  1.908999568515704E-004
       24768  1.931474468540102E-004
       24960  1.956095329540628E-004
       25152  1.946916930775904E-004
       25344  1.963475262280608E-004
       25536  1.944180324738047E-004
       25728  1.893083284681686E-004
       25920  1.865580152456886E-004
       26112  1.784992653968973E-004
       26304  1.726257251218975E-004
       26496  1.682838095387090E-004
       26688  1.738380542428825E-004
       26880  1.898568822848599E-004
       27072  1.706100483695558E-004
       27264  1.332960100252085E-004
       27456  1.221150659159085E-004
       27648  1.270446021591160E-004
       27840  1.560398542319444E-004
       28032  1.944543195957512E-004
       28224  1.988573877087652E-004
       28416  1.874465797884294E-004
       28608  1.732557759451951E-004
       28800  1.570262098445343E-004
       28992  1.414632875540817E-004
       29184  1.270942031750752E-004
       29376  1.122894807623430E-004
       29568  1.009571820242614E-004
       29760  1.016675179046936E-004
       29952  1.050086412755896E-004
       30144  9.642546589375740E-005
       30336  8.107602992181661E-005
       30528  6.361367864431766E-005
       30720  4.706966982388637E-005
       30912  3.711431679573101E-005
       31104  3.339029447279090E-005
       31296  4.102179984424204E-005
       31488  5.399348714318287E-005
       31680  5.613583086632053E-005
       31872  5.289404234736298E-005
       32064  4.989605751336629E-005
       32256  5.380942199377238E-005
       32448  7.579982545231807E-005
       32640  1.416410087639301E-004
       32832  1.622396179463930E-004
       33024  1.686981313805966E-004
       33216  1.723413725432035E-004
       33408  1.797438181598747E-004
       33600  1.865110523545168E-004
       33792  1.920503473184444E-004
       33984  1.973472514207616E-004
       34176  1.981481868410187E-004
       34368  1.942325435684847E-004
       34560  1.928550067452732E-004
       34752  1.869221256601498E-004
       34944  1.830740727470252E-004
       35136  1.773868887767470E-004
       35328  1.742651192724739E-004
       35520  1.761346817195945E-004
       35712  1.594841400617475E-004
       35904  1.305292186884004E-004
       36096  1.338534013328494E-004
       36288  1.507471393373460E-004
       36480  1.697916843271249E-004
       36672  1.917286743344694E-004
       36864  1.899036673759030E-004
       37056  1.782764038612087E-004
       37248  1.645017063365985E-004
       37440  1.487560397582430E-004
       37632  1.338508806051053E-004
       37824  1.209072088277522E-004
       38016  1.099520933993356E-004
       38208  1.052001858666022E-004
       38400  1.086262980378702E-004
       38592  1.082685604791316E-004
       38784  9.533554068562006E-005
       38976  7.749117704670056E-005
       39168  5.904560117866714E-005
       39360  4.243101383102626E-005
       39552  3.496452357785421E-005
       39744  4.067121456778800E-005
       39936  5.333295504837746E-005
       40128  5.469405972240982E-005
       40320  5.304485049107078E-005
       40512  5.092322506898401E-005
       40704  5.005113286481247E-005
       40896  5.926732286829352E-005
       41088  1.103007502883449E-004
       41280  1.625657574234684E-004
       41472  1.646865273230605E-004
       41664  1.762070973249579E-004
       41856  1.798236430208600E-004
       42048  1.863940059622009E-004
       42240  1.898163558379662E-004
       42432  1.919499776199439E-004
       42624  1.959791021118527E-004
       42816  1.983484680868829E-004
       43008  1.972314199114398E-004
