          192 -2.6768813602202614E-004
          384 -2.4522391342500543E-004
          576 -2.2552107450101686E-004
          768 -2.0528239397161281E-004
          960 -1.7495474424958352E-004
         1152 -1.3828676075915150E-004
         1344 -1.1631817691073717E-004
         1536 -1.1016752784516588E-004
         1728 -1.0862878419806880E-004
         1920 -1.0841369460513641E-004
         2112 -1.0934402306320903E-004
         2304 -1.1079516840629787E-004
         2496 -1.1254556271958467E-004
         2688 -1.1239965681321937E-004
         2880 -1.0781772906531805E-004
         3072 -1.0333044025313790E-004
         3264 -9.9113295349924176E-005
         3456 -9.4368033726341518E-005
         3648 -8.8826729469004888E-005
         3840 -8.2301794710030839E-005
         4032 -7.3325124476543839E-005
         4224 -6.0225553484719184E-005
         4416 -4.4580012516136392E-005
         4608 -3.2130780861649110E-005
         4800 -2.6965139101568212E-005
         4992 -2.6520546864792996E-005
         5184 -2.7155872153101705E-005
         5376 -2.8045504151777593E-005
         5568 -2.9021569481857540E-005
         5760 -2.9944913709014066E-005
         5952 -3.0586719712076511E-005
         6144 -3.1009452492817556E-005
         6336 -3.1378850933108891E-005
         6528 -3.1389404002881056E-005
         6720 -3.0445189160623855E-005
         6912 -2.8378392149835037E-005
         7104 -2.4726728513952760E-005
         7296 -2.0432605841596590E-005
         7488 -1.6498959284766091E-005
         7680 -1.4121634015936232E-005
         7872 -1.6054152945296228E-005
         8064 -1.9286272996357563E-005
         8256 -2.2968954944310145E-005
         8448 -2.6232536892040600E-005
         8640 -2.8137505682410278E-005
         8832 -2.9800276415812886E-005
         9024 -3.1106002117947964E-005
         9216 -3.4216701942015539E-005
         9408 -3.8884859621348153E-005
         9600 -4.3079166125197310E-005
         9792 -4.6920342879571589E-005
         9984 -4.8142642594584613E-005
        10176 -4.8495103855392997E-005
        10368 -4.9053832489254256E-005
        10560 -4.9780692515638023E-005
        10752 -5.0847842936190151E-005
        10944 -5.1635516963964932E-005
        11136 -5.1805393330422902E-005
        11328 -4.9148401798278037E-005
        11520 -4.1379380710826483E-005
        11712 -3.3366949001832195E-005
        11904 -2.6385644804553114E-005
        12096 -2.0495841982318644E-005
        12288 -1.5723945103731890E-005
        12480 -1.2225839958515708E-005
        12672 -9.5371667690691357E-006
        12864 -7.0021923571848376E-006
        13056 -4.6854444015353635E-006
        13248 -2.6947253787266452E-006
        13440 -9.4672739493437287E-007
        13632  1.1420815803555005E-006
        13824  4.9175224744071009E-006
        14016  1.0790789309168684E-005
        14208  1.6190463889787876E-005
        14400  1.7474691642263887E-005
        14592  1.7134040958373106E-005
        14784  1.5907099750390042E-005
        14976  1.3911666522594458E-005
        15168  1.1474002242619214E-005
        15360  9.0978512242934561E-006
        15552  6.9637783179559310E-006
        15744  5.8109368868269658E-006
        15936  5.3857999724222447E-006
        16128  5.5927119406655023E-006
        16320  5.9952166761397000E-006
        16512  4.1758290881340637E-006
        16704  2.9118541577946012E-006
        16896  2.3449340528446024E-006
        17088  2.3221567682140862E-006
        17280  2.8665638148130187E-006
        17472  2.4118761867127799E-006
        17664  9.4925489365152315E-007
        17856 -3.4896276841832091E-006
        18048 -1.0392976756710315E-005
        18240 -1.7343057477536084E-005
        18432 -2.3911686941497292E-005
        18624 -2.7422343046511359E-005
        18816 -2.9226917971653808E-005
        19008 -3.0200940222217471E-005
        19200 -3.0382383796769723E-005
        19392 -3.0325343356925322E-005
        19584 -3.0007642793317416E-005
        19776 -2.9670433895894365E-005
        19968 -2.7612004562647673E-005
        20160 -2.1713837812565242E-005
        20352 -1.6153205010214442E-005
        20544 -1.1153759675195508E-005
        20736 -6.0799089694898491E-006
        20928 -8.8238140536594640E-007
        21120  4.0711706748312538E-006
        21312  8.9493645241649443E-006
        21504  1.3998457562931411E-005
        21696  1.8659665046625821E-005
        21888  2.2479928196712507E-005
        22080  2.5102013995654405E-005
        22272  2.5839115209063041E-005
        22464  2.6103548230781932E-005
        22656  2.6403253549126343E-005
        22848  2.6098499001259817E-005
        23040  2.4290520237517297E-005
        23232  2.2920545842240762E-005
        23424  2.2320643888150314E-005
        23616  2.2450337421140101E-005
        23808  2.3515849953523735E-005
        24000  2.5380893406640874E-005
        24192  2.7094067908244188E-005
        24384  2.8577173166425102E-005
        24576  2.9299354893192225E-005
        24768  2.9166419629357580E-005
        24960  2.7844600101524801E-005
        25152  2.3071127154486318E-005
        25344  1.7810908070378630E-005
        25536  1.2819995494115476E-005
        25728  8.8672743135266716E-006
        25920  6.8450211411687646E-006
        26112  5.7278082447369435E-006
        26304  5.7092888854627162E-006
        26496  4.6904684027259146E-006
        26688  2.3796488655945508E-006
        26880 -1.3204193187313329E-007
        27072 -3.4623578139037543E-006
        27264 -5.4515550461900846E-006
        27456 -7.4353457309767783E-006
        27648 -1.0087993858782897E-005
        27840 -1.3138916511954312E-005
        28032 -1.6636239985880924E-005
        28224 -1.9932501369281779E-005
        28416 -2.2645358937257870E-005
        28608 -2.2520688210585753E-005
        28800 -1.6925490889597574E-005
        28992 -9.8238254345206233E-006
        29184 -2.0925495957849136E-006
        29376  5.6956460619124216E-006
        29568  1.2574510904704609E-005
        29760  1.7695075025182192E-005
        29952  2.1318810825335172E-005
        30144  2.4227930707450213E-005
        30336  2.6645709547270494E-005
        30528  2.8848768283140329E-005
        30720  3.1217515105632257E-005
        30912  3.3449684600030329E-005
        31104  3.7097149868768011E-005
        31296  4.2800142572984624E-005
        31488  4.8102380915231115E-005
        31680  4.8869177795465771E-005
        31872  4.8004131488298185E-005
        32064  4.6149354844707892E-005
        32256  4.3401199905041630E-005
        32448  4.0127610776171234E-005
        32640  3.6876787206387306E-005
        32832  3.3826598687355148E-005
        33024  3.1692187280957677E-005
        33216  3.0204838478656780E-005
        33408  2.9246818645274038E-005
        33600  2.8398280004133396E-005
        33792  2.5299027557251565E-005
        33984  2.2886805558979959E-005
        34176  2.1602487999034788E-005
        34368  2.1463694566341180E-005
        34560  2.2429532577826097E-005
        34752  2.2732268981687914E-005
        34944  2.2077023432463312E-005
        35136  1.8358970758618624E-005
        35328  1.2019073703926249E-005
        35520  5.4244539804507848E-006
        35712 -9.8068971388076905E-007
        35904 -4.5909538300656520E-006
        36096 -6.7229377070233884E-006
        36288 -8.2027768563879279E-006
        36480 -9.0065452428234741E-006
        36672 -9.6391129490025869E-006
        36864 -1.0105953352025210E-005
        37056 -1.0682191717592465E-005
        37248 -9.7024970342639963E-006
        37440 -5.0155383131382087E-006
        37632 -5.7344754780731280E-007
        37824  3.5389411840884315E-006
        38016  8.0706691696863414E-006
        38208  1.3162266708587138E-005
        38400  1.8519467672205351E-005
        38592  2.4371173679771239E-005
        38784  3.0974450432688522E-005
        38976  3.7582799121849741E-005
        39168  4.3265431262037244E-005
        39360  4.7410063026689128E-005
        39552  4.8808076496971597E-005
        39744  4.9154102000414263E-005
        39936  4.9333293645237124E-005
        40128  4.8601191801706819E-005
        40320  4.5894010146686366E-005
        40512  4.3530320861575243E-005
        40704  4.1909733033140794E-005
        40896  4.0950720596973794E-005
        41088  4.0915372576196881E-005
        41280  4.2064247948263791E-005
        41472  4.3628318741365045E-005
        41664  4.5252353165586192E-005
        41856  4.6093162170794176E-005
        42048  4.5924930103103669E-005
        42240  4.4417428453336102E-005
        42432  3.9310454607300278E-005
        42624  3.3642067812971974E-005
        42816  2.8179803495073542E-005
        43008  2.3670234048193788E-005
        43200  2.0988118969510671E-005
        43392  1.9142121274265516E-005
        43584  1.8355055802821961E-005
        43776  1.6686709068154025E-005
        43968  1.4088140077034823E-005
        44160  1.1728034176560103E-005
        44352  8.8708502319940148E-006
        44544  7.4383752299884871E-006
        44736  5.9509050346174560E-006
        44928  3.6755701591466657E-006
        45120  8.8057657528842746E-007
        45312 -2.4584154102430170E-006
        45504 -5.6968313129479767E-006
        45696 -8.4817152777361672E-006
        45888 -8.6577529319686685E-006
        46080 -3.6897453913028736E-006
        46272  2.5983852395871775E-006
        46464  9.5660288017198452E-006
        46656  1.6800374998052970E-005
        46848  2.3381084773728983E-005
        47040  2.8433520783935440E-005
        47232  3.2136216651748129E-005
        47424  3.5297733689769662E-005
        47616  3.8285396323073938E-005
        47808  4.1452464489457844E-005
        48000  4.5266805674908810E-005
        48192  4.8609901209318565E-005
        48384  5.2941415951679127E-005
        48576  5.8643880886124427E-005
        48768  6.3574845538352847E-005
        48960  6.4639448374157575E-005
        49152  6.3803140411289568E-005
        49344  6.1729670680881564E-005
        49536  5.8569481715294662E-005
        49728  5.4778416831895372E-005
        49920  5.1004164880215168E-005
        50112  4.7445912099999218E-005
        50304  4.4835816363281324E-005
        50496  4.2899446431528569E-005
        50688  4.1480749349738696E-005
        50880  4.0105496167076253E-005
        51072  3.6286039588082356E-005
        51264  3.3013368851991055E-005
        51456  3.0842875545703843E-005
        51648  2.9988850110921255E-005
        51840  3.0568593535276350E-005
        52032  3.0875465474202875E-005
        52224  3.0555103001424408E-005
        52416  2.7388136908606081E-005
        52608  2.1669228826106499E-005
        52800  1.5644363954282153E-005
        52992  9.7071159540408234E-006
        53184  6.4080072639751010E-006
        53376  4.4354922917101399E-006
        53568  2.9455161210349112E-006
        53760  1.9063981602217060E-006
        53952  8.0374814911233085E-007
        54144 -2.9354179801107901E-007
        54336 -1.5430794178970507E-006
        54528 -1.2105894207954360E-006
        54720  2.8939976882279779E-006
        54912  6.8990625869342682E-006
        55104  1.0737427485862880E-005
        55296  1.5174132616676035E-005
        55488  2.0398399853702466E-005
        55680  2.6193621896180459E-005
        55872  3.2786648837657777E-005
        56064  4.0368625778831576E-005
        56256  4.7871301723019775E-005
        56448  5.4141769907615623E-005
        56640  5.8762216134496237E-005
        56832  5.9735219665042500E-005
        57024  5.9650925511809118E-005
        57216  5.9566437892259608E-005
        57408  5.8938339803762579E-005
        57600  5.6559276755835898E-005
        57792  5.4527274357877666E-005
        57984  5.3355098857956997E-005
        58176  5.2862306302947947E-005
        58368  5.3101104036748392E-005
        58560  5.4112855790327058E-005
        58752  5.4995748077668317E-005
        58944  5.5644786984255708E-005
        59136  5.5537044520729680E-005
        59328  5.4608172945909502E-005
        59520  5.2528664548995832E-005
        59712  4.6895025824465075E-005
        59904  4.0809234317083628E-005
        60096  3.5030528881905523E-005
        60288  3.0294526261369421E-005
        60480  2.7495454501572771E-005
        60672  2.5707466018879884E-005
        60864  2.5191990957252816E-005
        61056  2.3909605197788735E-005
        61248  2.1529942880402830E-005
        61440  1.9131260556766708E-005
        61632  1.6139688403311270E-005
        61824  1.4587658864390493E-005
        62016  1.3054876437022026E-005
        62208  1.0808979094563133E-005
        62400  8.0964998996307474E-006
        62592  4.8776965761490670E-006
        62784  1.7766433856823909E-006
        62976 -8.7634424439539706E-007
        63168 -9.7177753158948800E-007
        63360  3.9572128193330762E-006
        63552  9.9975071310198317E-006
        63744  1.6416784059999794E-005
        63936  2.2925263947853762E-005
        64128  2.8847508359229166E-005
        64320  3.3491007035111448E-005
        64512  3.7099692219492709E-005
        64704  4.0611490996727774E-005
        64896  4.4379394219211491E-005
        65088  4.8857601417580074E-005
        65280  5.4123517232076170E-005
        65472  5.8111022349487400E-005
        65664  6.3029603116717710E-005
        65856  6.8829253488198085E-005
        66048  7.3504789829629156E-005
        66240  7.4122313824896374E-005
        66432  7.2629450378837738E-005
        66624  6.9962382011425170E-005
        66816  6.6291972593689416E-005
        67008  6.2056071486193379E-005
        67200  5.7937420959323123E-005
        67392  5.4134403083533132E-005
        67584  5.1415496684109736E-005
        67776  4.9536439480573178E-005
        67968  4.8355724310776850E-005
        68160  4.7369077591725037E-005
        68352  4.3814135149519029E-005
        68544  4.0668600562546597E-005
        68736  3.8336056535693831E-005
        68928  3.6962504450652077E-005
        69120  3.6787274876884077E-005
        69312  3.6312100454831994E-005
        69504  3.5347614430355355E-005
        69696  3.1783913432925053E-005
        69888  2.5936377332364482E-005
        70080  2.0016408874167389E-005
        70272  1.4381145926484612E-005
        70464  1.1542843944650230E-005
        70656  1.0163576311376713E-005
        70848  9.2542754617893986E-006
        71040  8.5368739898593979E-006
        71232  7.3673869562934483E-006
        71424  5.8865939818307155E-006
        71616  4.1033035593347238E-006
        71808  3.8864557203164823E-006
        72000  7.5183295607354069E-006
        72192  1.1217789664873883E-005
        72384  1.4956554463198755E-005
        72576  1.9542255462294751E-005
        72768  2.5248494254021689E-005
        72960  3.1844694541885866E-005
        73152  3.9174189803783579E-005
        73344  4.7079063099340417E-005
        73536  5.4309487655198406E-005
        73728  6.0410779985731845E-005
        73920  6.4162500314985310E-005
        74112  6.4413862300314318E-005
        74304  6.4317853066075788E-005
        74496  6.4478987320005634E-005
        74688  6.4428282953789916E-005
        74880  6.2973841531791769E-005
        75072  6.2098303959823810E-005
        75264  6.2302993956353693E-005
        75456  6.3027425097455627E-005
        75648  6.3754292937764405E-005
        75840  6.4193561008102671E-005
        76032  6.3634532842892755E-005
        76224  6.2703117342203214E-005
        76416  6.1363077341315781E-005
        76608  5.9615078961199061E-005
        76800  5.7003057492738485E-005
        76992  5.0900751326377609E-005
        77184  4.4479878182998074E-005
        77376  3.8507494398068833E-005
        77568  3.3740113810395460E-005
        77760  3.1131963772191235E-005
        77952  2.9807283304445595E-005
        78144  2.9908517048358161E-005
        78336  2.9018418852363474E-005
        78528  2.6554779497498762E-005
        78720  2.3805917336212166E-005
        78912  2.0501408767488658E-005
        79104  1.8804661176771287E-005
        79296  1.7305404236599558E-005
        79488  1.5212337676070236E-005
        79680  1.2708480217282934E-005
        79872  9.7123201303317550E-006
        80064  6.8185138322863372E-006
        80256  4.3487713618072761E-006
        80448  4.3991429363562280E-006
        80640  9.3211436953368195E-006
        80832  1.4979310595436628E-005
        81024  2.0560916287440931E-005
        81216  2.6039340104091631E-005
        81408  3.1083567846686902E-005
        81600  3.5219057680094624E-005
        81792  3.8783673864792123E-005
        81984  4.2839029409366883E-005
        82176  4.7729817033182595E-005
        82368  5.4145000767006817E-005
        82560  6.0830303625125502E-005
        82752  6.6402572388763834E-005
        82944  7.2691836455092066E-005
        83136  7.8418601805868235E-005
        83328  8.1464530505898357E-005
        83520  8.0303925072888537E-005
        83712  7.7447418948713929E-005
        83904  7.3905149685375414E-005
        84096  6.9691546968760561E-005
        84288  6.5104947183904652E-005
        84480  6.0793330311019881E-005
        84672  5.6948605665094870E-005
        84864  5.4411675240218935E-005
        85056  5.3041319180442028E-005
        85248  5.2780145875271016E-005
        85440  5.3014697443672542E-005
        85632  5.0396898173084637E-005
        85824  4.7826080694994834E-005
        86016  4.5501883843124818E-005
        86208  4.3548582891359783E-005
        86400  4.2382238471996241E-005
        86592  4.0755219460304366E-005
        86784  3.8689902688964730E-005
        86976  3.4225605475160648E-005
        87168  2.7742776520345969E-005
        87360  2.1477921664069860E-005
        87552  1.5814851147974277E-005
        87744  1.3279053626784875E-005
        87936  1.2457622457639902E-005
        88128  1.2152080218014543E-005
        88320  1.1889764808182603E-005
        88512  1.0981763464027038E-005
        88704  9.6247558945904032E-006
        88896  7.8995931440552971E-006
        89088  7.7218820836397183E-006
        89280  1.1399344791521628E-005
        89472  1.5191694832804177E-005
        89664  1.9083534407551804E-005
        89856  2.3901071754119743E-005
        90048  2.9891199988572654E-005
        90240  3.6555804110691944E-005
        90432  4.3458793300919499E-005
        90624  5.0716436155290880E-005
        90816  5.7503874951942530E-005
        91008  6.3441288606459726E-005
        91200  6.6160890895518006E-005
        91392  6.6420044443810168E-005
        91584  6.6633046343652627E-005
        91776  6.7317409332668637E-005
        91968  6.8051159273647144E-005
        92160  6.7807826058620971E-005
        92352  6.8469603184314058E-005
        92544  7.0259135652608876E-005
        92736  7.1943892578286224E-005
        92928  7.2408116401492912E-005
        93120  7.1535198467381593E-005
        93312  6.9363083979085587E-005
        93504  6.7155401056003745E-005
        93696  6.5006439228436222E-005
        93888  6.2794616582934119E-005
        94080  5.9910578849465987E-005
        94272  5.3524006489825609E-005
        94464  4.6921374656808765E-005
        94656  4.0910000322473628E-005
        94848  3.6290579180442741E-005
        95040  3.4057654581826435E-005
        95232  3.3267003504167664E-005
        95424  3.3796949631155293E-005
        95616  3.2957187100972217E-005
        95808  3.0223044529274431E-005
        96000  2.7111075833055335E-005
        96192  2.3513806092450734E-005
        96384  2.1644954028183833E-005
        96576  2.0090095627476094E-005
        96768  1.8020951785542504E-005
        96960  1.5582497896275588E-005
        97152  1.2674007064436321E-005
        97344  9.8963444355938310E-006
        97536  7.5962898271372236E-006
        97728  7.8149665450337337E-006
        97920  1.2682205033743159E-005
        98112  1.7897024585020009E-005
        98304  2.2750424731117160E-005
        98496  2.7488489394306921E-005
        98688  3.2000885745381939E-005
        98880  3.5933382429313948E-005
        99072  3.9713570985635310E-005
        99264  4.4533266146882604E-005
        99456  5.0975312672670530E-005
        99648  5.9751892780181141E-005
        99840  6.7980867326598667E-005
       100032  7.4938905390328417E-005
       100224  8.0584269818788785E-005
       100416  8.3978473160479264E-005
       100608  8.4612663129549992E-005
       100800  8.2031892969597654E-005
       100992  7.8524835416767227E-005
       101184  7.4774817515388351E-005
       101376  7.0558607330099797E-005
       101568  6.6069035397304588E-005
       101760  6.1975985721326993E-005
       101952  5.8514726906738479E-005
       102144  5.6677542194491256E-005
       102336  5.6478204073254013E-005
       102528  5.7793284407189918E-005
       102720  5.9517839047426162E-005
       102912  5.7385037875203726E-005
       103104  5.4446385133056347E-005
       103296  5.1101594614866572E-005
       103488  4.7793735671243265E-005
       103680  4.5258071591311776E-005
       103872  4.2468056119837111E-005
       104064  3.9535912246105756E-005
       104256  3.4515733370951658E-005
       104448  2.7780296843334948E-005
       104640  2.1582684854211584E-005
       104832  1.6336378172692045E-005
       105024  1.4505765867184175E-005
       105216  1.4450879771897015E-005
       105408  1.4725234485994036E-005
       105600  1.4782402538955614E-005
       105792  1.4012516182557781E-005
       105984  1.2706755685791947E-005
       106176  1.1011502336471409E-005
       106368  1.0869261695968198E-005
       106560  1.4593230067925063E-005
       106752  1.8460164318742230E-005
       106944  2.2461938918093753E-005
       107136  2.7423134508139288E-005
       107328  3.3418915486130274E-005
       107520  3.9653138087747808E-005
       107712  4.5788653252269569E-005
       107904  5.2327404649874164E-005
       108096  5.8862119345257702E-005
       108288  6.4413611440269653E-005
       108480  6.6549699884524009E-005
       108672  6.7164800061822940E-005
       108864  6.7958454839605231E-005
       109056  6.9515007520987916E-005
       109248  7.1446316359141229E-005
       109440  7.2903011846138724E-005
       109632  7.5405593980814486E-005
       109824  7.8502093990902004E-005
       110016  8.0070984522169922E-005
       110208  7.8956917501291909E-005
       110400  7.6182081109663999E-005
       110592  7.2558265411185995E-005
       110784  6.9465955711037314E-005
       110976  6.6854235374926886E-005
       111168  6.4446090595677349E-005
       111360  6.1511717373526740E-005
       111552  5.5043203138650705E-005
       111744  4.8476588310648639E-005
       111936  4.2697940625105131E-005
       112128  3.8564107614903756E-005
       112320  3.7017650894275152E-005
       112512  3.6875069413069180E-005
       112704  3.7659159624579281E-005
       112896  3.6590557986593244E-005
       113088  3.3344822668200101E-005
       113280  2.9652462877716239E-005
       113472  2.5546195015503152E-005
       113664  2.3306962152342970E-005
       113856  2.1543209548801935E-005
       114048  1.9409605967648323E-005
       114240  1.7025390422290919E-005
       114432  1.4287320301990167E-005
       114624  1.1811423935283521E-005
       114816  9.8882765654440920E-006
       115008  1.0331246686905720E-005
       115200  1.5027244642386827E-005
       115392  1.9703644260683052E-005
       115584  2.3886335949140219E-005
       115776  2.8055865939921617E-005
       115968  3.2249648743349198E-005
       116160  3.6198786258590449E-005
       116352  4.0458231215120507E-005
       116544  4.6456145550642533E-005
       116736  5.5437034866469126E-005
       116928  6.7295431071814703E-005
       117120  7.5982835601197643E-005
       117312  8.1092240238930490E-005
       117504  8.3666915228906952E-005
       117696  8.4566954381698416E-005
       117888  8.3772418468241365E-005
       118080  8.0723897620660085E-005
       118272  7.7280266826681727E-005
       118464  7.3878116584146444E-005
       118656  7.0168469134323833E-005
       118848  6.6303254418269403E-005
       119040  6.3036655122745587E-005
       119232  6.0688610596696413E-005
       119424  6.0426143490846633E-005
       119616  6.2153263586564779E-005
       119808  6.5030154973067547E-005
       120000  6.7016219351030093E-005
       120192  6.3581685966474134E-005
       120384  5.8729105995697021E-005
       120576  5.3475218409561784E-005
       120768  4.8593302104879125E-005
       120960  4.4930980649918622E-005
       121152  4.1444572754814278E-005
       121344  3.8196315706317905E-005
       121536  3.3216835780310501E-005
       121728  2.6912948600121727E-005
       121920  2.1577629839466460E-005
       122112  1.7499023210976309E-005
       122304  1.6765033479611901E-005
       122496  1.7376179643461959E-005
       122688  1.7840794626795362E-005
       122880  1.7794170161333970E-005
       123072  1.6813260650087393E-005
       123264  1.5303257532934213E-005
       123456  1.3463188433357759E-005
       123648  1.3243208461791872E-005
       123840  1.6950207762116371E-005
       124032  2.0888925981498172E-005
       124224  2.5082995490072921E-005
       124416  3.0210812802895871E-005
       124608  3.5966126960155436E-005
       124800  4.1424036936669904E-005
       124992  4.6620893287955681E-005
       125184  5.2395379268644813E-005
       125376  5.8680172026874476E-005
       125568  6.3693868206713108E-005
       125760  6.5923162665453019E-005
       125952  6.7299538737920303E-005
       126144  6.9306087537076576E-005
       126336  7.2611692518642501E-005
       126528  7.6811000383437213E-005
       126720  8.0610449796714905E-005
       126912  8.4313935145120063E-005
       127104  8.6311774398473970E-005
       127296  8.5214463215488550E-005
       127488  8.1619216971476111E-005
       127680  7.7223263647489815E-005
       127872  7.2695832595849450E-005
       128064  6.9156320367177516E-005
       128256  6.6414525002423782E-005
       128448  6.4131438394274292E-005
       128640  6.1531616758105285E-005
       128832  5.5438991538435451E-005
       129024  4.9509058932181024E-005
       129216  4.4749499056432370E-005
       129408  4.1949710089767071E-005
       129600  4.1694012059764101E-005
       129792  4.2246367365876911E-005
       129984  4.2858872741615259E-005
       130176  4.0938395142789772E-005
       130368  3.6464976090218819E-005
       130560  3.1433415156139577E-005
       130752  2.6112487091470938E-005
       130944  2.2953687867921845E-005
       131136  2.0649252530053334E-005
       131328  1.8367267264805141E-005
       131520  1.6225034756850807E-005
       131712  1.4104624259769483E-005
       131904  1.2488392785587392E-005
       132096  1.1352873695058666E-005
       132288  1.2195082399644743E-005
       132480  1.6830351657223628E-005
       132672  2.1170125167180005E-005
       132864  2.4962136542525695E-005
       133056  2.8855142522518131E-005
       133248  3.2994139726184327E-005
       133440  3.7211529425206928E-005
       133632  4.2313106055873461E-005
       133824  5.0261597279165293E-005
       134016  6.2482964246194611E-005
       134208  7.3891690792256663E-005
       134400  7.9039756945529992E-005
       134592  8.0878296226187982E-005
       134784  8.1401598221767264E-005
       134976  8.1360828025090449E-005
       135168  8.0386771364561972E-005
       135360  7.7675041190062067E-005
       135552  7.4945794850223680E-005
       135744  7.2596530777835333E-005
       135936  7.0244250356111832E-005
       136128  6.7980391414970107E-005
       136320  6.6596592158218860E-005
       136512  6.6229856967009812E-005
       136704  6.7727872765987191E-005
       136896  7.0125174555117875E-005
       137088  7.1896430870813262E-005
       137280  7.1610756993111059E-005
       137472  6.5893561881420773E-005
       137664  5.9259367735265839E-005
       137856  5.2764571208013593E-005
       138048  4.7106936628374793E-005
       138240  4.3065833793253999E-005
       138432  3.9571489185805888E-005
       138624  3.6724556709706806E-005
       138816  3.2626825303602974E-005
       139008  2.7651888868027478E-005
       139200  2.3737038524409116E-005
       139392  2.0619662563396309E-005
       139584  2.0124037257748752E-005
       139776  2.0435094382981645E-005
       139968  2.0382822210362266E-005
       140160  1.9839241747302882E-005
       140352  1.8503237808919620E-005
       140544  1.6810359228286345E-005
       140736  1.4938203489124575E-005
       140928  1.4811101698228734E-005
       141120  1.8750427033281022E-005
       141312  2.3087891495097041E-005
       141504  2.7640486681352685E-005
       141696  3.2652825826849326E-005
       141888  3.7675299620430376E-005
       142080  4.2114036066595887E-005
       142272  4.6431736116284406E-005
       142464  5.1620211395230833E-005
       142656  5.7792570720312879E-005
       142848  6.2560244742690209E-005
       143040  6.5607344850206995E-005
       143232  6.8479502011156175E-005
       143424  7.2738574671824362E-005
       143616  7.8810616983124285E-005
       143808  8.5089523068899132E-005
       144000  8.8698796532175162E-005
       144192  8.9756206099528231E-005
       144384  8.8513129003981730E-005
       144576  8.5165053829092309E-005
       144768  8.0457334921721181E-005
       144960  7.5597504315648502E-005
       145152  7.0945137293095017E-005
       145344  6.7522903097564323E-005
       145536  6.5158588839990184E-005
       145728  6.3573132126680022E-005
       145920  6.2031759554488088E-005
       146112  5.7056374450116080E-005
       146304  5.2538628095617330E-005
       146496  4.9367502101359923E-005
       146688  4.7829568527714502E-005
       146880  4.7904713321006179E-005
       147072  4.7729369162565598E-005
       147264  4.6872711491539087E-005
       147456  4.3176928798706865E-005
       147648  3.6978883668774653E-005
       147840  3.0522496320626582E-005
       148032  2.4212951457138772E-005
       148224  2.0552257137126454E-005
       148416  1.8245696408584692E-005
       148608  1.6472667234305849E-005
       148800  1.5294659320266995E-005
       148992  1.4345392235559208E-005
       149184  1.3721986395812376E-005
       149376  1.3135721010117295E-005
       149568  1.4094440174063264E-005
       149760  1.8586798227771070E-005
       149952  2.2721942631476311E-005
       150144  2.6383838311440507E-005
       150336  3.0302781170969360E-005
       150528  3.4683026668212580E-005
       150720  3.9491133418984131E-005
       150912  4.5870241385816174E-005
       151104  5.5403824988196394E-005
       151296  6.7078663611273826E-005
       151488  7.4155423505207842E-005
       151680  7.6602510832299078E-005
       151872  7.7130508408514942E-005
       152064  7.7218067455760289E-005
       152256  7.7307428269788458E-005
       152448  7.6880132490360462E-005
       152640  7.5146522389086675E-005
       152832  7.3934784071083396E-005
       153024  7.3731016113472809E-005
       153216  7.4012626046281421E-005
       153408  7.4336723869482423E-005
       153600  7.4969340970181146E-005
       153792  7.5223131674990974E-005
       153984  7.5578296339937710E-005
       154176  7.5586979187815891E-005
       154368  7.4837776334407298E-005
       154560  7.2647243101228002E-005
       154752  6.5751063214574432E-005
       154944  5.8377052932526784E-005
       155136  5.1443399709108817E-005
       155328  4.5615935073938699E-005
       155520  4.1715873160069255E-005
       155712  3.8766680922194336E-005
       155904  3.6931016927920988E-005
       156096  3.4128179587597732E-005
       156288  3.0246269119940208E-005
       156480  2.6834939853458169E-005
       156672  2.3689607247899191E-005
       156864  2.2901930780479597E-005
       157056  2.2878658466695086E-005
       157248  2.2548238471246447E-005
       157440  2.1786992988402737E-005
       157632  2.0255880435037303E-005
       157824  1.8356365069832906E-005
       158016  1.6285944165877118E-005
       158208  1.6050174846490609E-005
       158400  2.0005118438843333E-005
       158592  2.4303923550944909E-005
       158784  2.8479828759307925E-005
       158976  3.2768465429564710E-005
       159168  3.6998153518704111E-005
       159360  4.0850822883259536E-005
       159552  4.4956286987696263E-005
       159744  5.0312576840097317E-005
       159936  5.7190363989839246E-005
       160128  6.2781432989673800E-005
       160320  6.7821448746236744E-005
       160512  7.3392829270772038E-005
       160704  8.0371913445341671E-005
       160896  8.7314671483819934E-005
       161088  9.1476211982252555E-005
       161280  9.1460123771936610E-005
       161472  8.9535754843722294E-005
       161664  8.6583074979164974E-005
       161856  8.2552930396459127E-005
       162048  7.7752850211797704E-005
       162240  7.3070917136003281E-005
       162432  6.8765368549509511E-005
       162624  6.5927130486032984E-005
       162816  6.4532162568486570E-005
       163008  6.4458164267637577E-005
       163200  6.4887798780126980E-005
       163392  6.1407343036663816E-005
       163584  5.8024772912954991E-005
       163776  5.5276272168001384E-005
       163968  5.3126174632746129E-005
       164160  5.1745828611742284E-005
       164352  4.9774426729504361E-005
       164544  4.7228070300633027E-005
       164736  4.2207135166140763E-005
       164928  3.5120082472002693E-005
       165120  2.8199411420857922E-005
       165312  2.1828573324884958E-005
       165504  1.8522488599506974E-005
       165696  1.6970192248867042E-005
       165888  1.6208808091813203E-005
       166080  1.6006120694358715E-005
       166272  1.5718203483173830E-005
       166464  1.5379568550915382E-005
       166656  1.4837458690717120E-005
       166848  1.5762478900246827E-005
       167040  2.0248430198544553E-005
       167232  2.4464098272966023E-005
       167424  2.8309191363583386E-005
       167616  3.2525694129747642E-005
       167808  3.7354130281909022E-005
       168000  4.2725081531026913E-005
       168192  4.9313592270437237E-005
       168384  5.7567584411163383E-005
       168576  6.6379196045227953E-005
       168768  7.0700309237259237E-005
       168960  7.2500712181211967E-005
       169152  7.3096534527491449E-005
       169344  7.3684271835061603E-005
       169536  7.4701226549337194E-005
       169728  7.5706585839907506E-005
       169920  7.6079735587559086E-005
       170112  7.7827703178649354E-005
       170304  8.1102925971059022E-005
       170496  8.4106423434383338E-005
       170688  8.4846076532444384E-005
       170880  8.3465647414738330E-005
       171072  8.0523493500899340E-005
       171264  7.7899022085363886E-005
       171456  7.5779411746202042E-005
       171648  7.3749920984529107E-005
       171840  7.0884519106097511E-005
       172032  6.3713053145800943E-005
       172224  5.6299031340670345E-005
       172416  4.9565981607964587E-005
       172608  4.4282044540714277E-005
       172800  4.1402343715470210E-005
