          192  3.1276550976193384E-004  0.0000000000000000E+000
   0.0000000000000000E+000
          384  8.0075012416609161E-004  0.0000000000000000E+000
   0.0000000000000000E+000
          576  1.8831182662411652E-003  0.0000000000000000E+000
   0.0000000000000000E+000
          768  2.8146281133641423E-003  0.0000000000000000E+000
   0.0000000000000000E+000
          960  1.8614931770472311E-003  0.0000000000000000E+000
   0.0000000000000000E+000
         1152  6.9617858833930424E-004  0.0000000000000000E+000
   0.0000000000000000E+000
         1344  4.4259126921540842E-004  0.0000000000000000E+000
   0.0000000000000000E+000
         1536  3.9769380694344117E-004  0.0000000000000000E+000
   0.0000000000000000E+000
         1728  3.9788943490009902E-004  0.0000000000000000E+000
   0.0000000000000000E+000
         1920  3.3979948519001561E-004  0.0000000000000000E+000
   0.0000000000000000E+000
         2112  2.8038924825970346E-004  0.0000000000000000E+000
   0.0000000000000000E+000
         2304  2.3445155746432868E-004  0.0000000000000000E+000
   0.0000000000000000E+000
         2496  2.0024703027755951E-004  0.0000000000000000E+000
   0.0000000000000000E+000
         2688  1.9550945569712314E-004  0.0000000000000000E+000
   0.0000000000000000E+000
         2880  2.3242285453348676E-004  0.0000000000000000E+000
   0.0000000000000000E+000
         3072  3.3185804755238215E-004  0.0000000000000000E+000
   0.0000000000000000E+000
         3264  5.1958361106579150E-004  0.0000000000000000E+000
   0.0000000000000000E+000
         3456  7.8464402430087764E-004  0.0000000000000000E+000
   0.0000000000000000E+000
         3648  1.0038084588266868E-003  0.0000000000000000E+000
   0.0000000000000000E+000
         3840  9.7753494917407501E-004  0.0000000000000000E+000
   0.0000000000000000E+000
         4032  8.1178629370088902E-004  0.0000000000000000E+000
   0.0000000000000000E+000
         4224  6.9502224333901430E-004  0.0000000000000000E+000
   0.0000000000000000E+000
         4416  5.1326246069152487E-004  0.0000000000000000E+000
   0.0000000000000000E+000
         4608  3.8560530927891559E-004  0.0000000000000000E+000
   0.0000000000000000E+000
         4800  2.9478838952049489E-004  0.0000000000000000E+000
   0.0000000000000000E+000
         4992  2.6500921772780017E-004  0.0000000000000000E+000
   0.0000000000000000E+000
         5184  2.8885379689457522E-004  0.0000000000000000E+000
   0.0000000000000000E+000
         5376  3.5482292662050003E-004  0.0000000000000000E+000
   0.0000000000000000E+000
         5568  4.6056883217045219E-004  0.0000000000000000E+000
   0.0000000000000000E+000
         5760  6.0294672353997450E-004  0.0000000000000000E+000
   0.0000000000000000E+000
         5952  7.2633226073179802E-004  0.0000000000000000E+000
   0.0000000000000000E+000
         6144  7.5566858774877839E-004  0.0000000000000000E+000
   0.0000000000000000E+000
         6336  6.6693380704056326E-004  0.0000000000000000E+000
   0.0000000000000000E+000
         6528  5.8919108396471818E-004  0.0000000000000000E+000
   0.0000000000000000E+000
         6720  4.6846510773008445E-004  0.0000000000000000E+000
   0.0000000000000000E+000
         6912  3.9411241930740836E-004  0.0000000000000000E+000
   0.0000000000000000E+000
         7104  3.6784603847806997E-004  0.0000000000000000E+000
   0.0000000000000000E+000
         7296  3.4806995271306637E-004  0.0000000000000000E+000
   0.0000000000000000E+000
         7488  3.3770249793348801E-004  0.0000000000000000E+000
   0.0000000000000000E+000
         7680  3.4657627301978665E-004  0.0000000000000000E+000
   0.0000000000000000E+000
         7872  3.8184089533730212E-004  0.0000000000000000E+000
   0.0000000000000000E+000
         8064  4.4737861314385975E-004  0.0000000000000000E+000
   0.0000000000000000E+000
         8256  5.4526975019199351E-004  0.0000000000000000E+000
   0.0000000000000000E+000
         8448  6.8664781639821181E-004  0.0000000000000000E+000
   0.0000000000000000E+000
         8640  8.5719353224424034E-004  0.0000000000000000E+000
   0.0000000000000000E+000
         8832  8.5095705838317986E-004  0.0000000000000000E+000
   0.0000000000000000E+000
         9024  6.2946205673071074E-004  0.0000000000000000E+000
   0.0000000000000000E+000
         9216  4.3669455282394960E-004  0.0000000000000000E+000
   0.0000000000000000E+000
         9408  3.4519151993058254E-004  0.0000000000000000E+000
   0.0000000000000000E+000
         9600  3.0050502721343952E-004  0.0000000000000000E+000
   0.0000000000000000E+000
         9792  2.8363647279765875E-004  0.0000000000000000E+000
   0.0000000000000000E+000
         9984  2.9354246275630874E-004  0.0000000000000000E+000
   0.0000000000000000E+000
        10176  3.3205384945008212E-004  0.0000000000000000E+000
   0.0000000000000000E+000
        10368  4.0308744077784798E-004  0.0000000000000000E+000
   0.0000000000000000E+000
        10560  5.0945055461108367E-004  0.0000000000000000E+000
   0.0000000000000000E+000
        10752  6.4982658511926093E-004  0.0000000000000000E+000
   0.0000000000000000E+000
        10944  8.4614193146396533E-004  0.0000000000000000E+000
   0.0000000000000000E+000
        11136  1.0472099163111391E-003  0.0000000000000000E+000
   0.0000000000000000E+000
        11328  9.6400764603280713E-004  0.0000000000000000E+000
   0.0000000000000000E+000
        11520  6.3527107166533119E-004  0.0000000000000000E+000
   0.0000000000000000E+000
        11712  4.0740881381333850E-004  0.0000000000000000E+000
   0.0000000000000000E+000
        11904  2.9665243789171904E-004  0.0000000000000000E+000
   0.0000000000000000E+000
        12096  2.4543906970874693E-004  0.0000000000000000E+000
   0.0000000000000000E+000
        12288  2.2777413308144328E-004  0.0000000000000000E+000
   0.0000000000000000E+000
        12480  2.3573130563216461E-004  0.0000000000000000E+000
   0.0000000000000000E+000
        12672  2.7028556345675526E-004  0.0000000000000000E+000
   0.0000000000000000E+000
        12864  3.3949202141013147E-004  0.0000000000000000E+000
   0.0000000000000000E+000
        13056  4.5440744511564171E-004  0.0000000000000000E+000
   0.0000000000000000E+000
        13248  6.1722207791258964E-004  0.0000000000000000E+000
   0.0000000000000000E+000
        13440  8.2542243174496955E-004  0.0000000000000000E+000
   0.0000000000000000E+000
        13632  9.6051285472943757E-004  0.0000000000000000E+000
   0.0000000000000000E+000
        13824  7.5973780102212972E-004  0.0000000000000000E+000
   0.0000000000000000E+000
        14016  5.2539469819673458E-004  0.0000000000000000E+000
   0.0000000000000000E+000
        14208  3.8960801372159775E-004  0.0000000000000000E+000
   0.0000000000000000E+000
        14400  3.1118128152956220E-004  0.0000000000000000E+000
   0.0000000000000000E+000
        14592  2.8455566491824479E-004  0.0000000000000000E+000
   0.0000000000000000E+000
        14784  2.9594604034132929E-004  0.0000000000000000E+000
   0.0000000000000000E+000
        14976  3.3713029923077752E-004  0.0000000000000000E+000
   0.0000000000000000E+000
        15168  4.0431040731948295E-004  0.0000000000000000E+000
   0.0000000000000000E+000
        15360  4.9549306642253594E-004  0.0000000000000000E+000
   0.0000000000000000E+000
        15552  6.0930203098105717E-004  0.0000000000000000E+000
   0.0000000000000000E+000
        15744  7.3439828905801487E-004  0.0000000000000000E+000
   0.0000000000000000E+000
        15936  8.2254147637167191E-004  0.0000000000000000E+000
   0.0000000000000000E+000
        16128  8.0285749006146550E-004  0.0000000000000000E+000
   0.0000000000000000E+000
        16320  6.8916895192610629E-004  0.0000000000000000E+000
   0.0000000000000000E+000
        16512  5.3410552874769385E-004  0.0000000000000000E+000
   0.0000000000000000E+000
        16704  4.2225153434385628E-004  0.0000000000000000E+000
   0.0000000000000000E+000
        16896  3.4187288152527786E-004  0.0000000000000000E+000
   0.0000000000000000E+000
        17088  2.8282244549015140E-004  0.0000000000000000E+000
   0.0000000000000000E+000
        17280  2.5774737427012348E-004  0.0000000000000000E+000
   0.0000000000000000E+000
        17472  2.6716103917750746E-004  0.0000000000000000E+000
   0.0000000000000000E+000
        17664  3.1482360786932697E-004  0.0000000000000000E+000
   0.0000000000000000E+000
        17856  4.0875128350454141E-004  0.0000000000000000E+000
   0.0000000000000000E+000
        18048  5.5079555762560734E-004  0.0000000000000000E+000
   0.0000000000000000E+000
        18240  7.2633004035877347E-004  0.0000000000000000E+000
   0.0000000000000000E+000
        18432  8.6221532356719913E-004  0.0000000000000000E+000
   0.0000000000000000E+000
        18624  7.8748373591459202E-004  0.0000000000000000E+000
   0.0000000000000000E+000
        18816  6.0525999406202901E-004  0.0000000000000000E+000
   0.0000000000000000E+000
        19008  4.6821450081476450E-004  0.0000000000000000E+000
   0.0000000000000000E+000
        19200  4.0790036042217826E-004  0.0000000000000000E+000
   0.0000000000000000E+000
        19392  3.7531098688828123E-004  0.0000000000000000E+000
   0.0000000000000000E+000
        19584  3.6477860235784184E-004  0.0000000000000000E+000
   0.0000000000000000E+000
        19776  3.7981849485297720E-004  0.0000000000000000E+000
   0.0000000000000000E+000
        19968  4.1729179002004052E-004  0.0000000000000000E+000
   0.0000000000000000E+000
        20160  4.7251519982089416E-004  0.0000000000000000E+000
   0.0000000000000000E+000
        20352  5.4228738054807137E-004  0.0000000000000000E+000
   0.0000000000000000E+000
        20544  6.3112039266685475E-004  0.0000000000000000E+000
   0.0000000000000000E+000
        20736  7.7015497587578556E-004  0.0000000000000000E+000
   0.0000000000000000E+000
        20928  9.3956280511520401E-004  0.0000000000000000E+000
   0.0000000000000000E+000
        21120  9.0809398487050243E-004  0.0000000000000000E+000
   0.0000000000000000E+000
        21312  6.1316738577086563E-004  0.0000000000000000E+000
   0.0000000000000000E+000
        21504  3.8654969798057674E-004  0.0000000000000000E+000
   0.0000000000000000E+000
        21696  2.7845942433988517E-004  0.0000000000000000E+000
   0.0000000000000000E+000
        21888  2.3042785058157811E-004  0.0000000000000000E+000
   0.0000000000000000E+000
        22080  2.1477083756847029E-004  0.0000000000000000E+000
   0.0000000000000000E+000
        22272  2.2295633626690913E-004  0.0000000000000000E+000
   0.0000000000000000E+000
        22464  2.5511300058109687E-004  0.0000000000000000E+000
   0.0000000000000000E+000
        22656  3.1846579805942630E-004  0.0000000000000000E+000
   0.0000000000000000E+000
        22848  4.2630992749602799E-004  0.0000000000000000E+000
   0.0000000000000000E+000
        23040  5.8940544376006058E-004  0.0000000000000000E+000
   0.0000000000000000E+000
        23232  8.1915154606151377E-004  0.0000000000000000E+000
   0.0000000000000000E+000
        23424  1.0364202276370463E-003  0.0000000000000000E+000
   0.0000000000000000E+000
        23616  9.0750081295555346E-004  0.0000000000000000E+000
   0.0000000000000000E+000
        23808  6.2272842226008098E-004  0.0000000000000000E+000
   0.0000000000000000E+000
        24000  4.3644133233315343E-004  0.0000000000000000E+000
   0.0000000000000000E+000
        24192  3.3288304739693606E-004  0.0000000000000000E+000
   0.0000000000000000E+000
        24384  2.9053068719632816E-004  0.0000000000000000E+000
   0.0000000000000000E+000
        24576  2.8450907198326192E-004  0.0000000000000000E+000
   0.0000000000000000E+000
        24768  3.0456474759676862E-004  0.0000000000000000E+000
   0.0000000000000000E+000
        24960  3.4910374424675723E-004  0.0000000000000000E+000
   0.0000000000000000E+000
        25152  4.1931053170763489E-004  0.0000000000000000E+000
   0.0000000000000000E+000
        25344  5.1499517064525603E-004  0.0000000000000000E+000
   0.0000000000000000E+000
        25536  6.3400576616597266E-004  0.0000000000000000E+000
   0.0000000000000000E+000
        25728  7.7547673580815072E-004  0.0000000000000000E+000
   0.0000000000000000E+000
        25920  8.7626833370257819E-004  0.0000000000000000E+000
   0.0000000000000000E+000
        26112  8.3251837496708784E-004  0.0000000000000000E+000
   0.0000000000000000E+000
        26304  6.4043991393469694E-004  0.0000000000000000E+000
   0.0000000000000000E+000
        26496  4.6481171593894629E-004  0.0000000000000000E+000
   0.0000000000000000E+000
        26688  3.3573257378102030E-004  0.0000000000000000E+000
   0.0000000000000000E+000
        26880  2.6193991450683375E-004  0.0000000000000000E+000
   0.0000000000000000E+000
        27072  2.4338096718679869E-004  0.0000000000000000E+000
   0.0000000000000000E+000
        27264  2.6105065775332617E-004  0.0000000000000000E+000
   0.0000000000000000E+000
        27456  3.1495874482477749E-004  0.0000000000000000E+000
   0.0000000000000000E+000
        27648  4.1226657671495785E-004  0.0000000000000000E+000
   0.0000000000000000E+000
        27840  5.5534671438637402E-004  0.0000000000000000E+000
   0.0000000000000000E+000
        28032  7.3342176076827785E-004  0.0000000000000000E+000
   0.0000000000000000E+000
        28224  9.0269717351294169E-004  0.0000000000000000E+000
   0.0000000000000000E+000
        28416  9.2853323094549899E-004  0.0000000000000000E+000
   0.0000000000000000E+000
        28608  7.9816803722730504E-004  0.0000000000000000E+000
   0.0000000000000000E+000
        28800  6.0030968198696813E-004  0.0000000000000000E+000
   0.0000000000000000E+000
        28992  4.6216674317615752E-004  0.0000000000000000E+000
   0.0000000000000000E+000
        29184  3.4579253336837143E-004  0.0000000000000000E+000
   0.0000000000000000E+000
        29376  2.8186356002604510E-004  0.0000000000000000E+000
   0.0000000000000000E+000
        29568  2.5964938694106191E-004  0.0000000000000000E+000
   0.0000000000000000E+000
        29760  2.6519857891151976E-004  0.0000000000000000E+000
   0.0000000000000000E+000
        29952  3.0133200359550412E-004  0.0000000000000000E+000
   0.0000000000000000E+000
        30144  3.7811435428187530E-004  0.0000000000000000E+000
   0.0000000000000000E+000
        30336  5.0304391862715265E-004  0.0000000000000000E+000
   0.0000000000000000E+000
        30528  6.7265262546481843E-004  0.0000000000000000E+000
   0.0000000000000000E+000
        30720  8.9472574913705900E-004  0.0000000000000000E+000
   0.0000000000000000E+000
        30912  1.0212117419070501E-003  0.0000000000000000E+000
   0.0000000000000000E+000
        31104  7.9513666952281392E-004  0.0000000000000000E+000
   0.0000000000000000E+000
        31296  5.0889033815328967E-004  0.0000000000000000E+000
   0.0000000000000000E+000
        31488  4.0204895209542475E-004  0.0000000000000000E+000
   0.0000000000000000E+000
        31680  3.4334598647124795E-004  0.0000000000000000E+000
   0.0000000000000000E+000
        31872  2.9354076426688959E-004  0.0000000000000000E+000
   0.0000000000000000E+000
        32064  2.7261590466452084E-004  0.0000000000000000E+000
   0.0000000000000000E+000
        32256  2.8719846345324378E-004  0.0000000000000000E+000
   0.0000000000000000E+000
        32448  3.3614437706290133E-004  0.0000000000000000E+000
   0.0000000000000000E+000
        32640  4.1744349487481835E-004  0.0000000000000000E+000
   0.0000000000000000E+000
        32832  5.2688522889355216E-004  0.0000000000000000E+000
   0.0000000000000000E+000
        33024  6.6062544557106569E-004  0.0000000000000000E+000
   0.0000000000000000E+000
        33216  8.2237125818629745E-004  0.0000000000000000E+000
   0.0000000000000000E+000
        33408  8.8451356875994926E-004  0.0000000000000000E+000
   0.0000000000000000E+000
        33600  7.4206700100476442E-004  0.0000000000000000E+000
   0.0000000000000000E+000
        33792  5.4038372711674579E-004  0.0000000000000000E+000
   0.0000000000000000E+000
        33984  4.3360307311566697E-004  0.0000000000000000E+000
   0.0000000000000000E+000
        34176  3.7508168130618306E-004  0.0000000000000000E+000
   0.0000000000000000E+000
        34368  3.2606712620790028E-004  0.0000000000000000E+000
   0.0000000000000000E+000
        34560  3.0093503599510214E-004  0.0000000000000000E+000
   0.0000000000000000E+000
        34752  3.0402946973923740E-004  0.0000000000000000E+000
   0.0000000000000000E+000
        34944  3.3714603992165650E-004  0.0000000000000000E+000
   0.0000000000000000E+000
        35136  4.0678606884072079E-004  0.0000000000000000E+000
   0.0000000000000000E+000
        35328  5.1778946494908157E-004  0.0000000000000000E+000
   0.0000000000000000E+000
        35520  6.6763741974963588E-004  0.0000000000000000E+000
   0.0000000000000000E+000
        35712  8.5822790169568495E-004  0.0000000000000000E+000
   0.0000000000000000E+000
        35904  9.3556737614929498E-004  0.0000000000000000E+000
   0.0000000000000000E+000
        36096  7.5051689476007767E-004  0.0000000000000000E+000
   0.0000000000000000E+000
        36288  5.1698429007253268E-004  0.0000000000000000E+000
   0.0000000000000000E+000
        36480  3.9417748804480146E-004  0.0000000000000000E+000
   0.0000000000000000E+000
        36672  3.3323612344355420E-004  0.0000000000000000E+000
   0.0000000000000000E+000
        36864  3.0099012739042536E-004  0.0000000000000000E+000
   0.0000000000000000E+000
        37056  2.9989866618690278E-004  0.0000000000000000E+000
   0.0000000000000000E+000
        37248  3.2851457254651272E-004  0.0000000000000000E+000
   0.0000000000000000E+000
        37440  3.8836180698432668E-004  0.0000000000000000E+000
   0.0000000000000000E+000
        37632  4.8207275397771501E-004  0.0000000000000000E+000
   0.0000000000000000E+000
        37824  6.0715520896372605E-004  0.0000000000000000E+000
   0.0000000000000000E+000
        38016  7.6766399320540672E-004  0.0000000000000000E+000
   0.0000000000000000E+000
        38208  9.8225035460285451E-004  0.0000000000000000E+000
   0.0000000000000000E+000
        38400  1.0187940273881640E-003  0.0000000000000000E+000
   0.0000000000000000E+000
        38592  7.1524636208000368E-004  0.0000000000000000E+000
   0.0000000000000000E+000
        38784  4.3037980380593337E-004  0.0000000000000000E+000
   0.0000000000000000E+000
        38976  2.9325199891099994E-004  0.0000000000000000E+000
   0.0000000000000000E+000
        39168  2.3340006825480527E-004  0.0000000000000000E+000
   0.0000000000000000E+000
        39360  2.1402604601642513E-004  0.0000000000000000E+000
   0.0000000000000000E+000
        39552  2.2440116776097056E-004  0.0000000000000000E+000
   0.0000000000000000E+000
        39744  2.6087813463012750E-004  0.0000000000000000E+000
   0.0000000000000000E+000
        39936  3.2694417302166570E-004  0.0000000000000000E+000
   0.0000000000000000E+000
        40128  4.3107346958972715E-004  0.0000000000000000E+000
   0.0000000000000000E+000
        40320  5.7967872533955787E-004  0.0000000000000000E+000
   0.0000000000000000E+000
        40512  7.7414118545173502E-004  0.0000000000000000E+000
   0.0000000000000000E+000
        40704  9.7101619761141985E-004  0.0000000000000000E+000
   0.0000000000000000E+000
        40896  9.1243064541016074E-004  0.0000000000000000E+000
   0.0000000000000000E+000
        41088  6.7068500103577950E-004  0.0000000000000000E+000
   0.0000000000000000E+000
        41280  5.0131453014793412E-004  0.0000000000000000E+000
   0.0000000000000000E+000
        41472  3.7167849521057401E-004  0.0000000000000000E+000
   0.0000000000000000E+000
        41664  2.9958230055927908E-004  0.0000000000000000E+000
   0.0000000000000000E+000
        41856  2.7708923444091032E-004  0.0000000000000000E+000
   0.0000000000000000E+000
        42048  2.8856959919307978E-004  0.0000000000000000E+000
   0.0000000000000000E+000
        42240  3.2932214513176549E-004  0.0000000000000000E+000
   0.0000000000000000E+000
        42432  4.0070879268888079E-004  0.0000000000000000E+000
   0.0000000000000000E+000
        42624  5.0486763046604188E-004  0.0000000000000000E+000
   0.0000000000000000E+000
        42816  6.4126972784352284E-004  0.0000000000000000E+000
   0.0000000000000000E+000
        43008  7.9139156307593908E-004  0.0000000000000000E+000
   0.0000000000000000E+000
        43200  8.8220269338370268E-004  0.0000000000000000E+000
   0.0000000000000000E+000
        43392  8.3374532127162919E-004  0.0000000000000000E+000
   0.0000000000000000E+000
        43584  6.5467267776332606E-004  0.0000000000000000E+000
   0.0000000000000000E+000
        43776  4.8873717653325030E-004  0.0000000000000000E+000
   0.0000000000000000E+000
        43968  3.7018387492347265E-004  0.0000000000000000E+000
   0.0000000000000000E+000
        44160  2.8627812816864112E-004  0.0000000000000000E+000
   0.0000000000000000E+000
        44352  2.5884365812909693E-004  0.0000000000000000E+000
   0.0000000000000000E+000
        44544  2.6971421407436295E-004  0.0000000000000000E+000
   0.0000000000000000E+000
        44736  3.1556471097789641E-004  0.0000000000000000E+000
   0.0000000000000000E+000
        44928  4.0319863109322001E-004  0.0000000000000000E+000
   0.0000000000000000E+000
        45120  5.3697045184015655E-004  0.0000000000000000E+000
   0.0000000000000000E+000
        45312  7.1093862923084065E-004  0.0000000000000000E+000
   0.0000000000000000E+000
        45504  9.1159695514742912E-004  0.0000000000000000E+000
   0.0000000000000000E+000
        45696  9.9499516691800311E-004  0.0000000000000000E+000
   0.0000000000000000E+000
        45888  8.5891379527852543E-004  0.0000000000000000E+000
   0.0000000000000000E+000
        46080  6.3173577461173307E-004  0.0000000000000000E+000
   0.0000000000000000E+000
        46272  4.6348092971320014E-004  0.0000000000000000E+000
   0.0000000000000000E+000
        46464  3.4451482938563930E-004  0.0000000000000000E+000
   0.0000000000000000E+000
        46656  2.6971956717495362E-004  0.0000000000000000E+000
   0.0000000000000000E+000
        46848  2.4201980908071101E-004  0.0000000000000000E+000
   0.0000000000000000E+000
        47040  2.4449175033448595E-004  0.0000000000000000E+000
   0.0000000000000000E+000
        47232  2.7775100402786931E-004  0.0000000000000000E+000
   0.0000000000000000E+000
        47424  3.5302375541369676E-004  0.0000000000000000E+000
   0.0000000000000000E+000
        47616  4.8163085425115319E-004  0.0000000000000000E+000
   0.0000000000000000E+000
        47808  6.5836048659701006E-004  0.0000000000000000E+000
   0.0000000000000000E+000
        48000  8.7024903753808464E-004  0.0000000000000000E+000
   0.0000000000000000E+000
        48192  1.0204695244855572E-003  0.0000000000000000E+000
   0.0000000000000000E+000
        48384  8.2526936418367801E-004  0.0000000000000000E+000
   0.0000000000000000E+000
        48576  5.2930980611804129E-004  0.0000000000000000E+000
   0.0000000000000000E+000
        48768  4.1691598557027591E-004  0.0000000000000000E+000
   0.0000000000000000E+000
        48960  3.6363324154188754E-004  0.0000000000000000E+000
   0.0000000000000000E+000
        49152  3.1908265081270006E-004  0.0000000000000000E+000
   0.0000000000000000E+000
        49344  2.9712097963575631E-004  0.0000000000000000E+000
   0.0000000000000000E+000
        49536  3.0819286600781282E-004  0.0000000000000000E+000
   0.0000000000000000E+000
        49728  3.5413764858500783E-004  0.0000000000000000E+000
   0.0000000000000000E+000
        49920  4.3250366329578108E-004  0.0000000000000000E+000
   0.0000000000000000E+000
        50112  5.3777756241635602E-004  0.0000000000000000E+000
   0.0000000000000000E+000
        50304  6.6846275826438920E-004  0.0000000000000000E+000
   0.0000000000000000E+000
        50496  8.2065379095071060E-004  0.0000000000000000E+000
   0.0000000000000000E+000
        50688  8.6450736817161129E-004  0.0000000000000000E+000
   0.0000000000000000E+000
        50880  7.0790123937588504E-004  0.0000000000000000E+000
   0.0000000000000000E+000
        51072  5.0421532343714786E-004  0.0000000000000000E+000
   0.0000000000000000E+000
        51264  4.0564772684668698E-004  0.0000000000000000E+000
   0.0000000000000000E+000
        51456  3.6684192573789462E-004  0.0000000000000000E+000
   0.0000000000000000E+000
        51648  3.3814556662433462E-004  0.0000000000000000E+000
   0.0000000000000000E+000
        51840  3.2668817883568302E-004  0.0000000000000000E+000
   0.0000000000000000E+000
        52032  3.3960345161417776E-004  0.0000000000000000E+000
   0.0000000000000000E+000
        52224  3.7906619160868059E-004  0.0000000000000000E+000
   0.0000000000000000E+000
        52416  4.4919320814545218E-004  0.0000000000000000E+000
   0.0000000000000000E+000
        52608  5.5203347652446708E-004  0.0000000000000000E+000
   0.0000000000000000E+000
        52800  6.8923092164800334E-004  0.0000000000000000E+000
   0.0000000000000000E+000
        52992  8.7355043292649333E-004  0.0000000000000000E+000
   0.0000000000000000E+000
        53184  9.4019948477342156E-004  0.0000000000000000E+000
   0.0000000000000000E+000
        53376  7.3736330077750858E-004  0.0000000000000000E+000
   0.0000000000000000E+000
        53568  4.9806211705029086E-004  0.0000000000000000E+000
   0.0000000000000000E+000
        53760  3.7445279813376838E-004  0.0000000000000000E+000
   0.0000000000000000E+000
        53952  3.1462862231704887E-004  0.0000000000000000E+000
   0.0000000000000000E+000
        54144  2.8714736404043296E-004  0.0000000000000000E+000
   0.0000000000000000E+000
        54336  2.8855328966859438E-004  0.0000000000000000E+000
   0.0000000000000000E+000
        54528  3.1913780511606886E-004  0.0000000000000000E+000
   0.0000000000000000E+000
        54720  3.8337082421350589E-004  0.0000000000000000E+000
   0.0000000000000000E+000
        54912  4.8788083895695615E-004  0.0000000000000000E+000
   0.0000000000000000E+000
        55104  6.3352699132066914E-004  0.0000000000000000E+000
   0.0000000000000000E+000
        55296  8.3153328960868845E-004  0.0000000000000000E+000
   0.0000000000000000E+000
        55488  1.0512087478341571E-003  0.0000000000000000E+000
   0.0000000000000000E+000
        55680  9.6337171375127984E-004  0.0000000000000000E+000
   0.0000000000000000E+000
        55872  6.1003824433081299E-004  0.0000000000000000E+000
   0.0000000000000000E+000
        56064  3.8162780920495651E-004  0.0000000000000000E+000
   0.0000000000000000E+000
        56256  2.7764384812965228E-004  0.0000000000000000E+000
   0.0000000000000000E+000
        56448  2.3376196216109179E-004  0.0000000000000000E+000
   0.0000000000000000E+000
        56640  2.2675528162944850E-004  0.0000000000000000E+000
   0.0000000000000000E+000
        56832  2.4899542302711644E-004  0.0000000000000000E+000
   0.0000000000000000E+000
        57024  2.9945805386460316E-004  0.0000000000000000E+000
   0.0000000000000000E+000
        57216  3.8267846151390160E-004  0.0000000000000000E+000
   0.0000000000000000E+000
        57408  5.0412285272176936E-004  0.0000000000000000E+000
   0.0000000000000000E+000
        57600  6.6473925583044192E-004  0.0000000000000000E+000
   0.0000000000000000E+000
        57792  8.6896871044293497E-004  0.0000000000000000E+000
   0.0000000000000000E+000
        57984  9.7683389382564531E-004  0.0000000000000000E+000
   0.0000000000000000E+000
        58176  8.0950419735522641E-004  0.0000000000000000E+000
   0.0000000000000000E+000
        58368  5.9533112031955743E-004  0.0000000000000000E+000
   0.0000000000000000E+000
        58560  4.5325909116484658E-004  0.0000000000000000E+000
   0.0000000000000000E+000
        58752  3.3699302024630691E-004  0.0000000000000000E+000
   0.0000000000000000E+000
        58944  2.7903664103403806E-004  0.0000000000000000E+000
   0.0000000000000000E+000
        59136  2.6949716955198324E-004  0.0000000000000000E+000
   0.0000000000000000E+000
        59328  2.9522603341232688E-004  0.0000000000000000E+000
   0.0000000000000000E+000
        59520  3.5265959793144108E-004  0.0000000000000000E+000
   0.0000000000000000E+000
        59712  4.4317251488927654E-004  0.0000000000000000E+000
   0.0000000000000000E+000
        59904  5.6777821791258827E-004  0.0000000000000000E+000
   0.0000000000000000E+000
        60096  7.1480458839972010E-004  0.0000000000000000E+000
   0.0000000000000000E+000
        60288  8.3734081001857327E-004  0.0000000000000000E+000
   0.0000000000000000E+000
        60480  8.4876020749075217E-004  0.0000000000000000E+000
   0.0000000000000000E+000
        60672  7.3496254810909091E-004  0.0000000000000000E+000
   0.0000000000000000E+000
        60864  5.5837037588366716E-004  0.0000000000000000E+000
   0.0000000000000000E+000
        61056  4.4933261002904143E-004  0.0000000000000000E+000
   0.0000000000000000E+000
        61248  3.5139879673277144E-004  0.0000000000000000E+000
   0.0000000000000000E+000
        61440  2.9726884981751155E-004  0.0000000000000000E+000
   0.0000000000000000E+000
        61632  2.8968476154003818E-004  0.0000000000000000E+000
   0.0000000000000000E+000
        61824  3.1583609113555711E-004  0.0000000000000000E+000
   0.0000000000000000E+000
        62016  3.7697946713783796E-004  0.0000000000000000E+000
   0.0000000000000000E+000
        62208  4.7802962852770681E-004  0.0000000000000000E+000
   0.0000000000000000E+000
        62400  6.1865358502777583E-004  0.0000000000000000E+000
   0.0000000000000000E+000
        62592  8.0267228867407752E-004  0.0000000000000000E+000
   0.0000000000000000E+000
        62784  9.7599796289193138E-004  0.0000000000000000E+000
   0.0000000000000000E+000
        62976  9.5061156393376923E-004  0.0000000000000000E+000
   0.0000000000000000E+000
        63168  7.5067628672445877E-004  0.0000000000000000E+000
   0.0000000000000000E+000
        63360  5.3509605862211095E-004  0.0000000000000000E+000
   0.0000000000000000E+000
        63552  4.0653037752548142E-004  0.0000000000000000E+000
   0.0000000000000000E+000
        63744  3.0983647051308316E-004  0.0000000000000000E+000
   0.0000000000000000E+000
        63936  2.5604736454892601E-004  0.0000000000000000E+000
   0.0000000000000000E+000
        64128  2.4215271661842276E-004  0.0000000000000000E+000
   0.0000000000000000E+000
        64320  2.5831846953784074E-004  0.0000000000000000E+000
   0.0000000000000000E+000
        64512  3.0913193118891561E-004  0.0000000000000000E+000
   0.0000000000000000E+000
        64704  4.0764333862928820E-004  0.0000000000000000E+000
   0.0000000000000000E+000
        64896  5.6111483433355768E-004  0.0000000000000000E+000
   0.0000000000000000E+000
        65088  7.5205538342689121E-004  0.0000000000000000E+000
   0.0000000000000000E+000
        65280  9.6138747847247991E-004  0.0000000000000000E+000
   0.0000000000000000E+000
        65472  9.5424814898096709E-004  0.0000000000000000E+000
   0.0000000000000000E+000
        65664  6.5868676767221216E-004  0.0000000000000000E+000
   0.0000000000000000E+000
        65856  4.6474074949301360E-004  0.0000000000000000E+000
   0.0000000000000000E+000
        66048  3.9090682818634996E-004  0.0000000000000000E+000
   0.0000000000000000E+000
        66240  3.3812666859011573E-004  0.0000000000000000E+000
   0.0000000000000000E+000
        66432  3.0729161129233756E-004  0.0000000000000000E+000
   0.0000000000000000E+000
        66624  3.0677561274945829E-004  0.0000000000000000E+000
   0.0000000000000000E+000
        66816  3.4040155632216129E-004  0.0000000000000000E+000
   0.0000000000000000E+000
        67008  4.0725348717657946E-004  0.0000000000000000E+000
   0.0000000000000000E+000
        67200  5.0297875546110866E-004  0.0000000000000000E+000
   0.0000000000000000E+000
        67392  6.2403271775969733E-004  0.0000000000000000E+000
   0.0000000000000000E+000
        67584  7.7710643454241850E-004  0.0000000000000000E+000
   0.0000000000000000E+000
        67776  8.8169986018492947E-004  0.0000000000000000E+000
   0.0000000000000000E+000
        67968  7.8438824767809311E-004  0.0000000000000000E+000
   0.0000000000000000E+000
        68160  5.6129391101033448E-004  0.0000000000000000E+000
   0.0000000000000000E+000
        68352  4.1653868220512745E-004  0.0000000000000000E+000
   0.0000000000000000E+000
        68544  3.6491885491067707E-004  0.0000000000000000E+000
   0.0000000000000000E+000
        68736  3.3498976567406712E-004  0.0000000000000000E+000
   0.0000000000000000E+000
        68928  3.2164675902311327E-004  0.0000000000000000E+000
   0.0000000000000000E+000
        69120  3.3239801612362340E-004  0.0000000000000000E+000
   0.0000000000000000E+000
        69312  3.6963554383309308E-004  0.0000000000000000E+000
   0.0000000000000000E+000
        69504  4.3627598059518304E-004  0.0000000000000000E+000
   0.0000000000000000E+000
        69696  5.3355738033865666E-004  0.0000000000000000E+000
   0.0000000000000000E+000
        69888  6.6069411438888983E-004  0.0000000000000000E+000
   0.0000000000000000E+000
        70080  8.3433592588979155E-004  0.0000000000000000E+000
   0.0000000000000000E+000
        70272  9.5912958714376923E-004  0.0000000000000000E+000
   0.0000000000000000E+000
        70464  8.1411046761130205E-004  0.0000000000000000E+000
   0.0000000000000000E+000
        70656  5.5138716568506340E-004  0.0000000000000000E+000
   0.0000000000000000E+000
        70848  3.9580287052734249E-004  0.0000000000000000E+000
   0.0000000000000000E+000
        71040  3.2159435285713497E-004  0.0000000000000000E+000
   0.0000000000000000E+000
        71232  2.8671702558974503E-004  0.0000000000000000E+000
   0.0000000000000000E+000
        71424  2.8201182203667146E-004  0.0000000000000000E+000
   0.0000000000000000E+000
        71616  3.0561744411605746E-004  0.0000000000000000E+000
   0.0000000000000000E+000
        71808  3.6170911241180842E-004  0.0000000000000000E+000
   0.0000000000000000E+000
        72000  4.5790368094320353E-004  0.0000000000000000E+000
   0.0000000000000000E+000
        72192  5.9906752350218561E-004  0.0000000000000000E+000
   0.0000000000000000E+000
        72384  7.9061153060951573E-004  0.0000000000000000E+000
   0.0000000000000000E+000
        72576  1.0391691381302574E-003  0.0000000000000000E+000
   0.0000000000000000E+000
        72768  1.0292305589115354E-003  0.0000000000000000E+000
   0.0000000000000000E+000
        72960  6.7548834757927550E-004  0.0000000000000000E+000
   0.0000000000000000E+000
        73152  4.1274478882515471E-004  0.0000000000000000E+000
   0.0000000000000000E+000
        73344  2.9226576300073382E-004  0.0000000000000000E+000
   0.0000000000000000E+000
        73536  2.4050143853557201E-004  0.0000000000000000E+000
   0.0000000000000000E+000
        73728  2.2750618843104319E-004  0.0000000000000000E+000
   0.0000000000000000E+000
        73920  2.4578838950393506E-004  0.0000000000000000E+000
   0.0000000000000000E+000
        74112  2.9469437685924874E-004  0.0000000000000000E+000
   0.0000000000000000E+000
        74304  3.7823762351835708E-004  0.0000000000000000E+000
   0.0000000000000000E+000
        74496  5.0048657475184591E-004  0.0000000000000000E+000
   0.0000000000000000E+000
        74688  6.5844102847404024E-004  0.0000000000000000E+000
   0.0000000000000000E+000
        74880  8.5426582656442204E-004  0.0000000000000000E+000
   0.0000000000000000E+000
        75072  9.7447517372883593E-004  0.0000000000000000E+000
   0.0000000000000000E+000
        75264  8.3367969857036327E-004  0.0000000000000000E+000
   0.0000000000000000E+000
        75456  6.0853612257430023E-004  0.0000000000000000E+000
   0.0000000000000000E+000
        75648  4.8285560901308212E-004  0.0000000000000000E+000
   0.0000000000000000E+000
        75840  3.6642546298538189E-004  0.0000000000000000E+000
   0.0000000000000000E+000
        76032  2.8870994754737238E-004  0.0000000000000000E+000
   0.0000000000000000E+000
        76224  2.6633800120747127E-004  0.0000000000000000E+000
   0.0000000000000000E+000
        76416  2.8652273584639634E-004  0.0000000000000000E+000
   0.0000000000000000E+000
        76608  3.4147576766847853E-004  0.0000000000000000E+000
   0.0000000000000000E+000
        76800  4.3009030734051333E-004  0.0000000000000000E+000
   0.0000000000000000E+000
        76992  5.5269710007759194E-004  0.0000000000000000E+000
   0.0000000000000000E+000
        77184  6.9806474984777424E-004  0.0000000000000000E+000
   0.0000000000000000E+000
        77376  8.1471963635305954E-004  0.0000000000000000E+000
   0.0000000000000000E+000
        77568  8.1492660601834466E-004  0.0000000000000000E+000
   0.0000000000000000E+000
        77760  7.1028171101421766E-004  0.0000000000000000E+000
   0.0000000000000000E+000
        77952  5.4544903865147074E-004  0.0000000000000000E+000
   0.0000000000000000E+000
        78144  4.6255842845936154E-004  0.0000000000000000E+000
   0.0000000000000000E+000
        78336  3.9277885175282586E-004  0.0000000000000000E+000
   0.0000000000000000E+000
        78528  3.4375830717497968E-004  0.0000000000000000E+000
   0.0000000000000000E+000
        78720  3.3372972270831762E-004  0.0000000000000000E+000
   0.0000000000000000E+000
        78912  3.5491201337384005E-004  0.0000000000000000E+000
   0.0000000000000000E+000
        79104  4.0423440581778422E-004  0.0000000000000000E+000
   0.0000000000000000E+000
        79296  4.8240489602904976E-004  0.0000000000000000E+000
   0.0000000000000000E+000
        79488  5.9026247192332088E-004  0.0000000000000000E+000
   0.0000000000000000E+000
        79680  7.4143076138519725E-004  0.0000000000000000E+000
   0.0000000000000000E+000
        79872  9.2676090528655427E-004  0.0000000000000000E+000
   0.0000000000000000E+000
        80064  9.7002537761068980E-004  0.0000000000000000E+000
   0.0000000000000000E+000
        80256  7.8726286466080915E-004  0.0000000000000000E+000
   0.0000000000000000E+000
        80448  5.5975668463977089E-004  0.0000000000000000E+000
   0.0000000000000000E+000
        80640  4.1560972606957415E-004  0.0000000000000000E+000
   0.0000000000000000E+000
        80832  3.2967436757828602E-004  0.0000000000000000E+000
   0.0000000000000000E+000
        81024  2.7035356162944828E-004  0.0000000000000000E+000
   0.0000000000000000E+000
        81216  2.4966646546689138E-004  0.0000000000000000E+000
   0.0000000000000000E+000
        81408  2.6083905570862398E-004  0.0000000000000000E+000
   0.0000000000000000E+000
        81600  3.0504955800281046E-004  0.0000000000000000E+000
   0.0000000000000000E+000
        81792  3.9225272310147979E-004  0.0000000000000000E+000
   0.0000000000000000E+000
        81984  5.3251850503737807E-004  0.0000000000000000E+000
   0.0000000000000000E+000
        82176  7.1497362474447885E-004  0.0000000000000000E+000
   0.0000000000000000E+000
        82368  9.2966816271122256E-004  0.0000000000000000E+000
   0.0000000000000000E+000
        82560  9.8709337249721306E-004  0.0000000000000000E+000
   0.0000000000000000E+000
        82752  7.2534326947915496E-004  0.0000000000000000E+000
   0.0000000000000000E+000
        82944  5.0622345657319210E-004  0.0000000000000000E+000
   0.0000000000000000E+000
        83136  4.0269236164541767E-004  0.0000000000000000E+000
   0.0000000000000000E+000
        83328  3.2868485711953142E-004  0.0000000000000000E+000
   0.0000000000000000E+000
        83520  2.9021787301541571E-004  0.0000000000000000E+000
   0.0000000000000000E+000
        83712  2.8947983168623121E-004  0.0000000000000000E+000
   0.0000000000000000E+000
        83904  3.2506139649242323E-004  0.0000000000000000E+000
   0.0000000000000000E+000
        84096  3.9389390515939907E-004  0.0000000000000000E+000
   0.0000000000000000E+000
        84288  4.9229176749126429E-004  0.0000000000000000E+000
   0.0000000000000000E+000
        84480  6.1689514348405592E-004  0.0000000000000000E+000
   0.0000000000000000E+000
        84672  7.7277449056124782E-004  0.0000000000000000E+000
   0.0000000000000000E+000
        84864  8.8537348778855711E-004  0.0000000000000000E+000
   0.0000000000000000E+000
        85056  8.0907358690168534E-004  0.0000000000000000E+000
   0.0000000000000000E+000
        85248  5.9464267860282025E-004  0.0000000000000000E+000
   0.0000000000000000E+000
        85440  4.4251661636275603E-004  0.0000000000000000E+000
   0.0000000000000000E+000
        85632  3.8610258265832554E-004  0.0000000000000000E+000
   0.0000000000000000E+000
        85824  3.4308441544213481E-004  0.0000000000000000E+000
   0.0000000000000000E+000
        86016  3.1605627404480258E-004  0.0000000000000000E+000
   0.0000000000000000E+000
        86208  3.1714793386172129E-004  0.0000000000000000E+000
   0.0000000000000000E+000
        86400  3.4862323577667650E-004  0.0000000000000000E+000
   0.0000000000000000E+000
        86592  4.1391576246226796E-004  0.0000000000000000E+000
   0.0000000000000000E+000
        86784  5.1491091924588811E-004  0.0000000000000000E+000
   0.0000000000000000E+000
        86976  6.5033907829912835E-004  0.0000000000000000E+000
   0.0000000000000000E+000
        87168  8.3056694998951005E-004  0.0000000000000000E+000
   0.0000000000000000E+000
        87360  9.5322565664683904E-004  0.0000000000000000E+000
   0.0000000000000000E+000
        87552  8.1933722768504080E-004  0.0000000000000000E+000
   0.0000000000000000E+000
        87744  5.7163930494104917E-004  0.0000000000000000E+000
   0.0000000000000000E+000
        87936  4.1816355752581706E-004  0.0000000000000000E+000
   0.0000000000000000E+000
        88128  3.4406042077285713E-004  0.0000000000000000E+000
   0.0000000000000000E+000
        88320  3.0360451450664304E-004  0.0000000000000000E+000
   0.0000000000000000E+000
        88512  2.9476129099364925E-004  0.0000000000000000E+000
   0.0000000000000000E+000
        88704  3.1557575966544428E-004  0.0000000000000000E+000
   0.0000000000000000E+000
        88896  3.6880581320853240E-004  0.0000000000000000E+000
   0.0000000000000000E+000
        89088  4.6007970506582095E-004  0.0000000000000000E+000
   0.0000000000000000E+000
        89280  5.9098754709614439E-004  0.0000000000000000E+000
   0.0000000000000000E+000
        89472  7.6246781979490391E-004  0.0000000000000000E+000
   0.0000000000000000E+000
        89664  9.9650084948784356E-004  0.0000000000000000E+000
   0.0000000000000000E+000
        89856  1.0520645505169724E-003  0.0000000000000000E+000
   0.0000000000000000E+000
        90048  7.4225207931079295E-004  0.0000000000000000E+000
   0.0000000000000000E+000
        90240  4.4998973714084991E-004  0.0000000000000000E+000
   0.0000000000000000E+000
        90432  3.0719066356479886E-004  0.0000000000000000E+000
   0.0000000000000000E+000
        90624  2.4478110008417572E-004  0.0000000000000000E+000
   0.0000000000000000E+000
        90816  2.2279825620453073E-004  0.0000000000000000E+000
   0.0000000000000000E+000
        91008  2.3282084587868644E-004  0.0000000000000000E+000
   0.0000000000000000E+000
        91200  2.7341100387682062E-004  0.0000000000000000E+000
   0.0000000000000000E+000
        91392  3.5048622296175329E-004  0.0000000000000000E+000
   0.0000000000000000E+000
        91584  4.7067968787471780E-004  0.0000000000000000E+000
   0.0000000000000000E+000
        91776  6.3190461824388542E-004  0.0000000000000000E+000
   0.0000000000000000E+000
        91968  8.3109926686504478E-004  0.0000000000000000E+000
   0.0000000000000000E+000
        92160  9.9003427851036439E-004  0.0000000000000000E+000
   0.0000000000000000E+000
        92352  8.6994930476047040E-004  0.0000000000000000E+000
   0.0000000000000000E+000
        92544  6.2157592271850422E-004  0.0000000000000000E+000
   0.0000000000000000E+000
        92736  5.0808430264860822E-004  0.0000000000000000E+000
   0.0000000000000000E+000
        92928  4.1211084424150937E-004  0.0000000000000000E+000
   0.0000000000000000E+000
        93120  3.2196525456330345E-004  0.0000000000000000E+000
   0.0000000000000000E+000
        93312  2.8133603874355787E-004  0.0000000000000000E+000
   0.0000000000000000E+000
        93504  2.9010548220664796E-004  0.0000000000000000E+000
   0.0000000000000000E+000
        93696  3.3723006256387595E-004  0.0000000000000000E+000
   0.0000000000000000E+000
        93888  4.1765585003029540E-004  0.0000000000000000E+000
   0.0000000000000000E+000
        94080  5.3041434030600830E-004  0.0000000000000000E+000
   0.0000000000000000E+000
        94272  6.7089996000108880E-004  0.0000000000000000E+000
   0.0000000000000000E+000
        94464  7.9442179173297152E-004  0.0000000000000000E+000
   0.0000000000000000E+000
        94656  8.0954010196397554E-004  0.0000000000000000E+000
   0.0000000000000000E+000
        94848  7.1054774293859407E-004  0.0000000000000000E+000
   0.0000000000000000E+000
        95040  5.4285525072936952E-004  0.0000000000000000E+000
   0.0000000000000000E+000
        95232  4.5416209505627972E-004  0.0000000000000000E+000
   0.0000000000000000E+000
        95424  4.0804736678296650E-004  0.0000000000000000E+000
   0.0000000000000000E+000
        95616  3.6802015038185827E-004  0.0000000000000000E+000
   0.0000000000000000E+000
        95808  3.5718293302214815E-004  0.0000000000000000E+000
   0.0000000000000000E+000
        96000  3.7534496249463911E-004  0.0000000000000000E+000
   0.0000000000000000E+000
        96192  4.1849062321293751E-004  0.0000000000000000E+000
   0.0000000000000000E+000
        96384  4.8486621189329856E-004  0.0000000000000000E+000
   0.0000000000000000E+000
        96576  5.7401939081944023E-004  0.0000000000000000E+000
   0.0000000000000000E+000
        96768  6.9800986301673184E-004  0.0000000000000000E+000
   0.0000000000000000E+000
        96960  8.7582963192571928E-004  0.0000000000000000E+000
   0.0000000000000000E+000
        97152  9.6722537021726510E-004  0.0000000000000000E+000
   0.0000000000000000E+000
        97344  8.1556100234997494E-004  0.0000000000000000E+000
   0.0000000000000000E+000
        97536  5.8001515525949886E-004  0.0000000000000000E+000
   0.0000000000000000E+000
        97728  4.1954384338166033E-004  0.0000000000000000E+000
   0.0000000000000000E+000
        97920  3.4051040502398015E-004  0.0000000000000000E+000
   0.0000000000000000E+000
        98112  2.8548460116253123E-004  0.0000000000000000E+000
   0.0000000000000000E+000
        98304  2.6128647701754304E-004  0.0000000000000000E+000
   0.0000000000000000E+000
        98496  2.6870595409449752E-004  0.0000000000000000E+000
   0.0000000000000000E+000
        98688  3.0915165788454867E-004  0.0000000000000000E+000
   0.0000000000000000E+000
        98880  3.9106931704497449E-004  0.0000000000000000E+000
   0.0000000000000000E+000
        99072  5.2298038400034621E-004  0.0000000000000000E+000
   0.0000000000000000E+000
        99264  6.9894091965016190E-004  0.0000000000000000E+000
   0.0000000000000000E+000
        99456  9.1779119480313483E-004  0.0000000000000000E+000
   0.0000000000000000E+000
        99648  1.0038324179858281E-003  0.0000000000000000E+000
   0.0000000000000000E+000
        99840  7.6236969519424542E-004  0.0000000000000000E+000
   0.0000000000000000E+000
       100032  5.2937727680583155E-004  0.0000000000000000E+000
   0.0000000000000000E+000
       100224  4.0319707593179882E-004  0.0000000000000000E+000
   0.0000000000000000E+000
       100416  3.1895600808405753E-004  0.0000000000000000E+000
   0.0000000000000000E+000
       100608  2.7887781869419281E-004  0.0000000000000000E+000
   0.0000000000000000E+000
       100800  2.8001269463691575E-004  0.0000000000000000E+000
   0.0000000000000000E+000
       100992  3.1692486842183878E-004  0.0000000000000000E+000
   0.0000000000000000E+000
       101184  3.8585732391020966E-004  0.0000000000000000E+000
   0.0000000000000000E+000
       101376  4.8413413363151563E-004  0.0000000000000000E+000
   0.0000000000000000E+000
       101568  6.0922648373798471E-004  0.0000000000000000E+000
   0.0000000000000000E+000
       101760  7.6591226124996686E-004  0.0000000000000000E+000
   0.0000000000000000E+000
       101952  8.8626387838708104E-004  0.0000000000000000E+000
   0.0000000000000000E+000
       102144  8.2743793076383893E-004  0.0000000000000000E+000
   0.0000000000000000E+000
       102336  6.2016495444583582E-004  0.0000000000000000E+000
   0.0000000000000000E+000
       102528  4.6843954547051556E-004  0.0000000000000000E+000
   0.0000000000000000E+000
       102720  4.0785946289048332E-004  0.0000000000000000E+000
   0.0000000000000000E+000
       102912  3.5445336940455422E-004  0.0000000000000000E+000
   0.0000000000000000E+000
       103104  3.1437282094397859E-004  0.0000000000000000E+000
   0.0000000000000000E+000
       103296  3.0556102368871292E-004  0.0000000000000000E+000
   0.0000000000000000E+000
       103488  3.3166372047931466E-004  0.0000000000000000E+000
   0.0000000000000000E+000
       103680  3.9571705060544558E-004  0.0000000000000000E+000
   0.0000000000000000E+000
       103872  4.9995067637058474E-004  0.0000000000000000E+000
   0.0000000000000000E+000
       104064  6.4344187536945891E-004  0.0000000000000000E+000
   0.0000000000000000E+000
       104256  8.2795931405476035E-004  0.0000000000000000E+000
   0.0000000000000000E+000
       104448  9.3278836436405427E-004  0.0000000000000000E+000
   0.0000000000000000E+000
       104640  7.9802453792354624E-004  0.0000000000000000E+000
   0.0000000000000000E+000
       104832  5.7020178191167581E-004  0.0000000000000000E+000
   0.0000000000000000E+000
       105024  4.3174105699478506E-004  0.0000000000000000E+000
   0.0000000000000000E+000
       105216  3.6697615379423069E-004  0.0000000000000000E+000
   0.0000000000000000E+000
       105408  3.2786642736745952E-004  0.0000000000000000E+000
   0.0000000000000000E+000
       105600  3.1865205978241334E-004  0.0000000000000000E+000
   0.0000000000000000E+000
       105792  3.3950447641745103E-004  0.0000000000000000E+000
   0.0000000000000000E+000
       105984  3.9128400428521779E-004  0.0000000000000000E+000
   0.0000000000000000E+000
       106176  4.7647216177259367E-004  0.0000000000000000E+000
   0.0000000000000000E+000
       106368  5.9405269142124803E-004  0.0000000000000000E+000
   0.0000000000000000E+000
       106560  7.4565890566211026E-004  0.0000000000000000E+000
   0.0000000000000000E+000
       106752  9.5815205901967737E-004  0.0000000000000000E+000
   0.0000000000000000E+000
       106944  1.0408198264899983E-003  0.0000000000000000E+000
   0.0000000000000000E+000
       107136  7.8172393060553253E-004  0.0000000000000000E+000
   0.0000000000000000E+000
       107328  4.7914192591126464E-004  0.0000000000000000E+000
   0.0000000000000000E+000
       107520  3.2233527048704675E-004  0.0000000000000000E+000
   0.0000000000000000E+000
       107712  2.5080135080806260E-004  0.0000000000000000E+000
   0.0000000000000000E+000
       107904  2.2350017635588168E-004  0.0000000000000000E+000
   0.0000000000000000E+000
       108096  2.2676252805880643E-004  0.0000000000000000E+000
   0.0000000000000000E+000
       108288  2.6049075594649187E-004  0.0000000000000000E+000
   0.0000000000000000E+000
       108480  3.2944738634386149E-004  0.0000000000000000E+000
   0.0000000000000000E+000
       108672  4.4422527241337508E-004  0.0000000000000000E+000
   0.0000000000000000E+000
       108864  6.0637452603656155E-004  0.0000000000000000E+000
   0.0000000000000000E+000
       109056  8.0753775378029739E-004  0.0000000000000000E+000
   0.0000000000000000E+000
       109248  9.9932148656525603E-004  0.0000000000000000E+000
   0.0000000000000000E+000
       109440  9.0022327115272356E-004  0.0000000000000000E+000
   0.0000000000000000E+000
       109632  6.3269241632252671E-004  0.0000000000000000E+000
   0.0000000000000000E+000
       109824  5.1489877022122682E-004  0.0000000000000000E+000
   0.0000000000000000E+000
       110016  4.3379516050193580E-004  0.0000000000000000E+000
   0.0000000000000000E+000
       110208  3.4928653922219633E-004  0.0000000000000000E+000
   0.0000000000000000E+000
       110400  3.0158009465840158E-004  0.0000000000000000E+000
   0.0000000000000000E+000
       110592  3.0345305673146699E-004  0.0000000000000000E+000
   0.0000000000000000E+000
       110784  3.4570295247885645E-004  0.0000000000000000E+000
   0.0000000000000000E+000
       110976  4.2072044905053203E-004  0.0000000000000000E+000
   0.0000000000000000E+000
       111168  5.2577841014463155E-004  0.0000000000000000E+000
   0.0000000000000000E+000
       111360  6.5837702339391672E-004  0.0000000000000000E+000
   0.0000000000000000E+000
       111552  7.8040942189052927E-004  0.0000000000000000E+000
   0.0000000000000000E+000
       111744  8.0324531213948305E-004  0.0000000000000000E+000
   0.0000000000000000E+000
       111936  7.0128770299904600E-004  0.0000000000000000E+000
   0.0000000000000000E+000
       112128  5.3149396313589413E-004  0.0000000000000000E+000
   0.0000000000000000E+000
       112320  4.3547871052065950E-004  0.0000000000000000E+000
   0.0000000000000000E+000
       112512  4.0125743740753177E-004  0.0000000000000000E+000
   0.0000000000000000E+000
       112704  3.7299507247784782E-004  0.0000000000000000E+000
   0.0000000000000000E+000
       112896  3.6772689469316355E-004  0.0000000000000000E+000
   0.0000000000000000E+000
       113088  3.8929373513069446E-004  0.0000000000000000E+000
   0.0000000000000000E+000
       113280  4.3367673641592837E-004  0.0000000000000000E+000
   0.0000000000000000E+000
       113472  4.9889036962618794E-004  0.0000000000000000E+000
   0.0000000000000000E+000
       113664  5.8284969263195025E-004  0.0000000000000000E+000
   0.0000000000000000E+000
       113856  6.9704330929671210E-004  0.0000000000000000E+000
   0.0000000000000000E+000
       114048  8.6530374555610155E-004  0.0000000000000000E+000
   0.0000000000000000E+000
       114240  9.5512039792508335E-004  0.0000000000000000E+000
   0.0000000000000000E+000
       114432  8.0028671468186142E-004  0.0000000000000000E+000
   0.0000000000000000E+000
       114624  5.6112007241358969E-004  0.0000000000000000E+000
   0.0000000000000000E+000
       114816  4.0610449418758047E-004  0.0000000000000000E+000
   0.0000000000000000E+000
       115008  3.3468394361162933E-004  0.0000000000000000E+000
   0.0000000000000000E+000
       115200  2.9069620416620067E-004  0.0000000000000000E+000
   0.0000000000000000E+000
       115392  2.7229769846262309E-004  0.0000000000000000E+000
   0.0000000000000000E+000
       115584  2.8272301636630070E-004  0.0000000000000000E+000
   0.0000000000000000E+000
       115776  3.2669940507236851E-004  0.0000000000000000E+000
   0.0000000000000000E+000
       115968  4.1335682083063911E-004  0.0000000000000000E+000
   0.0000000000000000E+000
       116160  5.4999611282403784E-004  0.0000000000000000E+000
   0.0000000000000000E+000
       116352  7.2971152907204786E-004  0.0000000000000000E+000
   0.0000000000000000E+000
       116544  9.5283441525800708E-004  0.0000000000000000E+000
   0.0000000000000000E+000
       116736  9.8139854298053084E-004  0.0000000000000000E+000
   0.0000000000000000E+000
       116928  7.1250930030372628E-004  0.0000000000000000E+000
   0.0000000000000000E+000
       117120  4.9982518941395497E-004  0.0000000000000000E+000
   0.0000000000000000E+000
       117312  3.7574886817254326E-004  0.0000000000000000E+000
   0.0000000000000000E+000
       117504  3.0212650747236323E-004  0.0000000000000000E+000
   0.0000000000000000E+000
       117696  2.7459083486456237E-004  0.0000000000000000E+000
   0.0000000000000000E+000
       117888  2.8599021758978101E-004  0.0000000000000000E+000
   0.0000000000000000E+000
       118080  3.3052809181705159E-004  0.0000000000000000E+000
   0.0000000000000000E+000
       118272  4.0547454013315664E-004  0.0000000000000000E+000
   0.0000000000000000E+000
       118464  5.0963713784750941E-004  0.0000000000000000E+000
   0.0000000000000000E+000
       118656  6.4285399227962292E-004  0.0000000000000000E+000
   0.0000000000000000E+000
       118848  8.0732999157130409E-004  0.0000000000000000E+000
   0.0000000000000000E+000
       119040  9.0433245982299412E-004  0.0000000000000000E+000
   0.0000000000000000E+000
       119232  8.0538684349408703E-004  0.0000000000000000E+000
   0.0000000000000000E+000
       119424  5.8811769242419218E-004  0.0000000000000000E+000
   0.0000000000000000E+000
       119616  4.6414356864755003E-004  0.0000000000000000E+000
   0.0000000000000000E+000
       119808  3.9534599715629711E-004  0.0000000000000000E+000
   0.0000000000000000E+000
       120000  3.3409982688992673E-004  0.0000000000000000E+000
   0.0000000000000000E+000
       120192  2.9764668555351656E-004  0.0000000000000000E+000
   0.0000000000000000E+000
       120384  2.9688136814845246E-004  0.0000000000000000E+000
   0.0000000000000000E+000
       120576  3.3427028067082600E-004  0.0000000000000000E+000
   0.0000000000000000E+000
       120768  4.1170331632285140E-004  0.0000000000000000E+000
   0.0000000000000000E+000
       120960  5.3070120769239243E-004  0.0000000000000000E+000
   0.0000000000000000E+000
       121152  6.8995526664361053E-004  0.0000000000000000E+000
   0.0000000000000000E+000
       121344  8.6106812653295739E-004  0.0000000000000000E+000
   0.0000000000000000E+000
       121536  8.8231741979991887E-004  0.0000000000000000E+000
   0.0000000000000000E+000
       121728  7.0297138039581699E-004  0.0000000000000000E+000
   0.0000000000000000E+000
       121920  5.0837326932426559E-004  0.0000000000000000E+000
   0.0000000000000000E+000
       122112  4.1693746530781217E-004  0.0000000000000000E+000
   0.0000000000000000E+000
       122304  3.7006392388129889E-004  0.0000000000000000E+000
   0.0000000000000000E+000
       122496  3.4750799412166459E-004  0.0000000000000000E+000
   0.0000000000000000E+000
       122688  3.5423975460721965E-004  0.0000000000000000E+000
   0.0000000000000000E+000
       122880  3.8817717059601482E-004  0.0000000000000000E+000
   0.0000000000000000E+000
       123072  4.4829587416263315E-004  0.0000000000000000E+000
   0.0000000000000000E+000
       123264  5.3273898166028197E-004  0.0000000000000000E+000
   0.0000000000000000E+000
       123456  6.3984138694652749E-004  0.0000000000000000E+000
   0.0000000000000000E+000
       123648  7.8928904983020408E-004  0.0000000000000000E+000
   0.0000000000000000E+000
       123840  9.7638488537345322E-004  0.0000000000000000E+000
   0.0000000000000000E+000
       124032  9.8093927505512224E-004  0.0000000000000000E+000
   0.0000000000000000E+000
       124224  7.0300705107811175E-004  0.0000000000000000E+000
   0.0000000000000000E+000
       124416  4.4177731693713352E-004  0.0000000000000000E+000
   0.0000000000000000E+000
       124608  3.0820219352366166E-004  0.0000000000000000E+000
   0.0000000000000000E+000
       124800  2.4481015025532130E-004  0.0000000000000000E+000
   0.0000000000000000E+000
       124992  2.2289414610998900E-004  0.0000000000000000E+000
   0.0000000000000000E+000
       125184  2.2973343723373691E-004  0.0000000000000000E+000
   0.0000000000000000E+000
       125376  2.6684485112897868E-004  0.0000000000000000E+000
   0.0000000000000000E+000
       125568  3.4178913164722974E-004  0.0000000000000000E+000
   0.0000000000000000E+000
       125760  4.6557385614217446E-004  0.0000000000000000E+000
   0.0000000000000000E+000
       125952  6.4034368979545224E-004  0.0000000000000000E+000
   0.0000000000000000E+000
       126144  8.5685424653089508E-004  0.0000000000000000E+000
   0.0000000000000000E+000
       126336  1.0227506036810073E-003  0.0000000000000000E+000
   0.0000000000000000E+000
       126528  8.4293365926640343E-004  0.0000000000000000E+000
   0.0000000000000000E+000
       126720  5.9379624596734236E-004  0.0000000000000000E+000
   0.0000000000000000E+000
       126912  4.8830710955411047E-004  0.0000000000000000E+000
   0.0000000000000000E+000
       127104  4.0186690011055328E-004  0.0000000000000000E+000
   0.0000000000000000E+000
       127296  3.3420230580138164E-004  0.0000000000000000E+000
   0.0000000000000000E+000
       127488  3.0807252767373836E-004  0.0000000000000000E+000
   0.0000000000000000E+000
       127680  3.2519359661911819E-004  0.0000000000000000E+000
   0.0000000000000000E+000
       127872  3.7931019177128293E-004  0.0000000000000000E+000
   0.0000000000000000E+000
       128064  4.6316014839863583E-004  0.0000000000000000E+000
   0.0000000000000000E+000
       128256  5.7433989225179024E-004  0.0000000000000000E+000
   0.0000000000000000E+000
       128448  7.0499167795327249E-004  0.0000000000000000E+000
   0.0000000000000000E+000
       128640  8.0760256188028160E-004  0.0000000000000000E+000
   0.0000000000000000E+000
       128832  7.9295596628643989E-004  0.0000000000000000E+000
   0.0000000000000000E+000
       129024  6.5652067843488863E-004  0.0000000000000000E+000
   0.0000000000000000E+000
       129216  4.8526269182338198E-004  0.0000000000000000E+000
   0.0000000000000000E+000
       129408  4.1817677178168893E-004  0.0000000000000000E+000
   0.0000000000000000E+000
       129600  3.8305997447038545E-004  0.0000000000000000E+000
   0.0000000000000000E+000
       129792  3.5611748144870261E-004  0.0000000000000000E+000
   0.0000000000000000E+000
       129984  3.5487827803017862E-004  0.0000000000000000E+000
   0.0000000000000000E+000
       130176  3.8092334119629222E-004  0.0000000000000000E+000
   0.0000000000000000E+000
       130368  4.3341012397094827E-004  0.0000000000000000E+000
   0.0000000000000000E+000
       130560  5.1205905650270869E-004  0.0000000000000000E+000
   0.0000000000000000E+000
       130752  6.1677947968708912E-004  0.0000000000000000E+000
   0.0000000000000000E+000
       130944  7.6343217382194911E-004  0.0000000000000000E+000
   0.0000000000000000E+000
       131136  9.3057521485590076E-004  0.0000000000000000E+000
   0.0000000000000000E+000
       131328  9.2056834954951073E-004  0.0000000000000000E+000
   0.0000000000000000E+000
       131520  6.9943051787718982E-004  0.0000000000000000E+000
   0.0000000000000000E+000
       131712  4.8668263371949165E-004  0.0000000000000000E+000
   0.0000000000000000E+000
       131904  3.7631559750018285E-004  0.0000000000000000E+000
   0.0000000000000000E+000
       132096  3.2122112940448507E-004  0.0000000000000000E+000
   0.0000000000000000E+000
       132288  2.9028357536702698E-004  0.0000000000000000E+000
   0.0000000000000000E+000
       132480  2.8632809001320747E-004  0.0000000000000000E+000
   0.0000000000000000E+000
       132672  3.1216907788381067E-004  0.0000000000000000E+000
   0.0000000000000000E+000
       132864  3.7488907256705799E-004  0.0000000000000000E+000
   0.0000000000000000E+000
       133056  4.8351497468847104E-004  0.0000000000000000E+000
   0.0000000000000000E+000
       133248  6.3853066440213205E-004  0.0000000000000000E+000
   0.0000000000000000E+000
       133440  8.3970743053344036E-004  0.0000000000000000E+000
   0.0000000000000000E+000
       133632  1.0173604698449940E-003  0.0000000000000000E+000
   0.0000000000000000E+000
       133824  8.6720850183237617E-004  0.0000000000000000E+000
   0.0000000000000000E+000
       134016  5.7570878484512994E-004  0.0000000000000000E+000
   0.0000000000000000E+000
       134208  4.0977682034397920E-004  0.0000000000000000E+000
   0.0000000000000000E+000
       134400  3.1636186025264373E-004  0.0000000000000000E+000
   0.0000000000000000E+000
       134592  2.7135835119851496E-004  0.0000000000000000E+000
   0.0000000000000000E+000
       134784  2.6626409180690046E-004  0.0000000000000000E+000
   0.0000000000000000E+000
       134976  2.9553360311779475E-004  0.0000000000000000E+000
   0.0000000000000000E+000
       135168  3.5697206600183437E-004  0.0000000000000000E+000
   0.0000000000000000E+000
       135360  4.5146062780217943E-004  0.0000000000000000E+000
   0.0000000000000000E+000
       135552  5.7801559456683693E-004  0.0000000000000000E+000
   0.0000000000000000E+000
       135744  7.4235900399142486E-004  0.0000000000000000E+000
   0.0000000000000000E+000
       135936  9.1548613943685147E-004  0.0000000000000000E+000
   0.0000000000000000E+000
       136128  9.1945146988492074E-004  0.0000000000000000E+000
   0.0000000000000000E+000
       136320  7.0897590421079731E-004  0.0000000000000000E+000
   0.0000000000000000E+000
       136512  5.2087309466887738E-004  0.0000000000000000E+000
   0.0000000000000000E+000
       136704  4.2177903373555222E-004  0.0000000000000000E+000
   0.0000000000000000E+000
       136896  3.4124892438659461E-004  0.0000000000000000E+000
   0.0000000000000000E+000
       137088  2.9106110725457557E-004  0.0000000000000000E+000
   0.0000000000000000E+000
       137280  2.8006393295041825E-004  0.0000000000000000E+000
   0.0000000000000000E+000
       137472  3.0721202294416139E-004  0.0000000000000000E+000
   0.0000000000000000E+000
       137664  3.7180395988662069E-004  0.0000000000000000E+000
   0.0000000000000000E+000
       137856  4.7440512525640422E-004  0.0000000000000000E+000
   0.0000000000000000E+000
       138048  6.1356315688753554E-004  0.0000000000000000E+000
   0.0000000000000000E+000
       138240  7.8002866681275800E-004  0.0000000000000000E+000
   0.0000000000000000E+000
       138432  8.7862326771075291E-004  0.0000000000000000E+000
   0.0000000000000000E+000
       138624  7.7748321821687473E-004  0.0000000000000000E+000
   0.0000000000000000E+000
       138816  5.6439551216090839E-004  0.0000000000000000E+000
   0.0000000000000000E+000
       139008  4.3678077588997488E-004  0.0000000000000000E+000
   0.0000000000000000E+000
       139200  3.7968141126171239E-004  0.0000000000000000E+000
   0.0000000000000000E+000
       139392  3.5464678704198911E-004  0.0000000000000000E+000
   0.0000000000000000E+000
       139584  3.6290136245426815E-004  0.0000000000000000E+000
   0.0000000000000000E+000
       139776  3.9831883811269414E-004  0.0000000000000000E+000
   0.0000000000000000E+000
       139968  4.5644969805253520E-004  0.0000000000000000E+000
   0.0000000000000000E+000
       140160  5.3201948541992008E-004  0.0000000000000000E+000
   0.0000000000000000E+000
       140352  6.1909860520165030E-004  0.0000000000000000E+000
   0.0000000000000000E+000
       140544  7.2870920959013487E-004  0.0000000000000000E+000
   0.0000000000000000E+000
       140736  8.8857892007529634E-004  0.0000000000000000E+000
   0.0000000000000000E+000
       140928  9.8746272234556285E-004  0.0000000000000000E+000
   0.0000000000000000E+000
       141120  8.4500693732557407E-004  0.0000000000000000E+000
   0.0000000000000000E+000
       141312  5.6268009197676710E-004  0.0000000000000000E+000
   0.0000000000000000E+000
       141504  3.7597435764068438E-004  0.0000000000000000E+000
   0.0000000000000000E+000
       141696  2.7958283386106853E-004  0.0000000000000000E+000
   0.0000000000000000E+000
       141888  2.3470662077492525E-004  0.0000000000000000E+000
   0.0000000000000000E+000
       142080  2.2435282601631737E-004  0.0000000000000000E+000
   0.0000000000000000E+000
       142272  2.4141103862116388E-004  0.0000000000000000E+000
   0.0000000000000000E+000
       142464  2.9063617620001415E-004  0.0000000000000000E+000
   0.0000000000000000E+000
       142656  3.8487822485810285E-004  0.0000000000000000E+000
   0.0000000000000000E+000
       142848  5.3430141709319488E-004  0.0000000000000000E+000
   0.0000000000000000E+000
       143040  7.2892148464775194E-004  0.0000000000000000E+000
   0.0000000000000000E+000
       143232  9.5129056024627389E-004  0.0000000000000000E+000
   0.0000000000000000E+000
       143424  9.5371728972942326E-004  0.0000000000000000E+000
   0.0000000000000000E+000
       143616  6.8795576311965760E-004  0.0000000000000000E+000
   0.0000000000000000E+000
       143808  5.3748969332137366E-004  0.0000000000000000E+000
   0.0000000000000000E+000
       144000  4.4906023928748234E-004  0.0000000000000000E+000
   0.0000000000000000E+000
       144192  3.7099856008297743E-004  0.0000000000000000E+000
   0.0000000000000000E+000
       144384  3.2947222524719869E-004  0.0000000000000000E+000
   0.0000000000000000E+000
       144576  3.2990028005356421E-004  0.0000000000000000E+000
   0.0000000000000000E+000
       144768  3.6834802252518468E-004  0.0000000000000000E+000
   0.0000000000000000E+000
       144960  4.3822189161876572E-004  0.0000000000000000E+000
   0.0000000000000000E+000
       145152  5.3695859489188448E-004  0.0000000000000000E+000
   0.0000000000000000E+000
       145344  6.6288752315128154E-004  0.0000000000000000E+000
   0.0000000000000000E+000
       145536  7.8571727381857872E-004  0.0000000000000000E+000
   0.0000000000000000E+000
       145728  8.2737997981125692E-004  0.0000000000000000E+000
   0.0000000000000000E+000
       145920  7.4091967567011083E-004  0.0000000000000000E+000
   0.0000000000000000E+000
       146112  5.7098244886199102E-004  0.0000000000000000E+000
   0.0000000000000000E+000
       146304  4.4362671633694161E-004  0.0000000000000000E+000
   0.0000000000000000E+000
       146496  4.0573044199757659E-004  0.0000000000000000E+000
   0.0000000000000000E+000
       146688  3.6285640900459739E-004  0.0000000000000000E+000
   0.0000000000000000E+000
       146880  3.3070770322394443E-004  0.0000000000000000E+000
   0.0000000000000000E+000
       147072  3.2991516199663373E-004  0.0000000000000000E+000
   0.0000000000000000E+000
       147264  3.6265090289192887E-004  0.0000000000000000E+000
   0.0000000000000000E+000
       147456  4.3159173126761726E-004  0.0000000000000000E+000
   0.0000000000000000E+000
       147648  5.3817969881006099E-004  0.0000000000000000E+000
   0.0000000000000000E+000
       147840  6.8172734299127603E-004  0.0000000000000000E+000
   0.0000000000000000E+000
       148032  8.7074879552626885E-004  0.0000000000000000E+000
   0.0000000000000000E+000
       148224  9.5384529326828112E-004  0.0000000000000000E+000
   0.0000000000000000E+000
       148416  7.8889420765547804E-004  0.0000000000000000E+000
   0.0000000000000000E+000
       148608  5.6490104637142171E-004  0.0000000000000000E+000
   0.0000000000000000E+000
       148800  4.2417573681221806E-004  0.0000000000000000E+000
   0.0000000000000000E+000
       148992  3.6139041937676368E-004  0.0000000000000000E+000
   0.0000000000000000E+000
       149184  3.2303880431646873E-004  0.0000000000000000E+000
   0.0000000000000000E+000
       149376  3.0968668097753862E-004  0.0000000000000000E+000
   0.0000000000000000E+000
       149568  3.2590449426888056E-004  0.0000000000000000E+000
   0.0000000000000000E+000
       149760  3.7451041701512013E-004  0.0000000000000000E+000
   0.0000000000000000E+000
       149952  4.6147370945477190E-004  0.0000000000000000E+000
   0.0000000000000000E+000
       150144  5.8905457364711504E-004  0.0000000000000000E+000
   0.0000000000000000E+000
       150336  7.5527112196233656E-004  0.0000000000000000E+000
   0.0000000000000000E+000
       150528  9.6941330790398532E-004  0.0000000000000000E+000
   0.0000000000000000E+000
       150720  9.8581186103405120E-004  0.0000000000000000E+000
   0.0000000000000000E+000
       150912  6.8384156402334542E-004  0.0000000000000000E+000
   0.0000000000000000E+000
       151104  4.4059608725407931E-004  0.0000000000000000E+000
   0.0000000000000000E+000
       151296  3.2243955922157535E-004  0.0000000000000000E+000
   0.0000000000000000E+000
       151488  2.6390308547175631E-004  0.0000000000000000E+000
   0.0000000000000000E+000
       151680  2.4379646075908996E-004  0.0000000000000000E+000
   0.0000000000000000E+000
       151872  2.5761852305743074E-004  0.0000000000000000E+000
   0.0000000000000000E+000
       152064  3.0364309727156947E-004  0.0000000000000000E+000
   0.0000000000000000E+000
       152256  3.8529570447718976E-004  0.0000000000000000E+000
   0.0000000000000000E+000
       152448  5.0672516152588509E-004  0.0000000000000000E+000
   0.0000000000000000E+000
       152640  6.6670099354872300E-004  0.0000000000000000E+000
   0.0000000000000000E+000
       152832  8.7747906424654875E-004  0.0000000000000000E+000
   0.0000000000000000E+000
       153024  1.0091933325112627E-003  0.0000000000000000E+000
   0.0000000000000000E+000
       153216  8.4114254904199320E-004  0.0000000000000000E+000
   0.0000000000000000E+000
       153408  5.9923239545647041E-004  0.0000000000000000E+000
   0.0000000000000000E+000
       153600  4.8122998754116414E-004  0.0000000000000000E+000
   0.0000000000000000E+000
       153792  3.8117745942409541E-004  0.0000000000000000E+000
   0.0000000000000000E+000
       153984  3.0512128962139479E-004  0.0000000000000000E+000
   0.0000000000000000E+000
       154176  2.7711995107966195E-004  0.0000000000000000E+000
   0.0000000000000000E+000
       154368  2.9239497733760182E-004  0.0000000000000000E+000
   0.0000000000000000E+000
       154560  3.4446731238882314E-004  0.0000000000000000E+000
   0.0000000000000000E+000
       154752  4.3100239960924109E-004  0.0000000000000000E+000
   0.0000000000000000E+000
       154944  5.5006865189069802E-004  0.0000000000000000E+000
   0.0000000000000000E+000
       155136  6.9428458489100746E-004  0.0000000000000000E+000
   0.0000000000000000E+000
       155328  8.2113236646159785E-004  0.0000000000000000E+000
   0.0000000000000000E+000
       155520  8.1645009016723916E-004  0.0000000000000000E+000
   0.0000000000000000E+000
       155712  6.4802090077774939E-004  0.0000000000000000E+000
   0.0000000000000000E+000
       155904  4.7428565042319432E-004  0.0000000000000000E+000
   0.0000000000000000E+000
       156096  4.0031071797853261E-004  0.0000000000000000E+000
   0.0000000000000000E+000
       156288  3.6269161068448372E-004  0.0000000000000000E+000
   0.0000000000000000E+000
       156480  3.6227123710880677E-004  0.0000000000000000E+000
   0.0000000000000000E+000
       156672  3.9459032972880318E-004  0.0000000000000000E+000
   0.0000000000000000E+000
       156864  4.5062996439316274E-004  0.0000000000000000E+000
   0.0000000000000000E+000
       157056  5.2207704013825895E-004  0.0000000000000000E+000
   0.0000000000000000E+000
       157248  5.9958992467892813E-004  0.0000000000000000E+000
   0.0000000000000000E+000
       157440  6.8397080048004878E-004  0.0000000000000000E+000
   0.0000000000000000E+000
       157632  8.0553427012496396E-004  0.0000000000000000E+000
   0.0000000000000000E+000
       157824  9.3776670253982225E-004  0.0000000000000000E+000
   0.0000000000000000E+000
       158016  9.1689054143887481E-004  0.0000000000000000E+000
   0.0000000000000000E+000
       158208  6.9413943035477707E-004  0.0000000000000000E+000
   0.0000000000000000E+000
       158400  4.6491228480807122E-004  0.0000000000000000E+000
   0.0000000000000000E+000
       158592  3.3955474850904006E-004  0.0000000000000000E+000
   0.0000000000000000E+000
       158784  2.7134008772111522E-004  0.0000000000000000E+000
   0.0000000000000000E+000
       158976  2.3992207031028420E-004  0.0000000000000000E+000
   0.0000000000000000E+000
       159168  2.3812844752272051E-004  0.0000000000000000E+000
   0.0000000000000000E+000
       159360  2.6493883863839841E-004  0.0000000000000000E+000
   0.0000000000000000E+000
       159552  3.2811953849261647E-004  0.0000000000000000E+000
   0.0000000000000000E+000
       159744  4.4411221274383972E-004  0.0000000000000000E+000
   0.0000000000000000E+000
       159936  6.1832222856043006E-004  0.0000000000000000E+000
   0.0000000000000000E+000
       160128  8.3120710255964322E-004  0.0000000000000000E+000
   0.0000000000000000E+000
       160320  9.8651530294944969E-004  0.0000000000000000E+000
   0.0000000000000000E+000
       160512  8.1351445500970644E-004  0.0000000000000000E+000
   0.0000000000000000E+000
       160704  6.0143260526391001E-004  0.0000000000000000E+000
   0.0000000000000000E+000
       160896  4.9627512254791573E-004  0.0000000000000000E+000
   0.0000000000000000E+000
       161088  4.0727054698811788E-004  0.0000000000000000E+000
   0.0000000000000000E+000
       161280  3.4825322609431078E-004  0.0000000000000000E+000
   0.0000000000000000E+000
       161472  3.3186123381429055E-004  0.0000000000000000E+000
   0.0000000000000000E+000
       161664  3.5380681356473399E-004  0.0000000000000000E+000
   0.0000000000000000E+000
       161856  4.0809753624869807E-004  0.0000000000000000E+000
   0.0000000000000000E+000
       162048  4.8997697304205441E-004  0.0000000000000000E+000
   0.0000000000000000E+000
       162240  6.0150602722474906E-004  0.0000000000000000E+000
   0.0000000000000000E+000
       162432  7.3409482882054173E-004  0.0000000000000000E+000
   0.0000000000000000E+000
       162624  8.2861235656095887E-004  0.0000000000000000E+000
   0.0000000000000000E+000
       162816  8.0141379771108475E-004  0.0000000000000000E+000
   0.0000000000000000E+000
       163008  6.6384907237532350E-004  0.0000000000000000E+000
   0.0000000000000000E+000
       163200  4.8550468969094573E-004  0.0000000000000000E+000
   0.0000000000000000E+000
       163392  4.2043172672531949E-004  0.0000000000000000E+000
   0.0000000000000000E+000
       163584  3.9662253118827941E-004  0.0000000000000000E+000
   0.0000000000000000E+000
       163776  3.5361742765663566E-004  0.0000000000000000E+000
   0.0000000000000000E+000
       163968  3.2432749709616866E-004  0.0000000000000000E+000
   0.0000000000000000E+000
       164160  3.3029401159270452E-004  0.0000000000000000E+000
   0.0000000000000000E+000
       164352  3.7626314658293860E-004  0.0000000000000000E+000
   0.0000000000000000E+000
       164544  4.6465457874545380E-004  0.0000000000000000E+000
   0.0000000000000000E+000
       164736  5.9403537799521697E-004  0.0000000000000000E+000
   0.0000000000000000E+000
       164928  7.6869673099082237E-004  0.0000000000000000E+000
   0.0000000000000000E+000
       165120  9.1890604473063146E-004  0.0000000000000000E+000
   0.0000000000000000E+000
       165312  8.4013922763152675E-004  0.0000000000000000E+000
   0.0000000000000000E+000
       165504  6.2539649873734717E-004  0.0000000000000000E+000
   0.0000000000000000E+000
       165696  4.6500729854538267E-004  0.0000000000000000E+000
   0.0000000000000000E+000
       165888  3.9745682627865181E-004  0.0000000000000000E+000
   0.0000000000000000E+000
       166080  3.6635588530878560E-004  0.0000000000000000E+000
   0.0000000000000000E+000
       166272  3.5202972633400814E-004  0.0000000000000000E+000
   0.0000000000000000E+000
       166464  3.6159936615645882E-004  0.0000000000000000E+000
   0.0000000000000000E+000
       166656  3.9871114658114701E-004  0.0000000000000000E+000
   0.0000000000000000E+000
       166848  4.6540074082410506E-004  0.0000000000000000E+000
   0.0000000000000000E+000
       167040  5.6137477918435344E-004  0.0000000000000000E+000
   0.0000000000000000E+000
       167232  6.8823606400582305E-004  0.0000000000000000E+000
   0.0000000000000000E+000
       167424  8.7247536614884209E-004  0.0000000000000000E+000
   0.0000000000000000E+000
       167616  1.0070136101995193E-003  0.0000000000000000E+000
   0.0000000000000000E+000
       167808  8.1322142763169333E-004  0.0000000000000000E+000
   0.0000000000000000E+000
       168000  5.0696355746580348E-004  0.0000000000000000E+000
   0.0000000000000000E+000
       168192  3.4517703872431678E-004  0.0000000000000000E+000
   0.0000000000000000E+000
       168384  2.7189365061236400E-004  0.0000000000000000E+000
   0.0000000000000000E+000
       168576  2.4212656386081601E-004  0.0000000000000000E+000
   0.0000000000000000E+000
       168768  2.4201958729998648E-004  0.0000000000000000E+000
   0.0000000000000000E+000
       168960  2.6982502719969547E-004  0.0000000000000000E+000
   0.0000000000000000E+000
       169152  3.3107528929831047E-004  0.0000000000000000E+000
   0.0000000000000000E+000
       169344  4.3468570838164249E-004  0.0000000000000000E+000
   0.0000000000000000E+000
       169536  5.8617571189284402E-004  0.0000000000000000E+000
   0.0000000000000000E+000
       169728  7.8984763109275682E-004  0.0000000000000000E+000
   0.0000000000000000E+000
       169920  1.0160976016113650E-003  0.0000000000000000E+000
   0.0000000000000000E+000
       170112  9.4644003548052780E-004  0.0000000000000000E+000
   0.0000000000000000E+000
       170304  6.7353686217384531E-004  0.0000000000000000E+000
   0.0000000000000000E+000
       170496  5.3538929313931755E-004  0.0000000000000000E+000
   0.0000000000000000E+000
       170688  4.3433032436963919E-004  0.0000000000000000E+000
   0.0000000000000000E+000
       170880  3.4338525451234971E-004  0.0000000000000000E+000
   0.0000000000000000E+000
       171072  2.9912009447176618E-004  0.0000000000000000E+000
   0.0000000000000000E+000
       171264  3.0375020855508860E-004  0.0000000000000000E+000
   0.0000000000000000E+000
       171456  3.4578058523013227E-004  0.0000000000000000E+000
   0.0000000000000000E+000
       171648  4.1761554834831920E-004  0.0000000000000000E+000
   0.0000000000000000E+000
       171840  5.1525767332914437E-004  0.0000000000000000E+000
   0.0000000000000000E+000
       172032  6.3427257750951348E-004  0.0000000000000000E+000
   0.0000000000000000E+000
       172224  7.5127742028283095E-004  0.0000000000000000E+000
   0.0000000000000000E+000
       172416  7.9257115032108853E-004  0.0000000000000000E+000
   0.0000000000000000E+000
       172608  7.0403648225253511E-004  0.0000000000000000E+000
   0.0000000000000000E+000
       172800  5.2797241818495382E-004  0.0000000000000000E+000
   0.0000000000000000E+000
