          192  2.6444916619850276E-004  0.0000000000000000E+000
   0.0000000000000000E+000
          384  9.4552145890446050E-004  0.0000000000000000E+000
   0.0000000000000000E+000
          576  2.4125092128210032E-003  0.0000000000000000E+000
   0.0000000000000000E+000
          768  2.7226802472909532E-003  0.0000000000000000E+000
   0.0000000000000000E+000
          960  2.2746144895741851E-004  0.0000000000000000E+000
   0.0000000000000000E+000
         1152  9.3401834582522227E-005  0.0000000000000000E+000
   0.0000000000000000E+000
         1344  1.2026560570759636E-004  0.0000000000000000E+000
   0.0000000000000000E+000
         1536  1.5644123873760101E-004  0.0000000000000000E+000
   0.0000000000000000E+000
         1728  2.1514597211708778E-004  0.0000000000000000E+000
   0.0000000000000000E+000
         1920  3.0846188957215227E-004  0.0000000000000000E+000
   0.0000000000000000E+000
         2112  3.8927325604359397E-004  0.0000000000000000E+000
   0.0000000000000000E+000
         2304  3.7899936803288724E-004  0.0000000000000000E+000
   0.0000000000000000E+000
         2496  4.1376337059135355E-004  0.0000000000000000E+000
   0.0000000000000000E+000
         2688  6.9598947292929473E-004  0.0000000000000000E+000
   0.0000000000000000E+000
         2880  1.4469146074840053E-003  0.0000000000000000E+000
   0.0000000000000000E+000
         3072  1.7202291049279227E-003  0.0000000000000000E+000
   0.0000000000000000E+000
         3264  7.0128269626098356E-004  0.0000000000000000E+000
   0.0000000000000000E+000
         3456  2.2654643297127905E-004  0.0000000000000000E+000
   0.0000000000000000E+000
         3648  2.2257131115543824E-004  0.0000000000000000E+000
   0.0000000000000000E+000
         3840  3.8532773553051153E-004  0.0000000000000000E+000
   0.0000000000000000E+000
         4032  5.9714073231303315E-004  0.0000000000000000E+000
   0.0000000000000000E+000
         4224  6.7042250155176740E-004  0.0000000000000000E+000
   0.0000000000000000E+000
         4416  6.4955196520443531E-004  0.0000000000000000E+000
   0.0000000000000000E+000
         4608  5.9296303950007623E-004  0.0000000000000000E+000
   0.0000000000000000E+000
         4800  7.8366635864230165E-004  0.0000000000000000E+000
   0.0000000000000000E+000
         4992  1.1352862867568599E-003  0.0000000000000000E+000
   0.0000000000000000E+000
         5184  1.8369085231030313E-003  0.0000000000000000E+000
   0.0000000000000000E+000
         5376  2.5345898973862771E-003  0.0000000000000000E+000
   0.0000000000000000E+000
         5568  4.1887778211625648E-004  0.0000000000000000E+000
   0.0000000000000000E+000
         5760  3.2020971621433443E-004  0.0000000000000000E+000
   0.0000000000000000E+000
         5952  3.7865769221468321E-004  0.0000000000000000E+000
   0.0000000000000000E+000
         6144  5.1934796640382803E-004  0.0000000000000000E+000
   0.0000000000000000E+000
         6336  7.9924656778455384E-004  0.0000000000000000E+000
   0.0000000000000000E+000
         6528  1.1693542562807003E-003  0.0000000000000000E+000
   0.0000000000000000E+000
         6720  1.2804233838371979E-003  0.0000000000000000E+000
   0.0000000000000000E+000
         6912  1.1673857178916378E-003  0.0000000000000000E+000
   0.0000000000000000E+000
         7104  1.1720439533710728E-003  0.0000000000000000E+000
   0.0000000000000000E+000
         7296  9.2988450345541014E-004  0.0000000000000000E+000
   0.0000000000000000E+000
         7488  3.0866708013282593E-004  0.0000000000000000E+000
   0.0000000000000000E+000
         7680  8.6254877805313753E-005  0.0000000000000000E+000
   0.0000000000000000E+000
         7872  4.5727987881966102E-005  0.0000000000000000E+000
   0.0000000000000000E+000
         8064  3.6032010976049154E-005  0.0000000000000000E+000
   0.0000000000000000E+000
         8256  3.6356352420700548E-005  0.0000000000000000E+000
   0.0000000000000000E+000
         8448  4.9050739153948673E-005  0.0000000000000000E+000
   0.0000000000000000E+000
         8640  9.8060084567284402E-005  0.0000000000000000E+000
   0.0000000000000000E+000
         8832  2.3874881065131539E-004  0.0000000000000000E+000
   0.0000000000000000E+000
         9024  5.6572762013417602E-004  0.0000000000000000E+000
   0.0000000000000000E+000
         9216  1.1083185739660922E-003  0.0000000000000000E+000
   0.0000000000000000E+000
         9408  1.6876359020004776E-003  0.0000000000000000E+000
   0.0000000000000000E+000
         9600  8.2164657949558540E-004  0.0000000000000000E+000
   0.0000000000000000E+000
         9792  1.2877354548164336E-004  0.0000000000000000E+000
   0.0000000000000000E+000
         9984  4.1109628365171679E-005  0.0000000000000000E+000
   0.0000000000000000E+000
        10176  2.6464720081441600E-005  0.0000000000000000E+000
   0.0000000000000000E+000
        10368  2.8809465508230729E-005  0.0000000000000000E+000
   0.0000000000000000E+000
        10560  4.9067777620840017E-005  0.0000000000000000E+000
   0.0000000000000000E+000
        10752  1.2303218737880285E-004  0.0000000000000000E+000
   0.0000000000000000E+000
        10944  3.9714605047902230E-004  0.0000000000000000E+000
   0.0000000000000000E+000
        11136  1.3412771733259314E-003  0.0000000000000000E+000
   0.0000000000000000E+000
        11328  2.1121182548145948E-003  0.0000000000000000E+000
   0.0000000000000000E+000
        11520  6.7261513236615688E-004  0.0000000000000000E+000
   0.0000000000000000E+000
        11712  6.0430327632561868E-004  0.0000000000000000E+000
   0.0000000000000000E+000
        11904  5.9409928241643025E-004  0.0000000000000000E+000
   0.0000000000000000E+000
        12096  4.9125536288513959E-004  0.0000000000000000E+000
   0.0000000000000000E+000
        12288  3.4493906531691740E-004  0.0000000000000000E+000
   0.0000000000000000E+000
        12480  2.9524607070283810E-004  0.0000000000000000E+000
   0.0000000000000000E+000
        12672  2.6004104406500352E-004  0.0000000000000000E+000
   0.0000000000000000E+000
        12864  2.2696009554627026E-004  0.0000000000000000E+000
   0.0000000000000000E+000
        13056  3.2172394400096328E-004  0.0000000000000000E+000
   0.0000000000000000E+000
        13248  8.5777797283241770E-004  0.0000000000000000E+000
   0.0000000000000000E+000
        13440  2.4510428653905362E-003  0.0000000000000000E+000
   0.0000000000000000E+000
        13632  2.7889385924535935E-003  0.0000000000000000E+000
   0.0000000000000000E+000
        13824  1.8236856875990675E-003  0.0000000000000000E+000
   0.0000000000000000E+000
        14016  1.4600686513995342E-004  0.0000000000000000E+000
   0.0000000000000000E+000
        14208  2.1116274117100666E-004  0.0000000000000000E+000
   0.0000000000000000E+000
        14400  3.1169123691607645E-004  0.0000000000000000E+000
   0.0000000000000000E+000
        14592  3.8505057547826303E-004  0.0000000000000000E+000
   0.0000000000000000E+000
        14784  4.0627538414825996E-004  0.0000000000000000E+000
   0.0000000000000000E+000
        14976  4.2635280576210690E-004  0.0000000000000000E+000
   0.0000000000000000E+000
        15168  5.2852014351719605E-004  0.0000000000000000E+000
   0.0000000000000000E+000
        15360  7.8370431170991361E-004  0.0000000000000000E+000
   0.0000000000000000E+000
        15552  1.1596944322456388E-003  0.0000000000000000E+000
   0.0000000000000000E+000
        15744  1.3804994065134933E-003  0.0000000000000000E+000
   0.0000000000000000E+000
        15936  9.1193231673681522E-004  0.0000000000000000E+000
   0.0000000000000000E+000
        16128  5.7883779523873913E-004  0.0000000000000000E+000
   0.0000000000000000E+000
        16320  3.8885958209285468E-004  0.0000000000000000E+000
   0.0000000000000000E+000
        16512  2.8570543380138021E-004  0.0000000000000000E+000
   0.0000000000000000E+000
        16704  2.1892047176827117E-004  0.0000000000000000E+000
   0.0000000000000000E+000
        16896  1.7252671632422568E-004  0.0000000000000000E+000
   0.0000000000000000E+000
        17088  1.4146104079176651E-004  0.0000000000000000E+000
   0.0000000000000000E+000
        17280  1.3060709475350900E-004  0.0000000000000000E+000
   0.0000000000000000E+000
        17472  1.2529165612983634E-004  0.0000000000000000E+000
   0.0000000000000000E+000
        17664  1.2681019132509960E-004  0.0000000000000000E+000
   0.0000000000000000E+000
        17856  1.5552408159902440E-004  0.0000000000000000E+000
   0.0000000000000000E+000
        18048  2.8250734911007005E-004  0.0000000000000000E+000
   0.0000000000000000E+000
        18240  7.6543349825653980E-004  0.0000000000000000E+000
   0.0000000000000000E+000
        18432  2.3022060068191475E-003  0.0000000000000000E+000
   0.0000000000000000E+000
        18624  3.2485993249642131E-003  0.0000000000000000E+000
   0.0000000000000000E+000
        18816  5.5303872705690107E-004  0.0000000000000000E+000
   0.0000000000000000E+000
        19008  1.0607206139613412E-004  0.0000000000000000E+000
   0.0000000000000000E+000
        19200  6.0776676902870346E-005  0.0000000000000000E+000
   0.0000000000000000E+000
        19392  4.4512849215016162E-005  0.0000000000000000E+000
   0.0000000000000000E+000
        19584  4.2745133684332801E-005  0.0000000000000000E+000
   0.0000000000000000E+000
        19776  5.0658911336617311E-005  0.0000000000000000E+000
   0.0000000000000000E+000
        19968  7.1952833065268127E-005  0.0000000000000000E+000
   0.0000000000000000E+000
        20160  1.2115151081495356E-004  0.0000000000000000E+000
   0.0000000000000000E+000
        20352  2.4466891633940921E-004  0.0000000000000000E+000
   0.0000000000000000E+000
        20544  5.8214335887891685E-004  0.0000000000000000E+000
   0.0000000000000000E+000
        20736  1.4372501950125260E-003  0.0000000000000000E+000
   0.0000000000000000E+000
        20928  2.7637673647967938E-003  0.0000000000000000E+000
   0.0000000000000000E+000
        21120  2.6790139848093322E-003  0.0000000000000000E+000
   0.0000000000000000E+000
        21312  1.1821792814361875E-003  0.0000000000000000E+000
   0.0000000000000000E+000
        21504  5.8239280245751986E-004  0.0000000000000000E+000
   0.0000000000000000E+000
        21696  3.6694209447671626E-004  0.0000000000000000E+000
   0.0000000000000000E+000
        21888  4.0352905204771213E-004  0.0000000000000000E+000
   0.0000000000000000E+000
        22080  5.2077870819755372E-004  0.0000000000000000E+000
   0.0000000000000000E+000
        22272  6.2382520249752845E-004  0.0000000000000000E+000
   0.0000000000000000E+000
        22464  6.7995453795432266E-004  0.0000000000000000E+000
   0.0000000000000000E+000
        22656  7.9020622557599506E-004  0.0000000000000000E+000
   0.0000000000000000E+000
        22848  1.0722827525001574E-003  0.0000000000000000E+000
   0.0000000000000000E+000
        23040  1.6109787063179710E-003  0.0000000000000000E+000
   0.0000000000000000E+000
        23232  2.7308195595448868E-003  0.0000000000000000E+000
   0.0000000000000000E+000
        23424  2.9552244662971114E-003  0.0000000000000000E+000
   0.0000000000000000E+000
        23616  1.2852693178341020E-004  0.0000000000000000E+000
   0.0000000000000000E+000
        23808  5.0075648543797561E-005  0.0000000000000000E+000
   0.0000000000000000E+000
        24000  4.2896119644598893E-005  0.0000000000000000E+000
   0.0000000000000000E+000
        24192  4.1830334663973181E-005  0.0000000000000000E+000
   0.0000000000000000E+000
        24384  5.1900368549035685E-005  0.0000000000000000E+000
   0.0000000000000000E+000
        24576  8.5210468971810109E-005  0.0000000000000000E+000
   0.0000000000000000E+000
        24768  1.6141813901531448E-004  0.0000000000000000E+000
   0.0000000000000000E+000
        24960  3.0788519046076346E-004  0.0000000000000000E+000
   0.0000000000000000E+000
        25152  5.6343817462796355E-004  0.0000000000000000E+000
   0.0000000000000000E+000
        25344  7.7323434190135470E-004  0.0000000000000000E+000
   0.0000000000000000E+000
        25536  5.2889358512772655E-004  0.0000000000000000E+000
   0.0000000000000000E+000
        25728  2.1641365899057952E-004  0.0000000000000000E+000
   0.0000000000000000E+000
        25920  1.1206196980823835E-004  0.0000000000000000E+000
   0.0000000000000000E+000
        26112  8.8978647052503118E-005  0.0000000000000000E+000
   0.0000000000000000E+000
        26304  1.0521565464209357E-004  0.0000000000000000E+000
   0.0000000000000000E+000
        26496  1.8231593706362719E-004  0.0000000000000000E+000
   0.0000000000000000E+000
        26688  4.2792216298952315E-004  0.0000000000000000E+000
   0.0000000000000000E+000
        26880  9.4919431934971539E-004  0.0000000000000000E+000
   0.0000000000000000E+000
        27072  1.3434718584761746E-003  0.0000000000000000E+000
   0.0000000000000000E+000
        27264  8.5915869223018057E-004  0.0000000000000000E+000
   0.0000000000000000E+000
        27456  2.3636646111613403E-004  0.0000000000000000E+000
   0.0000000000000000E+000
        27648  9.4345765406738267E-005  0.0000000000000000E+000
   0.0000000000000000E+000
        27840  6.7577581015756225E-005  0.0000000000000000E+000
   0.0000000000000000E+000
        28032  7.8606094832542764E-005  0.0000000000000000E+000
   0.0000000000000000E+000
        28224  1.3656779125958705E-004  0.0000000000000000E+000
   0.0000000000000000E+000
        28416  3.1792292224231837E-004  0.0000000000000000E+000
   0.0000000000000000E+000
        28608  8.4187938845547722E-004  0.0000000000000000E+000
   0.0000000000000000E+000
        28800  1.6107097069452594E-003  0.0000000000000000E+000
   0.0000000000000000E+000
        28992  9.9676970804688653E-004  0.0000000000000000E+000
   0.0000000000000000E+000
        29184  5.4380013812060891E-004  0.0000000000000000E+000
   0.0000000000000000E+000
        29376  4.8099352627313898E-004  0.0000000000000000E+000
   0.0000000000000000E+000
        29568  4.4322855132560306E-004  0.0000000000000000E+000
   0.0000000000000000E+000
        29760  3.3109813867852899E-004  0.0000000000000000E+000
   0.0000000000000000E+000
        29952  2.9430312822290277E-004  0.0000000000000000E+000
   0.0000000000000000E+000
        30144  2.5913494092116423E-004  0.0000000000000000E+000
   0.0000000000000000E+000
        30336  3.1949321104080729E-004  0.0000000000000000E+000
   0.0000000000000000E+000
        30528  6.9759734306842880E-004  0.0000000000000000E+000
   0.0000000000000000E+000
        30720  2.0076674340465950E-003  0.0000000000000000E+000
   0.0000000000000000E+000
        30912  3.2602674154356124E-003  0.0000000000000000E+000
   0.0000000000000000E+000
        31104  2.0305309465171680E-003  0.0000000000000000E+000
   0.0000000000000000E+000
        31296  1.1004444318418741E-004  0.0000000000000000E+000
   0.0000000000000000E+000
        31488  1.4940228209166492E-004  0.0000000000000000E+000
   0.0000000000000000E+000
        31680  2.4419613458436640E-004  0.0000000000000000E+000
   0.0000000000000000E+000
        31872  3.7407911307397860E-004  0.0000000000000000E+000
   0.0000000000000000E+000
        32064  4.7997680496061001E-004  0.0000000000000000E+000
   0.0000000000000000E+000
        32256  5.1402841561985009E-004  0.0000000000000000E+000
   0.0000000000000000E+000
        32448  5.6819519060927388E-004  0.0000000000000000E+000
   0.0000000000000000E+000
        32640  7.0619399267293672E-004  0.0000000000000000E+000
   0.0000000000000000E+000
        32832  9.6864095996588217E-004  0.0000000000000000E+000
   0.0000000000000000E+000
        33024  1.1327089735467316E-003  0.0000000000000000E+000
   0.0000000000000000E+000
        33216  6.1284283120930521E-004  0.0000000000000000E+000
   0.0000000000000000E+000
        33408  3.6289672760229908E-004  0.0000000000000000E+000
   0.0000000000000000E+000
        33600  2.6484115633852522E-004  0.0000000000000000E+000
   0.0000000000000000E+000
        33792  2.1921820520199830E-004  0.0000000000000000E+000
   0.0000000000000000E+000
        33984  1.8971148843995093E-004  0.0000000000000000E+000
   0.0000000000000000E+000
        34176  1.6691384621549509E-004  0.0000000000000000E+000
   0.0000000000000000E+000
        34368  1.5095922187526489E-004  0.0000000000000000E+000
   0.0000000000000000E+000
        34560  1.5170633806233636E-004  0.0000000000000000E+000
   0.0000000000000000E+000
        34752  1.5954748439418775E-004  0.0000000000000000E+000
   0.0000000000000000E+000
        34944  1.8241990630249593E-004  0.0000000000000000E+000
   0.0000000000000000E+000
        35136  2.7047822690356418E-004  0.0000000000000000E+000
   0.0000000000000000E+000
        35328  6.0345250666885215E-004  0.0000000000000000E+000
   0.0000000000000000E+000
        35520  1.7645786893872074E-003  0.0000000000000000E+000
   0.0000000000000000E+000
        35712  2.9888047705746721E-003  0.0000000000000000E+000
   0.0000000000000000E+000
        35904  1.0943241860770019E-003  0.0000000000000000E+000
   0.0000000000000000E+000
        36096  1.6153029787951335E-004  0.0000000000000000E+000
   0.0000000000000000E+000
        36288  9.2572183615215108E-005  0.0000000000000000E+000
   0.0000000000000000E+000
        36480  7.3467480766963763E-005  0.0000000000000000E+000
   0.0000000000000000E+000
        36672  7.3781141801740601E-005  0.0000000000000000E+000
   0.0000000000000000E+000
        36864  8.9522761043310187E-005  0.0000000000000000E+000
   0.0000000000000000E+000
        37056  1.2548346553227719E-004  0.0000000000000000E+000
   0.0000000000000000E+000
        37248  1.9671789689983287E-004  0.0000000000000000E+000
   0.0000000000000000E+000
        37440  3.3915267571844486E-004  0.0000000000000000E+000
   0.0000000000000000E+000
        37632  6.5714500270350185E-004  0.0000000000000000E+000
   0.0000000000000000E+000
        37824  1.6581581693602123E-003  0.0000000000000000E+000
   0.0000000000000000E+000
        38016  3.2124881950840378E-003  0.0000000000000000E+000
   0.0000000000000000E+000
        38208  2.3232097269471367E-003  0.0000000000000000E+000
   0.0000000000000000E+000
        38400  1.2455230986134123E-003  0.0000000000000000E+000
   0.0000000000000000E+000
        38592  6.9143536436989516E-004  0.0000000000000000E+000
   0.0000000000000000E+000
        38784  7.9127081382215371E-004  0.0000000000000000E+000
   0.0000000000000000E+000
        38976  9.7853921802639019E-004  0.0000000000000000E+000
   0.0000000000000000E+000
        39168  8.0826566956107939E-004  0.0000000000000000E+000
   0.0000000000000000E+000
        39360  5.4980344074718676E-004  0.0000000000000000E+000
   0.0000000000000000E+000
        39552  4.5752077452222332E-004  0.0000000000000000E+000
   0.0000000000000000E+000
        39744  4.6083419493876134E-004  0.0000000000000000E+000
   0.0000000000000000E+000
        39936  6.6524568500979332E-004  0.0000000000000000E+000
   0.0000000000000000E+000
        40128  1.4527099160452654E-003  0.0000000000000000E+000
   0.0000000000000000E+000
        40320  2.8727521677151253E-003  0.0000000000000000E+000
   0.0000000000000000E+000
        40512  2.9499460749065963E-003  0.0000000000000000E+000
   0.0000000000000000E+000
        40704  1.5741455556227816E-004  0.0000000000000000E+000
   0.0000000000000000E+000
        40896  1.5147172604635005E-004  0.0000000000000000E+000
   0.0000000000000000E+000
        41088  2.1862961239653688E-004  0.0000000000000000E+000
   0.0000000000000000E+000
        41280  3.4015954055830155E-004  0.0000000000000000E+000
   0.0000000000000000E+000
        41472  4.2990826441635362E-004  0.0000000000000000E+000
   0.0000000000000000E+000
        41664  4.0332788894340840E-004  0.0000000000000000E+000
   0.0000000000000000E+000
        41856  3.1363433147780140E-004  0.0000000000000000E+000
   0.0000000000000000E+000
        42048  2.2985680386217053E-004  0.0000000000000000E+000
   0.0000000000000000E+000
        42240  2.3754084707928460E-004  0.0000000000000000E+000
   0.0000000000000000E+000
        42432  2.9569464649192325E-004  0.0000000000000000E+000
   0.0000000000000000E+000
        42624  3.2307360424044739E-004  0.0000000000000000E+000
   0.0000000000000000E+000
        42816  2.9615892283356838E-004  0.0000000000000000E+000
   0.0000000000000000E+000
        43008  2.4813242055785447E-004  0.0000000000000000E+000
   0.0000000000000000E+000
        43200  2.4638405311371155E-004  0.0000000000000000E+000
   0.0000000000000000E+000
        43392  2.7974254397414170E-004  0.0000000000000000E+000
   0.0000000000000000E+000
        43584  3.4458006477566203E-004  0.0000000000000000E+000
   0.0000000000000000E+000
        43776  4.6707885681632780E-004  0.0000000000000000E+000
   0.0000000000000000E+000
        43968  6.6502741031729251E-004  0.0000000000000000E+000
   0.0000000000000000E+000
        44160  7.6174582024552935E-004  0.0000000000000000E+000
   0.0000000000000000E+000
        44352  6.2901544229437725E-004  0.0000000000000000E+000
   0.0000000000000000E+000
        44544  4.2921524939174477E-004  0.0000000000000000E+000
   0.0000000000000000E+000
        44736  3.1235395512017368E-004  0.0000000000000000E+000
   0.0000000000000000E+000
        44928  2.8447785737087140E-004  0.0000000000000000E+000
   0.0000000000000000E+000
        45120  3.3321455442506502E-004  0.0000000000000000E+000
   0.0000000000000000E+000
        45312  4.8743636163823081E-004  0.0000000000000000E+000
   0.0000000000000000E+000
        45504  6.9738473672010062E-004  0.0000000000000000E+000
   0.0000000000000000E+000
        45696  7.0919442815620180E-004  0.0000000000000000E+000
   0.0000000000000000E+000
        45888  5.6035975683178959E-004  0.0000000000000000E+000
   0.0000000000000000E+000
        46080  5.1531848604161143E-004  0.0000000000000000E+000
   0.0000000000000000E+000
        46272  5.1964082005406733E-004  0.0000000000000000E+000
   0.0000000000000000E+000
        46464  4.9303069726271511E-004  0.0000000000000000E+000
   0.0000000000000000E+000
        46656  4.6524267010147007E-004  0.0000000000000000E+000
   0.0000000000000000E+000
        46848  4.6821682264664414E-004  0.0000000000000000E+000
   0.0000000000000000E+000
        47040  6.6864172318392245E-004  0.0000000000000000E+000
   0.0000000000000000E+000
        47232  1.1052124919666950E-003  0.0000000000000000E+000
   0.0000000000000000E+000
        47424  1.1279408723166586E-003  0.0000000000000000E+000
   0.0000000000000000E+000
        47616  8.4905352803457766E-004  0.0000000000000000E+000
   0.0000000000000000E+000
        47808  6.2905094377641631E-004  0.0000000000000000E+000
   0.0000000000000000E+000
        48000  6.3664407196041138E-004  0.0000000000000000E+000
   0.0000000000000000E+000
        48192  8.8103518767264680E-004  0.0000000000000000E+000
   0.0000000000000000E+000
        48384  1.4773374839654244E-003  0.0000000000000000E+000
   0.0000000000000000E+000
        48576  2.7574617076333461E-003  0.0000000000000000E+000
   0.0000000000000000E+000
        48768  4.5251642373209926E-003  0.0000000000000000E+000
   0.0000000000000000E+000
        48960  3.0521082708444280E-003  0.0000000000000000E+000
   0.0000000000000000E+000
        49152  3.7145118948442790E-004  0.0000000000000000E+000
   0.0000000000000000E+000
        49344  3.0884257322259177E-004  0.0000000000000000E+000
   0.0000000000000000E+000
        49536  3.4909834870023400E-004  0.0000000000000000E+000
   0.0000000000000000E+000
        49728  6.8700687993703479E-004  0.0000000000000000E+000
   0.0000000000000000E+000
        49920  1.4546437271811868E-003  0.0000000000000000E+000
   0.0000000000000000E+000
        50112  1.3631802555962862E-003  0.0000000000000000E+000
   0.0000000000000000E+000
        50304  9.6291629622590543E-004  0.0000000000000000E+000
   0.0000000000000000E+000
        50496  2.8621891439065876E-004  0.0000000000000000E+000
   0.0000000000000000E+000
        50688  8.8928227360858750E-005  0.0000000000000000E+000
   0.0000000000000000E+000
        50880  5.3565592149824115E-005  0.0000000000000000E+000
   0.0000000000000000E+000
        51072  3.8810773416896312E-005  0.0000000000000000E+000
   0.0000000000000000E+000
        51264  3.0481248722136591E-005  0.0000000000000000E+000
   0.0000000000000000E+000
        51456  2.7033368012545236E-005  0.0000000000000000E+000
   0.0000000000000000E+000
        51648  3.2737545740475138E-005  0.0000000000000000E+000
   0.0000000000000000E+000
        51840  6.1596353142426459E-005  0.0000000000000000E+000
   0.0000000000000000E+000
        52032  1.5529967778710549E-004  0.0000000000000000E+000
   0.0000000000000000E+000
        52224  4.1385331650709137E-004  0.0000000000000000E+000
   0.0000000000000000E+000
        52416  9.9836460162898194E-004  0.0000000000000000E+000
   0.0000000000000000E+000
        52608  1.7373295359437266E-003  0.0000000000000000E+000
   0.0000000000000000E+000
        52800  1.4287994545145104E-003  0.0000000000000000E+000
   0.0000000000000000E+000
        52992  2.4493335910691729E-004  0.0000000000000000E+000
   0.0000000000000000E+000
        53184  4.9996099348027228E-005  0.0000000000000000E+000
   0.0000000000000000E+000
        53376  2.4186938698302335E-005  0.0000000000000000E+000
   0.0000000000000000E+000
        53568  2.1106735282208821E-005  0.0000000000000000E+000
   0.0000000000000000E+000
        53760  3.1083982024864761E-005  0.0000000000000000E+000
   0.0000000000000000E+000
        53952  7.2817315691392208E-005  0.0000000000000000E+000
   0.0000000000000000E+000
        54144  2.3525233292913432E-004  0.0000000000000000E+000
   0.0000000000000000E+000
        54336  8.4094839729564679E-004  0.0000000000000000E+000
   0.0000000000000000E+000
        54528  2.2137979561965681E-003  0.0000000000000000E+000
   0.0000000000000000E+000
        54720  1.1586097937683274E-003  0.0000000000000000E+000
   0.0000000000000000E+000
        54912  5.4091880403723776E-004  0.0000000000000000E+000
   0.0000000000000000E+000
        55104  6.3406516741988303E-004  0.0000000000000000E+000
   0.0000000000000000E+000
        55296  4.7139327509865850E-004  0.0000000000000000E+000
   0.0000000000000000E+000
        55488  3.9746093851416220E-004  0.0000000000000000E+000
   0.0000000000000000E+000
        55680  2.4833445462971480E-004  0.0000000000000000E+000
   0.0000000000000000E+000
        55872  2.4686002094665197E-004  0.0000000000000000E+000
   0.0000000000000000E+000
        56064  2.0683700393955032E-004  0.0000000000000000E+000
   0.0000000000000000E+000
        56256  2.3053460864763049E-004  0.0000000000000000E+000
   0.0000000000000000E+000
        56448  5.3578056854043806E-004  0.0000000000000000E+000
   0.0000000000000000E+000
        56640  1.8097195493367384E-003  0.0000000000000000E+000
   0.0000000000000000E+000
        56832  3.1488370455157780E-003  0.0000000000000000E+000
   0.0000000000000000E+000
        57024  2.6468473656956325E-003  0.0000000000000000E+000
   0.0000000000000000E+000
        57216  2.2458963576755630E-004  0.0000000000000000E+000
   0.0000000000000000E+000
        57408  1.6038287685785172E-004  0.0000000000000000E+000
   0.0000000000000000E+000
        57600  2.6022585726574797E-004  0.0000000000000000E+000
   0.0000000000000000E+000
        57792  3.4255655833391924E-004  0.0000000000000000E+000
   0.0000000000000000E+000
        57984  3.6942494182059073E-004  0.0000000000000000E+000
   0.0000000000000000E+000
        58176  3.6720197246408685E-004  0.0000000000000000E+000
   0.0000000000000000E+000
        58368  3.8619382916559936E-004  0.0000000000000000E+000
   0.0000000000000000E+000
        58560  5.1354743609137682E-004  0.0000000000000000E+000
   0.0000000000000000E+000
        58752  6.8545448680391115E-004  0.0000000000000000E+000
   0.0000000000000000E+000
        58944  1.0217699878402044E-003  0.0000000000000000E+000
   0.0000000000000000E+000
        59136  4.5691397643128796E-004  0.0000000000000000E+000
   0.0000000000000000E+000
        59328  1.0011282141692869E-004  0.0000000000000000E+000
   0.0000000000000000E+000
        59520  6.9385751317144445E-005  0.0000000000000000E+000
   0.0000000000000000E+000
        59712  6.5385036488433313E-005  0.0000000000000000E+000
   0.0000000000000000E+000
        59904  6.6979894417867403E-005  0.0000000000000000E+000
   0.0000000000000000E+000
        60096  7.1186620702119374E-005  0.0000000000000000E+000
   0.0000000000000000E+000
        60288  8.3700419665824771E-005  0.0000000000000000E+000
   0.0000000000000000E+000
        60480  1.2731667398876761E-004  0.0000000000000000E+000
   0.0000000000000000E+000
        60672  2.4129159065064577E-004  0.0000000000000000E+000
   0.0000000000000000E+000
        60864  5.0092639413134156E-004  0.0000000000000000E+000
   0.0000000000000000E+000
        61056  9.8614510123658152E-004  0.0000000000000000E+000
   0.0000000000000000E+000
        61248  1.7170295621852173E-003  0.0000000000000000E+000
   0.0000000000000000E+000
        61440  1.3016223303321554E-003  0.0000000000000000E+000
   0.0000000000000000E+000
        61632  2.6421707014494792E-004  0.0000000000000000E+000
   0.0000000000000000E+000
        61824  8.3783929776681205E-005  0.0000000000000000E+000
   0.0000000000000000E+000
        62016  5.8847516950268570E-005  0.0000000000000000E+000
   0.0000000000000000E+000
        62208  6.1299868831772624E-005  0.0000000000000000E+000
   0.0000000000000000E+000
        62400  8.6247199555889123E-005  0.0000000000000000E+000
   0.0000000000000000E+000
        62592  1.6718246157861210E-004  0.0000000000000000E+000
   0.0000000000000000E+000
        62784  4.3734829596173385E-004  0.0000000000000000E+000
   0.0000000000000000E+000
        62976  1.4013276207082434E-003  0.0000000000000000E+000
   0.0000000000000000E+000
        63168  2.1122138692496583E-003  0.0000000000000000E+000
   0.0000000000000000E+000
        63360  7.9083929860094572E-004  0.0000000000000000E+000
   0.0000000000000000E+000
        63552  6.5160980101195310E-004  0.0000000000000000E+000
   0.0000000000000000E+000
        63744  7.0936955848593648E-004  0.0000000000000000E+000
   0.0000000000000000E+000
        63936  5.7663752118948368E-004  0.0000000000000000E+000
   0.0000000000000000E+000
        64128  5.4584652754915454E-004  0.0000000000000000E+000
   0.0000000000000000E+000
        64320  4.9046599821561091E-004  0.0000000000000000E+000
   0.0000000000000000E+000
        64512  5.1158159094851299E-004  0.0000000000000000E+000
   0.0000000000000000E+000
        64704  6.6888723807641162E-004  0.0000000000000000E+000
   0.0000000000000000E+000
        64896  1.0864036231065088E-003  0.0000000000000000E+000
   0.0000000000000000E+000
        65088  2.0993517543276652E-003  0.0000000000000000E+000
   0.0000000000000000E+000
        65280  3.6349416690039777E-003  0.0000000000000000E+000
   0.0000000000000000E+000
        65472  5.9825800150023764E-003  0.0000000000000000E+000
   0.0000000000000000E+000
        65664  2.8064526493787869E-003  0.0000000000000000E+000
   0.0000000000000000E+000
        65856  6.2545034374192896E-004  0.0000000000000000E+000
   0.0000000000000000E+000
        66048  5.7835718226715291E-004  0.0000000000000000E+000
   0.0000000000000000E+000
        66240  6.0178113787788437E-004  0.0000000000000000E+000
   0.0000000000000000E+000
        66432  6.4257617977547246E-004  0.0000000000000000E+000
   0.0000000000000000E+000
        66624  7.4655870161276141E-004  0.0000000000000000E+000
   0.0000000000000000E+000
        66816  8.3258520689780601E-004  0.0000000000000000E+000
   0.0000000000000000E+000
        67008  7.2982220192824320E-004  0.0000000000000000E+000
   0.0000000000000000E+000
        67200  5.9786254921399926E-004  0.0000000000000000E+000
   0.0000000000000000E+000
        67392  6.1611425847850636E-004  0.0000000000000000E+000
   0.0000000000000000E+000
        67584  8.3195987385752590E-004  0.0000000000000000E+000
   0.0000000000000000E+000
        67776  7.2075690923564936E-004  0.0000000000000000E+000
   0.0000000000000000E+000
        67968  3.3911458199571340E-004  0.0000000000000000E+000
   0.0000000000000000E+000
        68160  1.6781262493424017E-004  0.0000000000000000E+000
   0.0000000000000000E+000
        68352  1.0662312744912393E-004  0.0000000000000000E+000
   0.0000000000000000E+000
        68544  8.1449816061362744E-005  0.0000000000000000E+000
   0.0000000000000000E+000
        68736  7.6268124930511800E-005  0.0000000000000000E+000
   0.0000000000000000E+000
        68928  9.2648295979804249E-005  0.0000000000000000E+000
   0.0000000000000000E+000
        69120  1.6388023722326020E-004  0.0000000000000000E+000
   0.0000000000000000E+000
        69312  3.5173974491680814E-004  0.0000000000000000E+000
   0.0000000000000000E+000
        69504  7.1078190478387712E-004  0.0000000000000000E+000
   0.0000000000000000E+000
        69696  1.1381809756839522E-003  0.0000000000000000E+000
   0.0000000000000000E+000
        69888  1.2656635444758218E-003  0.0000000000000000E+000
   0.0000000000000000E+000
        70080  6.7578857205720486E-004  0.0000000000000000E+000
   0.0000000000000000E+000
        70272  1.9854512947676048E-004  0.0000000000000000E+000
   0.0000000000000000E+000
        70464  9.2460918621847920E-005  0.0000000000000000E+000
   0.0000000000000000E+000
        70656  7.8452633666994799E-005  0.0000000000000000E+000
   0.0000000000000000E+000
        70848  1.0952954520875828E-004  0.0000000000000000E+000
   0.0000000000000000E+000
        71040  2.1841601555780898E-004  0.0000000000000000E+000
   0.0000000000000000E+000
        71232  5.5078542488386294E-004  0.0000000000000000E+000
   0.0000000000000000E+000
        71424  1.3912631141601987E-003  0.0000000000000000E+000
   0.0000000000000000E+000
        71616  1.2751018119289512E-003  0.0000000000000000E+000
   0.0000000000000000E+000
        71808  5.2935437795207415E-004  0.0000000000000000E+000
   0.0000000000000000E+000
        72000  4.9457234351510718E-004  0.0000000000000000E+000
   0.0000000000000000E+000
        72192  4.9405986579159980E-004  0.0000000000000000E+000
   0.0000000000000000E+000
        72384  4.3297374600083491E-004  0.0000000000000000E+000
   0.0000000000000000E+000
        72576  3.6994028202097040E-004  0.0000000000000000E+000
   0.0000000000000000E+000
        72768  2.8541024729894547E-004  0.0000000000000000E+000
   0.0000000000000000E+000
        72960  3.1048686299732807E-004  0.0000000000000000E+000
   0.0000000000000000E+000
        73152  3.9836790597229155E-004  0.0000000000000000E+000
   0.0000000000000000E+000
        73344  8.4634651800112527E-004  0.0000000000000000E+000
   0.0000000000000000E+000
        73536  1.9984864198699819E-003  0.0000000000000000E+000
   0.0000000000000000E+000
        73728  2.2886917836615899E-003  0.0000000000000000E+000
   0.0000000000000000E+000
        73920  1.5460318299623677E-003  0.0000000000000000E+000
   0.0000000000000000E+000
        74112  5.4362823275253480E-004  0.0000000000000000E+000
   0.0000000000000000E+000
        74304  4.4262928323213338E-004  0.0000000000000000E+000
   0.0000000000000000E+000
        74496  5.0471658083473708E-004  0.0000000000000000E+000
   0.0000000000000000E+000
        74688  6.4991507315041036E-004  0.0000000000000000E+000
   0.0000000000000000E+000
        74880  8.4442576355590578E-004  0.0000000000000000E+000
   0.0000000000000000E+000
        75072  1.1069222320452569E-003  0.0000000000000000E+000
   0.0000000000000000E+000
        75264  1.6309367362951040E-003  0.0000000000000000E+000
   0.0000000000000000E+000
        75456  2.4113460676157723E-003  0.0000000000000000E+000
   0.0000000000000000E+000
        75648  1.6392023587123851E-003  0.0000000000000000E+000
   0.0000000000000000E+000
        75840  3.2150379428969240E-004  0.0000000000000000E+000
   0.0000000000000000E+000
        76032  2.2461843294547314E-004  0.0000000000000000E+000
   0.0000000000000000E+000
        76224  2.4157111225112533E-004  0.0000000000000000E+000
   0.0000000000000000E+000
        76416  3.4598506729229277E-004  0.0000000000000000E+000
   0.0000000000000000E+000
        76608  5.3052158785965012E-004  0.0000000000000000E+000
   0.0000000000000000E+000
        76800  6.0237290489358205E-004  0.0000000000000000E+000
   0.0000000000000000E+000
        76992  4.2838489063665652E-004  0.0000000000000000E+000
   0.0000000000000000E+000
        77184  2.3719102535245019E-004  0.0000000000000000E+000
   0.0000000000000000E+000
        77376  1.4452768583337718E-004  0.0000000000000000E+000
   0.0000000000000000E+000
        77568  1.1271184047899559E-004  0.0000000000000000E+000
   0.0000000000000000E+000
        77760  1.2573045717187610E-004  0.0000000000000000E+000
   0.0000000000000000E+000
        77952  1.8308886689131869E-004  0.0000000000000000E+000
   0.0000000000000000E+000
        78144  3.0617528486452769E-004  0.0000000000000000E+000
   0.0000000000000000E+000
        78336  5.5684931030197248E-004  0.0000000000000000E+000
   0.0000000000000000E+000
        78528  1.0037279245821026E-003  0.0000000000000000E+000
   0.0000000000000000E+000
        78720  1.4016614057910269E-003  0.0000000000000000E+000
   0.0000000000000000E+000
        78912  7.3960333761201530E-004  0.0000000000000000E+000
   0.0000000000000000E+000
        79104  1.9471376446686571E-004  0.0000000000000000E+000
   0.0000000000000000E+000
        79296  8.7583566393337103E-005  0.0000000000000000E+000
   0.0000000000000000E+000
        79488  7.2584198350825234E-005  0.0000000000000000E+000
   0.0000000000000000E+000
        79680  9.6825186604272394E-005  0.0000000000000000E+000
   0.0000000000000000E+000
        79872  1.9249252053004666E-004  0.0000000000000000E+000
   0.0000000000000000E+000
        80064  4.9004911117252583E-004  0.0000000000000000E+000
   0.0000000000000000E+000
        80256  1.2696758239628106E-003  0.0000000000000000E+000
   0.0000000000000000E+000
        80448  1.3593494923566289E-003  0.0000000000000000E+000
   0.0000000000000000E+000
        80640  5.7434153966634993E-004  0.0000000000000000E+000
   0.0000000000000000E+000
        80832  5.3328471974191990E-004  0.0000000000000000E+000
   0.0000000000000000E+000
        81024  4.8213932769502023E-004  0.0000000000000000E+000
   0.0000000000000000E+000
        81216  4.3266969091250722E-004  0.0000000000000000E+000
   0.0000000000000000E+000
        81408  3.0389017272062092E-004  0.0000000000000000E+000
   0.0000000000000000E+000
        81600  2.6087228502291021E-004  0.0000000000000000E+000
   0.0000000000000000E+000
        81792  2.6086518979953497E-004  0.0000000000000000E+000
   0.0000000000000000E+000
        81984  3.2030957257697505E-004  0.0000000000000000E+000
   0.0000000000000000E+000
        82176  7.8714121052906856E-004  0.0000000000000000E+000
   0.0000000000000000E+000
        82368  2.1267434100150960E-003  0.0000000000000000E+000
   0.0000000000000000E+000
        82560  2.3213130470955967E-003  0.0000000000000000E+000
   0.0000000000000000E+000
        82752  1.2667721885482083E-003  0.0000000000000000E+000
   0.0000000000000000E+000
        82944  1.4807007159565503E-004  0.0000000000000000E+000
   0.0000000000000000E+000
        83136  2.2776371424317623E-004  0.0000000000000000E+000
   0.0000000000000000E+000
        83328  3.4142477782671509E-004  0.0000000000000000E+000
   0.0000000000000000E+000
        83520  4.1581016016516826E-004  0.0000000000000000E+000
   0.0000000000000000E+000
        83712  4.2911575321828927E-004  0.0000000000000000E+000
   0.0000000000000000E+000
        83904  4.9089763041659882E-004  0.0000000000000000E+000
   0.0000000000000000E+000
        84096  7.1405122942924757E-004  0.0000000000000000E+000
   0.0000000000000000E+000
        84288  1.1740552500089378E-003  0.0000000000000000E+000
   0.0000000000000000E+000
        84480  1.7729494671632278E-003  0.0000000000000000E+000
   0.0000000000000000E+000
        84672  1.7536441406248273E-003  0.0000000000000000E+000
   0.0000000000000000E+000
        84864  6.5196231026040739E-004  0.0000000000000000E+000
   0.0000000000000000E+000
        85056  4.0995233044902003E-004  0.0000000000000000E+000
   0.0000000000000000E+000
        85248  2.8420065074658517E-004  0.0000000000000000E+000
   0.0000000000000000E+000
        85440  2.1257502448301650E-004  0.0000000000000000E+000
   0.0000000000000000E+000
        85632  1.7497845194451806E-004  0.0000000000000000E+000
   0.0000000000000000E+000
        85824  1.5249346161890325E-004  0.0000000000000000E+000
   0.0000000000000000E+000
        86016  1.3455863245747786E-004  0.0000000000000000E+000
   0.0000000000000000E+000
        86208  1.2296338431642376E-004  0.0000000000000000E+000
   0.0000000000000000E+000
        86400  1.2387767905642542E-004  0.0000000000000000E+000
   0.0000000000000000E+000
        86592  1.3149840114080164E-004  0.0000000000000000E+000
   0.0000000000000000E+000
        86784  1.5199139153713323E-004  0.0000000000000000E+000
   0.0000000000000000E+000
        86976  2.2930926471377965E-004  0.0000000000000000E+000
   0.0000000000000000E+000
        87168  5.2618018582960052E-004  0.0000000000000000E+000
   0.0000000000000000E+000
        87360  1.5480716915838159E-003  0.0000000000000000E+000
   0.0000000000000000E+000
        87552  3.0598720413242526E-003  0.0000000000000000E+000
   0.0000000000000000E+000
        87744  1.5204239719718222E-003  0.0000000000000000E+000
   0.0000000000000000E+000
        87936  1.6020284178498600E-004  0.0000000000000000E+000
   0.0000000000000000E+000
        88128  7.5936744859214536E-005  0.0000000000000000E+000
   0.0000000000000000E+000
        88320  5.5046834700524128E-005  0.0000000000000000E+000
   0.0000000000000000E+000
        88512  5.1794057886387814E-005  0.0000000000000000E+000
   0.0000000000000000E+000
        88704  6.0187568610980334E-005  0.0000000000000000E+000
   0.0000000000000000E+000
        88896  8.2723957190590137E-005  0.0000000000000000E+000
   0.0000000000000000E+000
        89088  1.3049957538660908E-004  0.0000000000000000E+000
   0.0000000000000000E+000
        89280  2.3436437019462410E-004  0.0000000000000000E+000
   0.0000000000000000E+000
        89472  4.8931295812674590E-004  0.0000000000000000E+000
   0.0000000000000000E+000
        89664  1.2652373383688484E-003  0.0000000000000000E+000
   0.0000000000000000E+000
        89856  2.9216493408624421E-003  0.0000000000000000E+000
   0.0000000000000000E+000
        90048  2.6095361783384061E-003  0.0000000000000000E+000
   0.0000000000000000E+000
        90240  1.2742626517089101E-003  0.0000000000000000E+000
   0.0000000000000000E+000
        90432  6.5672903088093745E-004  0.0000000000000000E+000
   0.0000000000000000E+000
        90624  7.2037425864052433E-004  0.0000000000000000E+000
   0.0000000000000000E+000
        90816  8.5418726769778664E-004  0.0000000000000000E+000
   0.0000000000000000E+000
        91008  6.6422715955883770E-004  0.0000000000000000E+000
   0.0000000000000000E+000
        91200  4.9515872733392366E-004  0.0000000000000000E+000
   0.0000000000000000E+000
        91392  4.8251771373572641E-004  0.0000000000000000E+000
   0.0000000000000000E+000
        91584  5.3105766494187081E-004  0.0000000000000000E+000
   0.0000000000000000E+000
        91776  7.6702343235369389E-004  0.0000000000000000E+000
   0.0000000000000000E+000
        91968  1.4688771955905209E-003  0.0000000000000000E+000
   0.0000000000000000E+000
        92160  2.8596134245976465E-003  0.0000000000000000E+000
   0.0000000000000000E+000
        92352  3.6419981365638423E-003  0.0000000000000000E+000
   0.0000000000000000E+000
        92544  1.3196414564046026E-004  0.0000000000000000E+000
   0.0000000000000000E+000
        92736  1.0390350755511795E-004  0.0000000000000000E+000
   0.0000000000000000E+000
        92928  1.2350298296580787E-004  0.0000000000000000E+000
   0.0000000000000000E+000
        93120  1.8498167561538766E-004  0.0000000000000000E+000
   0.0000000000000000E+000
        93312  3.0751304177206138E-004  0.0000000000000000E+000
   0.0000000000000000E+000
        93504  4.4470577260521168E-004  0.0000000000000000E+000
   0.0000000000000000E+000
        93696  4.6380305498545943E-004  0.0000000000000000E+000
   0.0000000000000000E+000
        93888  3.4801611017607522E-004  0.0000000000000000E+000
   0.0000000000000000E+000
        94080  2.9017880462937874E-004  0.0000000000000000E+000
   0.0000000000000000E+000
        94272  2.9924814961976488E-004  0.0000000000000000E+000
   0.0000000000000000E+000
        94464  2.6861152461213204E-004  0.0000000000000000E+000
   0.0000000000000000E+000
        94656  2.1836124276595120E-004  0.0000000000000000E+000
   0.0000000000000000E+000
        94848  1.8366464163823321E-004  0.0000000000000000E+000
   0.0000000000000000E+000
        95040  2.0007248171136674E-004  0.0000000000000000E+000
   0.0000000000000000E+000
        95232  2.6333008267946049E-004  0.0000000000000000E+000
   0.0000000000000000E+000
        95424  3.7365468115046346E-004  0.0000000000000000E+000
   0.0000000000000000E+000
        95616  5.5764004396959075E-004  0.0000000000000000E+000
   0.0000000000000000E+000
        95808  7.9270671177382565E-004  0.0000000000000000E+000
   0.0000000000000000E+000
        96000  8.2374025452741141E-004  0.0000000000000000E+000
   0.0000000000000000E+000
        96192  5.9947957036789136E-004  0.0000000000000000E+000
   0.0000000000000000E+000
        96384  3.6418360468485397E-004  0.0000000000000000E+000
   0.0000000000000000E+000
        96576  2.6199092344634324E-004  0.0000000000000000E+000
   0.0000000000000000E+000
        96768  2.5563593223843509E-004  0.0000000000000000E+000
   0.0000000000000000E+000
        96960  3.3248370775961666E-004  0.0000000000000000E+000
   0.0000000000000000E+000
        97152  5.4654430857102273E-004  0.0000000000000000E+000
   0.0000000000000000E+000
        97344  8.1215706545725679E-004  0.0000000000000000E+000
   0.0000000000000000E+000
        97536  7.3521017739653196E-004  0.0000000000000000E+000
   0.0000000000000000E+000
        97728  5.1319106388904615E-004  0.0000000000000000E+000
   0.0000000000000000E+000
        97920  4.7182023062010479E-004  0.0000000000000000E+000
   0.0000000000000000E+000
        98112  4.7930657684518228E-004  0.0000000000000000E+000
   0.0000000000000000E+000
        98304  4.6204504497873630E-004  0.0000000000000000E+000
   0.0000000000000000E+000
        98496  4.2429105146921640E-004  0.0000000000000000E+000
   0.0000000000000000E+000
        98688  4.1658068233681026E-004  0.0000000000000000E+000
   0.0000000000000000E+000
        98880  6.0115008849211560E-004  0.0000000000000000E+000
   0.0000000000000000E+000
        99072  1.0965799519861337E-003  0.0000000000000000E+000
   0.0000000000000000E+000
        99264  1.2689644718790788E-003  0.0000000000000000E+000
   0.0000000000000000E+000
        99456  7.9035768136598164E-004  0.0000000000000000E+000
   0.0000000000000000E+000
        99648  4.7509392863451916E-004  0.0000000000000000E+000
   0.0000000000000000E+000
        99840  3.7452851699266927E-004  0.0000000000000000E+000
   0.0000000000000000E+000
       100032  4.9518849432210910E-004  0.0000000000000000E+000
   0.0000000000000000E+000
       100224  6.8443965388620246E-004  0.0000000000000000E+000
   0.0000000000000000E+000
       100416  9.4986704051456595E-004  0.0000000000000000E+000
   0.0000000000000000E+000
       100608  1.7471023333177594E-003  0.0000000000000000E+000
   0.0000000000000000E+000
       100800  3.5551110264494747E-003  0.0000000000000000E+000
   0.0000000000000000E+000
       100992  5.6794216927018304E-003  0.0000000000000000E+000
   0.0000000000000000E+000
       101184  2.0400946983055888E-003  0.0000000000000000E+000
   0.0000000000000000E+000
       101376  4.3746365345706788E-004  0.0000000000000000E+000
   0.0000000000000000E+000
       101568  2.9767065172750675E-004  0.0000000000000000E+000
   0.0000000000000000E+000
       101760  2.1410175429041644E-004  0.0000000000000000E+000
   0.0000000000000000E+000
       101952  1.6041821153277419E-004  0.0000000000000000E+000
   0.0000000000000000E+000
       102144  1.4146433060550554E-004  0.0000000000000000E+000
   0.0000000000000000E+000
       102336  1.7052860581439895E-004  0.0000000000000000E+000
   0.0000000000000000E+000
       102528  2.6091209466250898E-004  0.0000000000000000E+000
   0.0000000000000000E+000
       102720  4.2388153941998224E-004  0.0000000000000000E+000
   0.0000000000000000E+000
       102912  6.2507003179711033E-004  0.0000000000000000E+000
   0.0000000000000000E+000
       103104  6.2491530464214753E-004  0.0000000000000000E+000
   0.0000000000000000E+000
       103296  3.5179474657507601E-004  0.0000000000000000E+000
   0.0000000000000000E+000
       103488  1.6688817106713023E-004  0.0000000000000000E+000
   0.0000000000000000E+000
       103680  1.1258179951443274E-004  0.0000000000000000E+000
   0.0000000000000000E+000
       103872  1.1205869499620553E-004  0.0000000000000000E+000
   0.0000000000000000E+000
       104064  1.5246556231571947E-004  0.0000000000000000E+000
   0.0000000000000000E+000
       104256  2.7661266753945430E-004  0.0000000000000000E+000
   0.0000000000000000E+000
       104448  6.0978616901048916E-004  0.0000000000000000E+000
   0.0000000000000000E+000
       104640  1.1136106220070478E-003  0.0000000000000000E+000
   0.0000000000000000E+000
       104832  1.2679647506233281E-003  0.0000000000000000E+000
   0.0000000000000000E+000
       105024  5.9023207365046842E-004  0.0000000000000000E+000
   0.0000000000000000E+000
       105216  1.8029846263933484E-004  0.0000000000000000E+000
   0.0000000000000000E+000
       105408  9.3877228509164955E-005  0.0000000000000000E+000
   0.0000000000000000E+000
       105600  8.3564490205738877E-005  0.0000000000000000E+000
   0.0000000000000000E+000
       105792  1.1789130806405678E-004  0.0000000000000000E+000
   0.0000000000000000E+000
       105984  2.3462552896996215E-004  0.0000000000000000E+000
   0.0000000000000000E+000
       106176  5.6993090087175866E-004  0.0000000000000000E+000
   0.0000000000000000E+000
       106368  1.2942675444237480E-003  0.0000000000000000E+000
   0.0000000000000000E+000
       106560  1.2190731161178282E-003  0.0000000000000000E+000
   0.0000000000000000E+000
       106752  5.7491479583032248E-004  0.0000000000000000E+000
   0.0000000000000000E+000
       106944  5.1360546892074749E-004  0.0000000000000000E+000
   0.0000000000000000E+000
       107136  4.6285890489793460E-004  0.0000000000000000E+000
   0.0000000000000000E+000
       107328  3.9455481368209049E-004  0.0000000000000000E+000
   0.0000000000000000E+000
       107520  2.8586353902736649E-004  0.0000000000000000E+000
   0.0000000000000000E+000
       107712  2.7737012029620381E-004  0.0000000000000000E+000
   0.0000000000000000E+000
       107904  2.8374171127152167E-004  0.0000000000000000E+000
   0.0000000000000000E+000
       108096  4.9192070766857323E-004  0.0000000000000000E+000
   0.0000000000000000E+000
       108288  1.4538134351240615E-003  0.0000000000000000E+000
   0.0000000000000000E+000
       108480  2.9684095228526583E-003  0.0000000000000000E+000
   0.0000000000000000E+000
       108672  2.3670850537783092E-003  0.0000000000000000E+000
   0.0000000000000000E+000
       108864  2.3953062966871488E-004  0.0000000000000000E+000
   0.0000000000000000E+000
       109056  1.8809690281069099E-004  0.0000000000000000E+000
   0.0000000000000000E+000
       109248  2.8321412953521779E-004  0.0000000000000000E+000
   0.0000000000000000E+000
       109440  4.2036719120090092E-004  0.0000000000000000E+000
   0.0000000000000000E+000
       109632  5.1303637491652027E-004  0.0000000000000000E+000
   0.0000000000000000E+000
       109824  5.6259063133352199E-004  0.0000000000000000E+000
   0.0000000000000000E+000
       110016  6.9465021629395757E-004  0.0000000000000000E+000
   0.0000000000000000E+000
       110208  9.7202473408467102E-004  0.0000000000000000E+000
   0.0000000000000000E+000
       110400  1.4497387320395118E-003  0.0000000000000000E+000
   0.0000000000000000E+000
       110592  2.1344272776404592E-003  0.0000000000000000E+000
   0.0000000000000000E+000
       110784  1.8887498667064324E-003  0.0000000000000000E+000
   0.0000000000000000E+000
       110976  1.0124899609377713E-003  0.0000000000000000E+000
   0.0000000000000000E+000
       111168  4.8489933483776592E-004  0.0000000000000000E+000
   0.0000000000000000E+000
       111360  2.0674178125085161E-004  0.0000000000000000E+000
   0.0000000000000000E+000
       111552  1.0261981143686875E-004  0.0000000000000000E+000
   0.0000000000000000E+000
       111744  6.1674434748185564E-005  0.0000000000000000E+000
   0.0000000000000000E+000
       111936  3.9636103133189405E-005  0.0000000000000000E+000
   0.0000000000000000E+000
       112128  2.8844307154661006E-005  0.0000000000000000E+000
   0.0000000000000000E+000
       112320  2.4825988452151056E-005  0.0000000000000000E+000
   0.0000000000000000E+000
       112512  2.4749255277063332E-005  0.0000000000000000E+000
   0.0000000000000000E+000
       112704  3.0693742493724509E-005  0.0000000000000000E+000
   0.0000000000000000E+000
       112896  5.9073993494916775E-005  0.0000000000000000E+000
   0.0000000000000000E+000
       113088  1.9794439494147688E-004  0.0000000000000000E+000
   0.0000000000000000E+000
       113280  8.0609362276755001E-004  0.0000000000000000E+000
   0.0000000000000000E+000
       113472  2.4630141700310946E-003  0.0000000000000000E+000
   0.0000000000000000E+000
       113664  3.4029194459135339E-003  0.0000000000000000E+000
   0.0000000000000000E+000
       113856  4.4570975038268435E-004  0.0000000000000000E+000
   0.0000000000000000E+000
       114048  6.3940635487830409E-005  0.0000000000000000E+000
   0.0000000000000000E+000
       114240  3.0362165960365935E-005  0.0000000000000000E+000
   0.0000000000000000E+000
       114432  1.9336823239883546E-005  0.0000000000000000E+000
   0.0000000000000000E+000
       114624  1.6709267758327455E-005  0.0000000000000000E+000
   0.0000000000000000E+000
       114816  1.8730674528816807E-005  0.0000000000000000E+000
   0.0000000000000000E+000
       115008  2.6426419326520359E-005  0.0000000000000000E+000
   0.0000000000000000E+000
       115200  4.7452404150019168E-005  0.0000000000000000E+000
   0.0000000000000000E+000
       115392  1.1405219613463471E-004  0.0000000000000000E+000
   0.0000000000000000E+000
       115584  3.6587653501779792E-004  0.0000000000000000E+000
   0.0000000000000000E+000
       115776  1.2284327499352623E-003  0.0000000000000000E+000
   0.0000000000000000E+000
       115968  2.8097657885096904E-003  0.0000000000000000E+000
   0.0000000000000000E+000
       116160  2.4938600825568226E-003  0.0000000000000000E+000
   0.0000000000000000E+000
       116352  9.4257211399947948E-004  0.0000000000000000E+000
   0.0000000000000000E+000
       116544  4.7342548499277324E-004  0.0000000000000000E+000
   0.0000000000000000E+000
       116736  3.8569158304115015E-004  0.0000000000000000E+000
   0.0000000000000000E+000
       116928  4.7791672291492367E-004  0.0000000000000000E+000
   0.0000000000000000E+000
       117120  5.1461359458574514E-004  0.0000000000000000E+000
   0.0000000000000000E+000
       117312  5.0495645960576911E-004  0.0000000000000000E+000
   0.0000000000000000E+000
       117504  6.1528036483728967E-004  0.0000000000000000E+000
   0.0000000000000000E+000
       117696  9.1745732456428733E-004  0.0000000000000000E+000
   0.0000000000000000E+000
       117888  1.5992409407217317E-003  0.0000000000000000E+000
   0.0000000000000000E+000
       118080  3.3687312213827843E-003  0.0000000000000000E+000
   0.0000000000000000E+000
       118272  3.0006360119653780E-003  0.0000000000000000E+000
   0.0000000000000000E+000
       118464  5.1452170330046506E-004  0.0000000000000000E+000
   0.0000000000000000E+000
       118656  6.5079549331707070E-004  0.0000000000000000E+000
   0.0000000000000000E+000
       118848  1.0667702350464210E-003  0.0000000000000000E+000
   0.0000000000000000E+000
       119040  8.1165968028942316E-004  0.0000000000000000E+000
   0.0000000000000000E+000
       119232  5.4516955771850004E-004  0.0000000000000000E+000
   0.0000000000000000E+000
       119424  5.3225411979997974E-004  0.0000000000000000E+000
   0.0000000000000000E+000
       119616  4.2310779314347471E-004  0.0000000000000000E+000
   0.0000000000000000E+000
       119808  2.3821320762562281E-004  0.0000000000000000E+000
   0.0000000000000000E+000
       120000  1.3970711242324726E-004  0.0000000000000000E+000
   0.0000000000000000E+000
       120192  1.1613680902002994E-004  0.0000000000000000E+000
   0.0000000000000000E+000
       120384  1.2229868576981516E-004  0.0000000000000000E+000
   0.0000000000000000E+000
       120576  1.5157023016115778E-004  0.0000000000000000E+000
   0.0000000000000000E+000
       120768  2.0715951540049699E-004  0.0000000000000000E+000
   0.0000000000000000E+000
       120960  3.3009513691672533E-004  0.0000000000000000E+000
   0.0000000000000000E+000
       121152  5.1484579507415885E-004  0.0000000000000000E+000
   0.0000000000000000E+000
       121344  6.6709238438227849E-004  0.0000000000000000E+000
   0.0000000000000000E+000
       121536  7.2525714142856914E-004  0.0000000000000000E+000
   0.0000000000000000E+000
       121728  7.5215321421224211E-004  0.0000000000000000E+000
   0.0000000000000000E+000
       121920  6.1410785802839499E-004  0.0000000000000000E+000
   0.0000000000000000E+000
       122112  4.0067440215500906E-004  0.0000000000000000E+000
   0.0000000000000000E+000
       122304  3.0094778900284855E-004  0.0000000000000000E+000
   0.0000000000000000E+000
       122496  3.1117401463361496E-004  0.0000000000000000E+000
   0.0000000000000000E+000
       122688  4.1249484920181370E-004  0.0000000000000000E+000
   0.0000000000000000E+000
       122880  6.0323561426445444E-004  0.0000000000000000E+000
   0.0000000000000000E+000
       123072  7.6979429357313821E-004  0.0000000000000000E+000
   0.0000000000000000E+000
       123264  6.3403433744189984E-004  0.0000000000000000E+000
   0.0000000000000000E+000
       123456  4.2406475218129071E-004  0.0000000000000000E+000
   0.0000000000000000E+000
       123648  3.8931458664395784E-004  0.0000000000000000E+000
   0.0000000000000000E+000
       123840  4.3304024674012674E-004  0.0000000000000000E+000
   0.0000000000000000E+000
       124032  4.5573602841165046E-004  0.0000000000000000E+000
   0.0000000000000000E+000
       124224  4.8304304366228245E-004  0.0000000000000000E+000
   0.0000000000000000E+000
       124416  5.2070973439378868E-004  0.0000000000000000E+000
   0.0000000000000000E+000
       124608  6.7804366721941072E-004  0.0000000000000000E+000
   0.0000000000000000E+000
       124800  9.1509770859419951E-004  0.0000000000000000E+000
   0.0000000000000000E+000
       124992  8.3258091882285360E-004  0.0000000000000000E+000
   0.0000000000000000E+000
       125184  5.6616935373437463E-004  0.0000000000000000E+000
   0.0000000000000000E+000
       125376  4.3321212910314347E-004  0.0000000000000000E+000
   0.0000000000000000E+000
       125568  3.5853798773551851E-004  0.0000000000000000E+000
   0.0000000000000000E+000
       125760  4.7280712066493893E-004  0.0000000000000000E+000
   0.0000000000000000E+000
       125952  6.2037221222817395E-004  0.0000000000000000E+000
   0.0000000000000000E+000
       126144  7.1673009228966035E-004  0.0000000000000000E+000
   0.0000000000000000E+000
       126336  1.0365692044714827E-003  0.0000000000000000E+000
   0.0000000000000000E+000
       126528  1.5977439539979618E-003  0.0000000000000000E+000
   0.0000000000000000E+000
       126720  1.5088577488513186E-003  0.0000000000000000E+000
   0.0000000000000000E+000
       126912  3.3692598028164098E-004  0.0000000000000000E+000
   0.0000000000000000E+000
       127104  1.8080492350623444E-004  0.0000000000000000E+000
   0.0000000000000000E+000
       127296  2.2696109574180652E-004  0.0000000000000000E+000
   0.0000000000000000E+000
       127488  3.2307059962466476E-004  0.0000000000000000E+000
   0.0000000000000000E+000
       127680  4.7433470894596522E-004  0.0000000000000000E+000
   0.0000000000000000E+000
       127872  6.4897932574712095E-004  0.0000000000000000E+000
   0.0000000000000000E+000
       128064  8.1936045354640680E-004  0.0000000000000000E+000
   0.0000000000000000E+000
       128256  1.0019574233118744E-003  0.0000000000000000E+000
   0.0000000000000000E+000
       128448  1.3857285646982581E-003  0.0000000000000000E+000
   0.0000000000000000E+000
       128640  1.1226112514811926E-003  0.0000000000000000E+000
   0.0000000000000000E+000
       128832  6.7129458167541184E-004  0.0000000000000000E+000
   0.0000000000000000E+000
       129024  3.8128320685167750E-004  0.0000000000000000E+000
   0.0000000000000000E+000
       129216  2.2643237644067794E-004  0.0000000000000000E+000
   0.0000000000000000E+000
       129408  1.4285924888901124E-004  0.0000000000000000E+000
   0.0000000000000000E+000
       129600  1.0516277751949042E-004  0.0000000000000000E+000
   0.0000000000000000E+000
       129792  8.6658809455032905E-005  0.0000000000000000E+000
   0.0000000000000000E+000
       129984  8.2952014286607868E-005  0.0000000000000000E+000
   0.0000000000000000E+000
       130176  1.1001376009811446E-004  0.0000000000000000E+000
   0.0000000000000000E+000
       130368  2.4195470957324322E-004  0.0000000000000000E+000
   0.0000000000000000E+000
       130560  7.8107796256701484E-004  0.0000000000000000E+000
   0.0000000000000000E+000
       130752  2.3365272479407310E-003  0.0000000000000000E+000
   0.0000000000000000E+000
       130944  2.6904505200915081E-003  0.0000000000000000E+000
   0.0000000000000000E+000
       131136  3.3959248469084177E-004  0.0000000000000000E+000
   0.0000000000000000E+000
       131328  6.9044421908806406E-005  0.0000000000000000E+000
   0.0000000000000000E+000
       131520  3.8134175229473223E-005  0.0000000000000000E+000
   0.0000000000000000E+000
       131712  2.8674027775990950E-005  0.0000000000000000E+000
   0.0000000000000000E+000
       131904  2.8441579529328017E-005  0.0000000000000000E+000
   0.0000000000000000E+000
       132096  3.5895338975209922E-005  0.0000000000000000E+000
   0.0000000000000000E+000
       132288  5.6742848162136688E-005  0.0000000000000000E+000
   0.0000000000000000E+000
       132480  1.1535650606168787E-004  0.0000000000000000E+000
   0.0000000000000000E+000
       132672  3.1212059341327640E-004  0.0000000000000000E+000
   0.0000000000000000E+000
       132864  1.0017311611260548E-003  0.0000000000000000E+000
   0.0000000000000000E+000
       133056  2.5768414608142364E-003  0.0000000000000000E+000
   0.0000000000000000E+000
       133248  2.3686916016559920E-003  0.0000000000000000E+000
   0.0000000000000000E+000
       133440  9.4225250079498911E-004  0.0000000000000000E+000
   0.0000000000000000E+000
       133632  5.5031211283640207E-004  0.0000000000000000E+000
   0.0000000000000000E+000
       133824  5.0382088110032149E-004  0.0000000000000000E+000
   0.0000000000000000E+000
       134016  5.8800309505875766E-004  0.0000000000000000E+000
   0.0000000000000000E+000
       134208  5.8662353277354391E-004  0.0000000000000000E+000
   0.0000000000000000E+000
       134400  5.6567064895075619E-004  0.0000000000000000E+000
   0.0000000000000000E+000
       134592  6.2827720064783006E-004  0.0000000000000000E+000
   0.0000000000000000E+000
       134784  8.5051864019180395E-004  0.0000000000000000E+000
   0.0000000000000000E+000
       134976  1.3715157459380117E-003  0.0000000000000000E+000
   0.0000000000000000E+000
       135168  2.5778443770584744E-003  0.0000000000000000E+000
   0.0000000000000000E+000
       135360  2.3231731644428257E-003  0.0000000000000000E+000
   0.0000000000000000E+000
       135552  7.0850176031717819E-004  0.0000000000000000E+000
   0.0000000000000000E+000
       135744  4.0059871578198506E-004  0.0000000000000000E+000
   0.0000000000000000E+000
       135936  4.3135140977790937E-004  0.0000000000000000E+000
   0.0000000000000000E+000
       136128  5.0712664895734511E-004  0.0000000000000000E+000
   0.0000000000000000E+000
       136320  4.9557227935459762E-004  0.0000000000000000E+000
   0.0000000000000000E+000
       136512  6.7663970511769192E-004  0.0000000000000000E+000
   0.0000000000000000E+000
       136704  1.1973669603021222E-003  0.0000000000000000E+000
   0.0000000000000000E+000
       136896  7.1381483293812440E-004  0.0000000000000000E+000
   0.0000000000000000E+000
       137088  1.1804029857619253E-004  0.0000000000000000E+000
   0.0000000000000000E+000
       137280  5.4571928346201219E-005  0.0000000000000000E+000
   0.0000000000000000E+000
       137472  3.6981831170894213E-005  0.0000000000000000E+000
   0.0000000000000000E+000
       137664  3.1803544571342651E-005  0.0000000000000000E+000
   0.0000000000000000E+000
       137856  3.1536440760006209E-005  0.0000000000000000E+000
   0.0000000000000000E+000
       138048  4.0995866914466730E-005  0.0000000000000000E+000
   0.0000000000000000E+000
       138240  7.7084194755031623E-005  0.0000000000000000E+000
   0.0000000000000000E+000
       138432  1.8273174098458467E-004  0.0000000000000000E+000
   0.0000000000000000E+000
       138624  4.4261155522664578E-004  0.0000000000000000E+000
   0.0000000000000000E+000
       138816  9.5425102658703469E-004  0.0000000000000000E+000
   0.0000000000000000E+000
       139008  1.6898184771886383E-003  0.0000000000000000E+000
   0.0000000000000000E+000
       139200  1.3477695316207819E-003  0.0000000000000000E+000
   0.0000000000000000E+000
       139392  2.4885449079071418E-004  0.0000000000000000E+000
   0.0000000000000000E+000
       139584  5.5501013913208784E-005  0.0000000000000000E+000
   0.0000000000000000E+000
       139776  2.9467995608256327E-005  0.0000000000000000E+000
   0.0000000000000000E+000
       139968  2.8248586721326855E-005  0.0000000000000000E+000
   0.0000000000000000E+000
       140160  4.4998218587809330E-005  0.0000000000000000E+000
   0.0000000000000000E+000
       140352  1.1023791770225323E-004  0.0000000000000000E+000
   0.0000000000000000E+000
       140544  3.5220174928205617E-004  0.0000000000000000E+000
   0.0000000000000000E+000
       140736  1.2229684727771439E-003  0.0000000000000000E+000
   0.0000000000000000E+000
       140928  2.1057240560727998E-003  0.0000000000000000E+000
   0.0000000000000000E+000
       141120  6.9290161742416648E-004  0.0000000000000000E+000
   0.0000000000000000E+000
       141312  5.5649518204878322E-004  0.0000000000000000E+000
   0.0000000000000000E+000
       141504  5.8652374453674588E-004  0.0000000000000000E+000
   0.0000000000000000E+000
       141696  4.5832648178972325E-004  0.0000000000000000E+000
   0.0000000000000000E+000
       141888  3.5439339092790181E-004  0.0000000000000000E+000
   0.0000000000000000E+000
       142080  2.4341075416784813E-004  0.0000000000000000E+000
   0.0000000000000000E+000
       142272  2.4404567685155730E-004  0.0000000000000000E+000
   0.0000000000000000E+000
       142464  2.0917481764845343E-004  0.0000000000000000E+000
   0.0000000000000000E+000
       142656  2.9842520812234174E-004  0.0000000000000000E+000
   0.0000000000000000E+000
       142848  8.5278801521115422E-004  0.0000000000000000E+000
   0.0000000000000000E+000
       143040  2.4153840509195572E-003  0.0000000000000000E+000
   0.0000000000000000E+000
       143232  2.6751059958924381E-003  0.0000000000000000E+000
   0.0000000000000000E+000
       143424  1.6626738238963285E-003  0.0000000000000000E+000
   0.0000000000000000E+000
       143616  1.2512410574918410E-004  0.0000000000000000E+000
   0.0000000000000000E+000
       143808  2.0975138951363458E-004  0.0000000000000000E+000
   0.0000000000000000E+000
       144000  3.1044318963582498E-004  0.0000000000000000E+000
   0.0000000000000000E+000
       144192  3.7262877276247251E-004  0.0000000000000000E+000
   0.0000000000000000E+000
       144384  3.8135554844339746E-004  0.0000000000000000E+000
   0.0000000000000000E+000
       144576  3.8738257899924473E-004  0.0000000000000000E+000
   0.0000000000000000E+000
       144768  4.7505953876689374E-004  0.0000000000000000E+000
   0.0000000000000000E+000
       144960  6.9292948703747188E-004  0.0000000000000000E+000
   0.0000000000000000E+000
       145152  1.0177291704766462E-003  0.0000000000000000E+000
   0.0000000000000000E+000
       145344  8.4854634214688422E-004  0.0000000000000000E+000
   0.0000000000000000E+000
       145536  1.8266809261866215E-004  0.0000000000000000E+000
   0.0000000000000000E+000
       145728  1.0142541760290752E-004  0.0000000000000000E+000
   0.0000000000000000E+000
       145920  8.9695151399342689E-005  0.0000000000000000E+000
   0.0000000000000000E+000
       146112  8.8900151309822994E-005  0.0000000000000000E+000
   0.0000000000000000E+000
       146304  9.2127519772185871E-005  0.0000000000000000E+000
   0.0000000000000000E+000
       146496  9.7208764699129561E-005  0.0000000000000000E+000
   0.0000000000000000E+000
       146688  1.1099057031569027E-004  0.0000000000000000E+000
   0.0000000000000000E+000
       146880  1.5923346865760011E-004  0.0000000000000000E+000
   0.0000000000000000E+000
       147072  2.8031368365881318E-004  0.0000000000000000E+000
   0.0000000000000000E+000
       147264  5.4086853970136206E-004  0.0000000000000000E+000
   0.0000000000000000E+000
       147456  1.0378903046868388E-003  0.0000000000000000E+000
   0.0000000000000000E+000
       147648  1.8593943727749673E-003  0.0000000000000000E+000
   0.0000000000000000E+000
       147840  1.2811848343847253E-003  0.0000000000000000E+000
   0.0000000000000000E+000
       148032  2.4375603533066383E-004  0.0000000000000000E+000
   0.0000000000000000E+000
       148224  8.6872811511568140E-005  0.0000000000000000E+000
   0.0000000000000000E+000
       148416  6.5162154549715308E-005  0.0000000000000000E+000
   0.0000000000000000E+000
       148608  6.8556848966991392E-005  0.0000000000000000E+000
   0.0000000000000000E+000
       148800  9.3409196745435251E-005  0.0000000000000000E+000
   0.0000000000000000E+000
       148992  1.7040615549411992E-004  0.0000000000000000E+000
   0.0000000000000000E+000
       149184  4.2097345200924904E-004  0.0000000000000000E+000
   0.0000000000000000E+000
       149376  1.3536177285609181E-003  0.0000000000000000E+000
   0.0000000000000000E+000
       149568  2.3004644103713258E-003  0.0000000000000000E+000
   0.0000000000000000E+000
       149760  8.8996479423661087E-004  0.0000000000000000E+000
   0.0000000000000000E+000
       149952  6.9985058643768120E-004  0.0000000000000000E+000
   0.0000000000000000E+000
       150144  7.4188965167151040E-004  0.0000000000000000E+000
   0.0000000000000000E+000
       150336  6.6663340626662627E-004  0.0000000000000000E+000
   0.0000000000000000E+000
       150528  5.8934914386961996E-004  0.0000000000000000E+000
   0.0000000000000000E+000
       150720  5.7981168877534401E-004  0.0000000000000000E+000
   0.0000000000000000E+000
       150912  5.8645481490435247E-004  0.0000000000000000E+000
   0.0000000000000000E+000
       151104  7.4999122627882986E-004  0.0000000000000000E+000
   0.0000000000000000E+000
       151296  1.1812062404835523E-003  0.0000000000000000E+000
   0.0000000000000000E+000
       151488  2.0989573486374252E-003  0.0000000000000000E+000
   0.0000000000000000E+000
       151680  3.4909220912998878E-003  0.0000000000000000E+000
   0.0000000000000000E+000
       151872  5.7099492272164078E-003  0.0000000000000000E+000
   0.0000000000000000E+000
       152064  2.9769566076265105E-003  0.0000000000000000E+000
   0.0000000000000000E+000
       152256  4.1300460089058080E-004  0.0000000000000000E+000
   0.0000000000000000E+000
       152448  3.4678160778350484E-004  0.0000000000000000E+000
   0.0000000000000000E+000
       152640  3.5732596488038850E-004  0.0000000000000000E+000
   0.0000000000000000E+000
       152832  5.3991656659628908E-004  0.0000000000000000E+000
   0.0000000000000000E+000
       153024  1.0457937586154798E-003  0.0000000000000000E+000
   0.0000000000000000E+000
       153216  1.0115762610522234E-003  0.0000000000000000E+000
   0.0000000000000000E+000
       153408  6.5103043672990629E-004  0.0000000000000000E+000
   0.0000000000000000E+000
       153600  4.4096830055001757E-004  0.0000000000000000E+000
   0.0000000000000000E+000
       153792  4.8654400587295804E-004  0.0000000000000000E+000
   0.0000000000000000E+000
       153984  4.7829954330954927E-004  0.0000000000000000E+000
   0.0000000000000000E+000
       154176  3.2274324624627192E-004  0.0000000000000000E+000
   0.0000000000000000E+000
       154368  1.7446354902044131E-004  0.0000000000000000E+000
   0.0000000000000000E+000
       154560  1.2099736168163684E-004  0.0000000000000000E+000
   0.0000000000000000E+000
       154752  1.1774494121101131E-004  0.0000000000000000E+000
   0.0000000000000000E+000
       154944  1.4184446805578336E-004  0.0000000000000000E+000
   0.0000000000000000E+000
       155136  1.9301163404995489E-004  0.0000000000000000E+000
   0.0000000000000000E+000
       155328  2.7113615710985768E-004  0.0000000000000000E+000
   0.0000000000000000E+000
       155520  4.1749493493850170E-004  0.0000000000000000E+000
   0.0000000000000000E+000
       155712  5.8987308452842526E-004  0.0000000000000000E+000
   0.0000000000000000E+000
       155904  6.6064038499035458E-004  0.0000000000000000E+000
   0.0000000000000000E+000
       156096  5.9318692691136200E-004  0.0000000000000000E+000
   0.0000000000000000E+000
       156288  4.7904664835187442E-004  0.0000000000000000E+000
   0.0000000000000000E+000
       156480  3.6677948134445997E-004  0.0000000000000000E+000
   0.0000000000000000E+000
       156672  3.0906990459554141E-004  0.0000000000000000E+000
   0.0000000000000000E+000
       156864  3.2787453178720533E-004  0.0000000000000000E+000
   0.0000000000000000E+000
       157056  4.2546533910477375E-004  0.0000000000000000E+000
   0.0000000000000000E+000
       157248  6.0779072686387842E-004  0.0000000000000000E+000
   0.0000000000000000E+000
       157440  8.2658129754958161E-004  0.0000000000000000E+000
   0.0000000000000000E+000
       157632  7.6305466469414227E-004  0.0000000000000000E+000
   0.0000000000000000E+000
       157824  4.4460822505410646E-004  0.0000000000000000E+000
   0.0000000000000000E+000
       158016  3.2057195188833168E-004  0.0000000000000000E+000
   0.0000000000000000E+000
       158208  3.5059240071888130E-004  0.0000000000000000E+000
   0.0000000000000000E+000
       158400  4.4479959861575756E-004  0.0000000000000000E+000
   0.0000000000000000E+000
       158592  5.3101845482018701E-004  0.0000000000000000E+000
   0.0000000000000000E+000
       158784  5.9294021745160579E-004  0.0000000000000000E+000
   0.0000000000000000E+000
       158976  6.8828907188748525E-004  0.0000000000000000E+000
   0.0000000000000000E+000
       159168  8.4279022770073733E-004  0.0000000000000000E+000
   0.0000000000000000E+000
       159360  9.2955882606118694E-004  0.0000000000000000E+000
   0.0000000000000000E+000
       159552  7.1174582501558933E-004  0.0000000000000000E+000
   0.0000000000000000E+000
       159744  6.5445770791060828E-004  0.0000000000000000E+000
   0.0000000000000000E+000
       159936  5.9541699327130546E-004  0.0000000000000000E+000
   0.0000000000000000E+000
       160128  7.0946305709638157E-004  0.0000000000000000E+000
   0.0000000000000000E+000
       160320  1.0534540416802228E-003  0.0000000000000000E+000
   0.0000000000000000E+000
       160512  1.7098323057587791E-003  0.0000000000000000E+000
   0.0000000000000000E+000
       160704  2.8157391759627433E-003  0.0000000000000000E+000
   0.0000000000000000E+000
       160896  4.4309052611204418E-003  0.0000000000000000E+000
   0.0000000000000000E+000
       161088  3.2719460936759897E-003  0.0000000000000000E+000
   0.0000000000000000E+000
       161280  2.6110557699249672E-004  0.0000000000000000E+000
   0.0000000000000000E+000
       161472  2.3413814655919745E-004  0.0000000000000000E+000
   0.0000000000000000E+000
       161664  2.7460209382219143E-004  0.0000000000000000E+000
   0.0000000000000000E+000
       161856  4.8696666294612982E-004  0.0000000000000000E+000
   0.0000000000000000E+000
       162048  1.0765242935436735E-003  0.0000000000000000E+000
   0.0000000000000000E+000
       162240  1.4526320358941749E-003  0.0000000000000000E+000
   0.0000000000000000E+000
       162432  1.0919107301588793E-003  0.0000000000000000E+000
   0.0000000000000000E+000
       162624  8.3601223833800636E-004  0.0000000000000000E+000
   0.0000000000000000E+000
       162816  2.1871828054715703E-004  0.0000000000000000E+000
   0.0000000000000000E+000
       163008  5.8383254914373593E-005  0.0000000000000000E+000
   0.0000000000000000E+000
       163200  3.2442788782107263E-005  0.0000000000000000E+000
   0.0000000000000000E+000
       163392  2.3522777437389655E-005  0.0000000000000000E+000
   0.0000000000000000E+000
       163584  1.9157511751705045E-005  0.0000000000000000E+000
   0.0000000000000000E+000
       163776  1.8114057362547268E-005  0.0000000000000000E+000
   0.0000000000000000E+000
       163968  2.3133479083647974E-005  0.0000000000000000E+000
   0.0000000000000000E+000
       164160  4.5866131001254147E-005  0.0000000000000000E+000
   0.0000000000000000E+000
       164352  1.2135707439050364E-004  0.0000000000000000E+000
   0.0000000000000000E+000
       164544  3.4596326137931437E-004  0.0000000000000000E+000
   0.0000000000000000E+000
       164736  9.2261161142804962E-004  0.0000000000000000E+000
   0.0000000000000000E+000
       164928  1.7768651488695277E-003  0.0000000000000000E+000
   0.0000000000000000E+000
       165120  1.7177222517984502E-003  0.0000000000000000E+000
   0.0000000000000000E+000
       165312  3.0325809060419053E-004  0.0000000000000000E+000
   0.0000000000000000E+000
       165504  4.9019793472267328E-005  0.0000000000000000E+000
   0.0000000000000000E+000
       165696  2.0944042593629908E-005  0.0000000000000000E+000
   0.0000000000000000E+000
       165888  1.6175641505209485E-005  0.0000000000000000E+000
   0.0000000000000000E+000
       166080  2.1116188154108409E-005  0.0000000000000000E+000
   0.0000000000000000E+000
       166272  4.4997176097717161E-005  0.0000000000000000E+000
   0.0000000000000000E+000
       166464  1.3974872622413617E-004  0.0000000000000000E+000
   0.0000000000000000E+000
       166656  5.2066329453970858E-004  0.0000000000000000E+000
   0.0000000000000000E+000
       166848  1.7941652219553314E-003  0.0000000000000000E+000
   0.0000000000000000E+000
       167040  1.9737583186586584E-003  0.0000000000000000E+000
   0.0000000000000000E+000
       167232  5.7529471238616705E-004  0.0000000000000000E+000
   0.0000000000000000E+000
       167424  6.3135114192233071E-004  0.0000000000000000E+000
   0.0000000000000000E+000
       167616  5.3336803501221957E-004  0.0000000000000000E+000
   0.0000000000000000E+000
       167808  4.5503714565013165E-004  0.0000000000000000E+000
   0.0000000000000000E+000
       168000  2.7761078675750189E-004  0.0000000000000000E+000
   0.0000000000000000E+000
       168192  2.5489706365968513E-004  0.0000000000000000E+000
   0.0000000000000000E+000
       168384  2.1958219895526273E-004  0.0000000000000000E+000
   0.0000000000000000E+000
       168576  1.9636084791900912E-004  0.0000000000000000E+000
   0.0000000000000000E+000
       168768  3.4845617592330931E-004  0.0000000000000000E+000
   0.0000000000000000E+000
       168960  1.1054132248188558E-003  0.0000000000000000E+000
   0.0000000000000000E+000
       169152  2.7368998736039449E-003  0.0000000000000000E+000
   0.0000000000000000E+000
       169344  3.0514448519895119E-003  0.0000000000000000E+000
   0.0000000000000000E+000
       169536  1.7999198089967356E-003  0.0000000000000000E+000
   0.0000000000000000E+000
       169728  1.1033470996637160E-004  0.0000000000000000E+000
   0.0000000000000000E+000
       169920  1.9461461584883961E-004  0.0000000000000000E+000
   0.0000000000000000E+000
       170112  2.9950255730982599E-004  0.0000000000000000E+000
   0.0000000000000000E+000
       170304  3.6492416912771474E-004  0.0000000000000000E+000
   0.0000000000000000E+000
       170496  3.7255545462651872E-004  0.0000000000000000E+000
   0.0000000000000000E+000
       170688  3.5930126630685788E-004  0.0000000000000000E+000
   0.0000000000000000E+000
       170880  3.9379585536565044E-004  0.0000000000000000E+000
   0.0000000000000000E+000
       171072  4.9665233440182295E-004  0.0000000000000000E+000
   0.0000000000000000E+000
       171264  6.6178197474580280E-004  0.0000000000000000E+000
   0.0000000000000000E+000
       171456  8.7645879604527168E-004  0.0000000000000000E+000
   0.0000000000000000E+000
       171648  2.9119864980417173E-004  0.0000000000000000E+000
   0.0000000000000000E+000
       171840  9.0061344516892286E-005  0.0000000000000000E+000
   0.0000000000000000E+000
       172032  6.8459697306466532E-005  0.0000000000000000E+000
   0.0000000000000000E+000
       172224  6.4370048097979113E-005  0.0000000000000000E+000
   0.0000000000000000E+000
       172416  6.4316977968818963E-005  0.0000000000000000E+000
   0.0000000000000000E+000
       172608  7.0578172893723116E-005  0.0000000000000000E+000
   0.0000000000000000E+000
       172800  9.8465536152057254E-005  0.0000000000000000E+000
   0.0000000000000000E+000
