          192 -6.9306530843664384E-006
          384  2.5893368052196268E-005
          576  8.0765002297436726E-005
          768  1.5934371411870769E-004
          960  1.6939469031564851E-004
         1152  1.5740752339726390E-004
         1344  1.5061727413809064E-004
         1536  1.4553080248120637E-004
         1728  1.4136611799133646E-004
         1920  1.3716000744254356E-004
         2112  1.2853558606364446E-004
         2304  1.1822503429338028E-004
         2496  1.0873399575558436E-004
         2688  9.8163610111926897E-005
         2880  8.5641525460739430E-005
         3072  8.2222740094320423E-005
         3264  9.9959776176139308E-005
         3456  1.0584425258105251E-004
         3648  8.7382207415276020E-005
         3840  6.7307604541568292E-005
         4032  4.7544495173361601E-005
         4224  2.2954741279316454E-005
         4416 -2.9498187385488398E-006
         4608 -2.7652845619384867E-005
         4800 -5.0582313535032360E-005
         4992 -6.8870806961362244E-005
         5184 -6.4258007500906533E-005
         5376  5.0230014832217165E-005
         5568  1.1360702624862653E-004
         5760  9.8634485821882646E-005
         5952  8.2741615775109423E-005
         6144  6.8224154494049948E-005
         6336  6.5358170105988845E-005
         6528  7.4072972740914258E-005
         6720  8.6932979238815768E-005
         6912  1.0863693296365113E-004
         7104  1.5142601887175252E-004
         7296  1.9618639577219659E-004
         7488  2.1717542354950716E-004
         7680  2.1710155997907272E-004
         7872  2.1573596356675069E-004
         8064  2.1280740173306305E-004
         8256  2.0528216781643183E-004
         8448  2.0155190484372681E-004
         8640  1.9248351305276861E-004
         8832  1.9026363493912415E-004
         9024  1.8659563086534855E-004
         9216  1.8911446265544035E-004
         9408  2.0463581425117727E-004
         9600  2.1488743523975025E-004
         9792  2.0640677835740236E-004
         9984  1.9680263854117500E-004
        10176  1.8922624146215259E-004
        10368  1.8235013391485096E-004
        10560  1.7595435492791828E-004
        10752  1.6695334518928957E-004
        10944  1.5774891147482453E-004
        11136  1.5679668001935423E-004
        11328  1.7439453476111622E-004
        11520  1.7756412729252782E-004
        11712  1.6039116078175774E-004
        11904  1.4251486186130351E-004
        12096  1.2171730644717100E-004
        12288  9.8320713322398200E-005
        12480  7.5850536098750042E-005
        12672  5.4041255405748356E-005
        12864  2.7652176307087858E-005
        13056  1.1515962633061866E-007
        13248 -2.5884309283647976E-005
        13440 -4.7389072109909891E-005
        13632 -3.8088901139111944E-005
        13824  8.0118715164543167E-005
        14016  9.3555474411149763E-005
        14208  6.5861005481908342E-005
        14400  5.2548661719459642E-005
        14592  4.0841939450403711E-005
        14784  3.0018444754334150E-005
        14976  3.0256696893815685E-005
        15168  4.1018253547172670E-005
        15360  5.4681672211403654E-005
        15552  8.0844790968923199E-005
        15744  1.3879958586518687E-004
        15936  1.8303044549012920E-004
        16128  2.0635321270543049E-004
        16320  2.0747366638433325E-004
        16512  2.1303024891630346E-004
        16704  2.1052392662292341E-004
        16896  2.0958521888431069E-004
        17088  2.0512376854607585E-004
        17280  2.0261785313873974E-004
        17472  1.9826471163737435E-004
        17664  1.9184815284065932E-004
        17856  1.8460264611120340E-004
        18048  1.8030607083120091E-004
        18240  1.8250239007332631E-004
        18432  2.0467478666553638E-004
        18624  2.5550814844640398E-004
        18816  2.6291748324457911E-004
        19008  2.4533709976852996E-004
        19200  2.3178651843471491E-004
        19392  2.1890341124672117E-004
        19584  2.0501121172626768E-004
        19776  1.9164270953734018E-004
        19968  1.7629299399033949E-004
        20160  1.5624847140587942E-004
        20352  1.3713220060940540E-004
        20544  1.1964191289490473E-004
        20736  1.0057655909611648E-004
        20928  8.2183943271364320E-005
        21120  7.7625419227198451E-005
        21312  1.0960829538812590E-004
        21504  1.3792971072527959E-004
        21696  1.2293588128186144E-004
        21888  9.8282030796309965E-005
        22080  7.1107365873253374E-005
        22272  4.3585824457348912E-005
        22464  1.6805540111237303E-005
        22656 -8.0929176695529208E-006
        22848 -2.1710101348103138E-005
        23040 -1.0369774044037247E-005
        23232  2.2917431644120906E-005
        23424  1.4162316277659885E-004
        23616  2.1151841841811453E-004
        23808  2.0613874343874814E-004
        24000  2.0169364509710897E-004
        24192  1.9781197697977426E-004
        24384  1.9702556174260098E-004
        24576  2.0051885999209946E-004
        24768  2.0526472037092814E-004
        24960  2.0376501718146427E-004
        25152  2.1183740574531784E-004
        25344  2.1902695146789518E-004
        25536  2.2745834424581994E-004
        25728  2.2470592677951290E-004
        25920  2.2225053219296459E-004
        26112  2.1586450730741319E-004
        26304  2.0861245978248813E-004
        26496  2.0116750104455817E-004
        26688  1.9777963911233771E-004
        26880  2.0125053980698539E-004
        27072  2.1282528850758724E-004
        27264  2.2081602302163371E-004
        27456  2.1543045423660519E-004
        27648  2.0710394365917254E-004
        27840  1.9929407891505370E-004
        28032  1.8877583006467240E-004
        28224  1.7627850807527991E-004
        28416  1.6520785384049406E-004
        28608  1.5448574472223150E-004
        28800  1.4340886570960191E-004
        28992  1.3984740179192982E-004
        29184  1.3449210325892192E-004
        29376  1.1727001946649394E-004
        29568  9.4678047309191114E-005
        29760  7.2513886249813407E-005
        29952  5.0893797877141522E-005
        30144  2.4655531478003226E-005
        30336 -2.6646070338228509E-006
        30528 -2.8152584147137265E-005
        30720 -4.8507722830826520E-005
        30912 -3.8092620027486853E-005
        31104  9.3692233309446846E-005
        31296  1.0660729627712919E-004
        31488  7.6817125136595347E-005
        31680  6.1487627233594493E-005
        31872  4.7963682666653412E-005
        32064  3.5472999761008289E-005
        32256  3.4053014153242855E-005
        32448  4.2967004106617502E-005
        32640  5.3812611550694056E-005
        32832  7.3877308237325378E-005
        33024  1.2411114390610477E-004
        33216  1.6021855685306220E-004
        33408  1.7792875240555466E-004
        33600  1.8134973436049773E-004
        33792  1.8893064170809250E-004
        33984  1.8861756096820947E-004
        34176  1.9135565240695055E-004
        34368  1.8958908928941811E-004
        34560  1.8947751046521658E-004
        34752  1.8624285856342764E-004
        34944  1.8256147500142697E-004
        35136  1.7814427502611349E-004
        35328  1.7766396241526852E-004
        35520  1.9152139790511822E-004
        35712  2.3235510655573668E-004
        35904  2.5076090276017737E-004
        36096  2.3636769688158312E-004
        36288  2.2401458624786549E-004
        36480  2.1396995514413186E-004
        36672  2.0259496853428639E-004
        36864  1.8972849191498751E-004
        37056  1.7788300324253552E-004
        37248  1.6454683310981535E-004
        37440  1.4717774492901774E-004
        37632  1.3196501818470019E-004
        37824  1.2076212418751115E-004
        38016  1.1569773932462907E-004
        38208  1.4581153314960560E-004
        38400  2.0233155027457876E-004
        38592  2.0526645017258859E-004
        38784  1.8168038650610656E-004
        38976  1.5125102633286729E-004
        39168  1.2007602079663326E-004
        39360  8.9145983421609731E-005
        39552  5.8810699649473266E-005
        39744  2.9547929456725520E-005
        39936  2.4538136994587081E-006
        40128 -1.0966568482035786E-005
        40320  2.4516282605692331E-005
        40512  1.8609058595624514E-004
        40704  2.2042375374487806E-004
        40896  2.0540397800285139E-004
        41088  1.9928104414456199E-004
        41280  1.9439433005095875E-004
        41472  1.9004297054581748E-004
        41664  1.8887518031817095E-004
        41856  1.9329209986437769E-004
        42048  2.0005735009564034E-004
        42240  2.0550435582718650E-004
        42432  2.1396411612770915E-004
        42624  2.1586593388044935E-004
        42816  2.2057430632967066E-004
        43008  2.1899966344977179E-004
        43200  2.1910016076340455E-004
        43392  2.1560119364089441E-004
        43584  2.1153537162950823E-004
        43776  2.0711592505043373E-004
        43968  2.0659415863917295E-004
        44160  2.0878528349668572E-004
        44352  2.1030800178077315E-004
        44544  2.0810575690449214E-004
        44736  2.0435890182989814E-004
        44928  2.0042704928302168E-004
        45120  1.9680936042229760E-004
        45312  1.9205437398138841E-004
        45504  1.8786522173962187E-004
        45696  1.8441682494085683E-004
        45888  1.7500182925058407E-004
        46080  1.5698813974545365E-004
        46272  1.3852408160489201E-004
        46464  1.2088431873078505E-004
        46656  1.0061722738277398E-004
        46848  7.8304235463575098E-005
        47040  5.8220822954210042E-005
        47232  4.2073545890495027E-005
        47424  2.9907755540745307E-005
        47616  3.1720285220062244E-005
        47808  3.1593353264716545E-005
        48000  1.5074902647351741E-005
        48192 -1.8269133495895435E-006
        48384 -8.9979778323865241E-006
        48576  2.2494416564424304E-005
        48768  1.6837175376908575E-004
        48960  3.4022023021414079E-004
        49152  3.4200086521742068E-004
        49344  3.1236605161044369E-004
        49536  2.9066416191672769E-004
        49728  2.7729259206138072E-004
        49920  2.6513767853682951E-004
        50112  2.5402760832179911E-004
        50304  2.5812452423328654E-004
        50496  2.6896756718389366E-004
        50688  2.7206241676538435E-004
        50880  2.5969112529454052E-004
        51072  2.5911966042603557E-004
        51264  2.4943800536274968E-004
        51456  2.4513005193260864E-004
        51648  2.3634252825903318E-004
        51840  2.3163288920982332E-004
        52032  2.2459977650424583E-004
        52224  2.1905819506360037E-004
        52416  2.1847173647075813E-004
        52608  2.3001636650775371E-004
        52800  2.4556472822816601E-004
        52992  2.3953158421154329E-004
        53184  2.2788690561608080E-004
        53376  2.1831357477005732E-004
        53568  2.1012888453483027E-004
        53760  2.0233664303646423E-004
        53952  1.9184567312444968E-004
        54144  1.7999584861601043E-004
        54336  1.7307557834106001E-004
        54528  1.7738476457062447E-004
        54720  1.8843261145046710E-004
        54912  1.7682353371128784E-004
        55104  1.5861809438183315E-004
        55296  1.3729945861131154E-004
        55488  1.1332920129972503E-004
        55680  9.0181595660995486E-005
        55872  6.7609920160055040E-005
        56064  4.0444349553473550E-005
        56256  1.2011892435482902E-005
        56448 -1.5251603110968683E-005
        56640 -4.0210836074286643E-005
        56832 -5.0858187090906949E-005
        57024  3.4573679424899712E-005
        57216  1.1711969979128364E-004
        57408  8.7559489596319466E-005
        57600  7.1858127470382681E-005
        57792  5.7900453923359530E-005
        57984  4.4894311839116542E-005
        58176  4.2709214117395655E-005
        58368  5.0430276018321673E-005
        58560  5.8902063895168907E-005
        58752  7.1478952570109484E-005
        58944  1.1019090148239782E-004
        59136  1.4718156085334044E-004
        59328  1.5963740663737364E-004
        59520  1.6276751467908130E-004
        59712  1.6907823310342176E-004
        59904  1.6920446255420430E-004
        60096  1.7298052225489584E-004
        60288  1.7252188921572110E-004
        60480  1.7356326009613862E-004
        60672  1.7266761734672554E-004
        60864  1.7328625035659470E-004
        61056  1.7823982360808501E-004
        61248  1.9404007414398517E-004
        61440  2.1165962541154612E-004
        61632  2.0689235471746783E-004
        61824  1.9672803418138710E-004
        62016  1.8850931735181852E-004
        62208  1.8137540573618494E-004
        62400  1.7493274179839862E-004
        62592  1.6636604081494738E-004
        62784  1.5791741319894100E-004
        62976  1.5902958442432858E-004
        63168  1.8098429447859339E-004
        63360  1.8636899438182047E-004
        63552  1.7156329721077106E-004
        63744  1.5506921175804215E-004
        63936  1.3512161825591335E-004
        64128  1.1247704865679090E-004
        64320  9.0963401906587563E-005
        64512  7.0762359713499924E-005
        64704  4.7515019459322847E-005
        64896  2.6228917705446015E-005
        65088  1.3439938100185746E-005
        65280  3.3076112175643286E-005
        65472  1.9867580940659141E-004
        65664  3.9115521708984975E-004
        65856  3.6676671493245772E-004
        66048  3.2991766995285702E-004
        66240  3.0237738268538240E-004
        66432  2.7631448656861531E-004
        66624  2.5135666903116364E-004
        66816  2.3525060006406007E-004
        67008  2.2820028599850932E-004
        67200  2.2346234144237146E-004
        67392  2.2316350636428418E-004
        67584  2.3933789627216353E-004
        67776  2.6119945676607390E-004
        67968  2.7315579883103222E-004
        68160  2.6614198718853975E-004
        68352  2.6735941604972299E-004
        68544  2.5946939312733745E-004
        68736  2.5687017515096684E-004
        68928  2.4867366379082752E-004
        69120  2.4413739898788197E-004
        69312  2.3776209367552876E-004
        69504  2.3362720572500900E-004
        69696  2.3435086319916173E-004
        69888  2.4078399567619341E-004
        70080  2.4215412331166444E-004
        70272  2.3415336917205856E-004
        70464  2.2491778269721752E-004
        70656  2.1686998880757503E-004
        70848  2.1017641545504527E-004
        71040  2.0456798753563029E-004
        71232  1.9931498258122756E-004
        71424  2.0177894055023359E-004
        71616  2.1522178594239155E-004
        71808  2.0845933162838518E-004
        72000  1.8805643041602956E-004
        72192  1.6766276532470406E-004
        72384  1.4821095196558090E-004
        72576  1.2613186341650271E-004
        72768  1.0169462503893713E-004
        72960  7.8445414076536065E-005
        73152  5.6273639720900861E-005
        73344  3.0499676869794179E-005
        73536  7.2426691037577755E-006
        73728  4.0078040629030876E-006
        73920  6.1327057517420383E-005
        74112  9.1765308377802216E-005
        74304  7.1511278837414082E-005
        74496  4.5956142742799838E-005
        74688  2.6412372178565826E-005
        74880  2.3446092267006327E-005
        75072  2.5768215973122928E-005
        75264  3.8099605989887938E-005
        75456  9.3023531967271605E-005
        75648  1.8584271466074177E-004
        75840  2.0718760134618759E-004
        76032  2.0543473054202168E-004
        76224  2.0649100713189571E-004
        76416  2.1292100104715968E-004
        76608  2.2345117284858012E-004
        76800  2.2801211670983313E-004
        76992  2.3744047947744454E-004
        77184  2.3334841377715311E-004
        77376  2.3256789214398457E-004
        77568  2.2616330826626791E-004
        77760  2.2307730442343440E-004
        77952  2.1713564504833858E-004
        78144  2.1169438872732145E-004
        78336  2.0805654797095754E-004
        78528  2.1062258735403904E-004
        78720  2.2179127236671815E-004
        78912  2.2760525738496667E-004
        79104  2.2044743484518511E-004
        79296  2.1174569328672745E-004
        79488  2.0420433870947918E-004
        79680  1.9735818436895605E-004
        79872  1.8823140220569702E-004
        80064  1.7923039691154934E-004
        80256  1.7800877506263078E-004
        80448  1.8473170720439763E-004
        80640  1.7535900235306546E-004
        80832  1.5716265030148803E-004
        81024  1.3874566843717165E-004
        81216  1.1745525380116542E-004
        81408  9.3639570140493914E-005
        81600  7.0836116997512546E-005
        81792  4.8772921920889239E-005
        81984  2.2202253145514881E-005
        82176 -5.1270857469532426E-006
        82368 -2.8089606639241517E-005
        82560 -2.6391014431378515E-005
        82752  4.8777916253464631E-005
        82944  5.3497084930498059E-005
        83136  2.2400543198695245E-005
        83328 -1.4419855380644132E-006
        83520 -9.5075655155925239E-006
        83712 -1.6170469531876523E-005
        83904 -2.2080593410417354E-005
        84096 -1.5787759766165654E-005
        84288  5.2394929326075562E-006
        84480  4.9277735792661353E-005
        84672  1.4744262939230221E-004
        84864  1.8743018299911994E-004
        85056  1.9794373976174737E-004
        85248  2.0824712289615340E-004
        85440  2.0178717581581323E-004
        85632  2.0598800456726586E-004
        85824  2.0118730148708004E-004
        86016  2.0209581184585105E-004
        86208  1.9810267889006027E-004
        86400  1.9653466916553334E-004
        86592  1.9225251603364449E-004
        86784  1.8768447204006912E-004
        86976  1.8253978752662882E-004
        87168  1.8072171268944880E-004
        87360  1.9114524609765727E-004
        87552  2.2981963172961505E-004
        87744  2.5709411571611131E-004
        87936  2.4213871324365303E-004
        88128  2.2840928590539823E-004
        88320  2.1776838954609340E-004
        88512  2.0627007440240388E-004
        88704  1.9297710917739300E-004
        88896  1.8040861793234631E-004
        89088  1.6626971393303910E-004
        89280  1.4787814332947768E-004
        89472  1.3115082827750541E-004
        89664  1.1751836549719769E-004
        89856  1.0641804442148243E-004
        90048  1.1488946981749668E-004
        90240  1.6431623194856679E-004
        90432  1.7784001648906626E-004
        90624  1.5780305536261359E-004
        90816  1.2966946368412076E-004
        91008  1.0018021594472439E-004
        91200  7.0745434460035332E-005
        91392  4.1878988950678898E-005
        91584  1.4199860831678071E-005
        91776 -1.0923074098294480E-005
        91968 -2.1709723080496580E-005
        92160  1.1750742929847037E-005
        92352  1.7710707881746132E-004
        92544  2.3936200837355268E-004
        92736  2.2289097313689477E-004
        92928  2.1522867070619068E-004
        93120  2.0874755341879493E-004
        93312  2.0218332163912539E-004
        93504  1.9698757835331801E-004
        93696  1.9926988913665947E-004
        93888  2.0505019881362563E-004
        94080  2.0875875806377467E-004
        94272  2.1690791660107744E-004
        94464  2.1730384238448543E-004
        94656  2.2066853283952200E-004
        94848  2.1784409122809834E-004
        95040  2.1647973840832979E-004
        95232  2.1261157901981346E-004
        95424  2.0859032223284173E-004
        95616  2.0572975488129176E-004
        95808  2.0686667575966561E-004
        96000  2.1013839047137999E-004
        96192  2.1133152475715560E-004
        96384  2.0797777763953263E-004
        96576  2.0316760096286977E-004
        96768  1.9839243162285145E-004
        96960  1.9438767902996035E-004
        97152  1.9008781743736698E-004
        97344  1.8766890506012395E-004
        97536  1.8584150615053870E-004
        97728  1.7613401101843800E-004
        97920  1.5748245655168236E-004
        98112  1.3856344631152500E-004
        98304  1.2054086138584604E-004
        98496  9.9854880218810298E-005
        98688  7.6959975974423409E-005
        98880  5.5928895440934153E-005
        99072  3.8092031912996030E-005
        99264  2.3634744896432620E-005
        99456  2.5402595281712221E-005
        99648  2.8926589835929482E-005
        99840  8.4257232203304873E-006
       100032 -1.6283653931797655E-005
       100224 -3.9186176689536510E-005
       100416 -5.7667512052018674E-005
       100608 -5.7157830851102350E-005
       100800  1.4435875125118864E-005
       100992  2.3281936543496410E-004
       101184  3.7652717525149895E-004
       101376  3.6225917102825712E-004
       101568  3.4551568796623158E-004
       101760  3.2914318548579258E-004
       101952  3.0830179771860859E-004
       102144  2.7659646359563632E-004
       102336  2.6645505333935135E-004
       102528  2.6678485555449758E-004
       102720  2.4846939802287103E-004
       102912  2.5275502155084939E-004
       103104  2.4973335471081452E-004
       103296  2.5025595657777089E-004
       103488  2.4165300944655943E-004
       103680  2.3663236553052606E-004
       103872  2.2800954835341424E-004
       104064  2.1936080454565843E-004
       104256  2.1161396804394848E-004
       104448  2.0868258745411757E-004
       104640  2.1379265346524795E-004
       104832  2.2405723754738226E-004
       105024  2.2665105674587942E-004
       105216  2.1916354948332947E-004
       105408  2.1095884120772161E-004
       105600  2.0297355968135279E-004
       105792  1.9270188750783283E-004
       105984  1.8114760292424465E-004
       106176  1.7242267091396071E-004
       106368  1.6621575474775756E-004
       106560  1.6077667918622205E-004
       106752  1.5312697000353887E-004
       106944  1.3821466356887232E-004
       107136  1.1792964911050518E-004
       107328  9.4627236515733174E-005
       107520  7.2196718658315391E-005
       107712  5.0457088741837658E-005
       107904  2.4227910306226991E-005
       108096 -2.7392657722518933E-006
       108288 -2.6234611097507602E-005
       108480 -3.4198597196664943E-005
       108672  4.2295815079396359E-005
       108864  9.5898867990840914E-005
       109056  6.3800469382905799E-005
       109248  3.7263914300252274E-005
       109440  2.5854406939009525E-005
       109632  1.6135262310543407E-005
       109824  7.5805458468700673E-006
       110016  1.1417267645496446E-005
       110208  2.9490420735635107E-005
       110400  6.0890085783740979E-005
       110592  1.2655039431660775E-004
       110784  2.1334021321122964E-004
       110976  2.4522159651992872E-004
       111168  2.6110195954322392E-004
       111360  2.4565310714897348E-004
       111552  2.4554497844553807E-004
       111744  2.3435870348295323E-004
       111936  2.3042437810926326E-004
       112128  2.2223796334762709E-004
       112320  2.1769214919540409E-004
       112512  2.1022901877025766E-004
       112704  2.0229732517361516E-004
       112896  1.9438612065896888E-004
       113088  1.8842604678076890E-004
       113280  1.8888169653894597E-004
       113472  2.1090403081953078E-004
       113664  2.6278692130873751E-004
       113856  2.6691868610893550E-004
       114048  2.4805274998557935E-004
       114240  2.3423938224833207E-004
       114432  2.2155298130702451E-004
       114624  2.0730038988208500E-004
       114816  1.9364667726189366E-004
       115008  1.7804031631083451E-004
       115200  1.5761587885192730E-004
       115392  1.3792538825978102E-004
       115584  1.1950483577131167E-004
       115776  9.8813062529325783E-005
       115968  7.7323035577708129E-005
       116160  6.6371652808094804E-005
       116352  8.5136052193685903E-005
       116544  1.0071826763703193E-004
       116736  8.1946349607623888E-005
       116928  5.8110362189694297E-005
       117120  3.3879532645526486E-005
       117312  1.0491595539620179E-005
       117504 -1.0290175988206663E-005
       117696 -2.4895130535696803E-005
       117888 -1.6483163335930079E-005
       118080  7.4777523425927268E-005
       118272  2.3794540473681203E-004
       118464  2.5417612848274587E-004
       118656  2.3594015303138484E-004
       118848  2.2671892966491977E-004
       119040  2.1979654321443008E-004
       119232  2.1635688541941464E-004
       119424  2.2194502661749809E-004
       119616  2.3355543314340505E-004
       119808  2.4276453005173243E-004
       120000  2.3716420350090647E-004
       120192  2.3981081135127422E-004
       120384  2.3377191028249895E-004
       120576  2.3314803468283654E-004
       120768  2.2823623713450177E-004
       120960  2.2681538506777999E-004
       121152  2.2410870483799278E-004
       121344  2.2225102226800482E-004
       121536  2.2045459709553266E-004
       121728  2.2087198138025764E-004
       121920  2.2094800741990109E-004
       122112  2.1798751578800801E-004
       122304  2.1331589424825119E-004
       122496  2.0907248772296743E-004
       122688  2.0625049473749538E-004
       122880  2.0566920010018567E-004
       123072  2.0560581917051821E-004
       123264  2.0262148838172167E-004
       123456  1.9433311554880786E-004
       123648  1.8054152293657107E-004
       123840  1.6068085930970107E-004
       124032  1.4125708019718317E-004
       124224  1.2298199100327156E-004
       124416  1.0230233082425643E-004
       124608  7.9979637552575310E-005
       124800  6.1146989506349132E-005
       124992  4.9312266860977812E-005
       125184  4.1970488565189999E-005
       125376  3.4343446269619559E-005
       125568  1.3479508134246379E-005
       125760 -1.3264506161606071E-005
       125952 -4.0082546555480900E-005
       126144 -6.5703705693186061E-005
       126336 -8.8608454671461304E-005
       126528 -9.2763349582869982E-005
       126720 -2.8988523436085448E-005
       126912  3.1659217907295408E-005
       127104  2.4609562510840846E-005
       127296  2.5667424449894469E-005
       127488  3.6590339303647225E-005
       127680  4.8425518736174090E-005
       127872  6.2765098182517793E-005
       128064  8.6085583262811760E-005
       128256  1.1571499573676086E-004
       128448  1.5773460637092017E-004
       128640  1.8948726708866969E-004
       128832  2.0898677050844300E-004
       129024  2.0924545019280387E-004
       129216  2.1085406255857769E-004
       129408  2.0611524306536315E-004
       129600  2.0385048158038733E-004
       129792  1.9851307653818553E-004
       129984  1.9229199378724895E-004
       130176  1.8564113463422581E-004
       130368  1.8073454747389968E-004
       130560  1.8203031222076776E-004
       130752  2.0461903600927327E-004
       130944  2.4763564607638771E-004
       131136  2.4631352715722874E-004
       131328  2.3070475028648084E-004
       131520  2.1875031061457207E-004
       131712  2.0651688641466900E-004
       131904  1.9286098942212135E-004
       132096  1.7984419047137597E-004
       132288  1.6493873399237754E-004
       132480  1.4540149947815916E-004
       132672  1.2684003905854142E-004
       132864  1.1008787953507482E-004
       133056  9.2864681390785047E-005
       133248  8.3356227420134705E-005
       133440  1.0108827266496693E-004
       133632  1.1779726077185726E-004
       133824  1.0139908531882870E-004
       134016  7.7950276682172965E-005
       134208  5.3764285890502382E-005
       134400  3.0188808103030814E-005
       134592  8.6266366444266709E-006
       134784 -8.4374228092366279E-006
       134976 -1.5336733570692289E-005
       135168  2.0171402514899779E-005
       135360  1.1457080082526277E-004
       135552  1.3751859168381061E-004
       135744  1.2729164468481822E-004
       135936  1.2186787265148100E-004
       136128  1.2512035516774192E-004
       136320  1.3016841678730647E-004
       136512  1.4201383515010727E-004
       136704  1.7536835667588424E-004
       136896  2.1012851826807867E-004
       137088  2.2073693507386558E-004
       137280  2.1505099895456476E-004
       137472  2.1740372714372505E-004
       137664  2.1276588939150352E-004
       137856  2.1276711962310961E-004
       138048  2.0827794452354256E-004
       138240  2.0615885695164169E-004
       138432  2.0165319282998932E-004
       138624  1.9871301458750212E-004
       138816  2.0023264549749256E-004
       139008  2.1290175873875400E-004
       139200  2.2891655812213780E-004
       139392  2.2378747904938792E-004
       139584  2.1273792512086797E-004
       139776  2.0390286047939577E-004
       139968  1.9621280808297187E-004
       140160  1.8896917534160114E-004
       140352  1.7918067760344826E-004
       140544  1.6911963999361696E-004
       140736  1.6635193514126379E-004
       140928  1.8011457288975871E-004
       141120  1.8331167455370518E-004
       141312  1.6627283919932477E-004
       141504  1.4805962708899160E-004
       141696  1.2691315192139626E-004
       141888  1.0315086100055235E-004
       142080  8.0277999529237200E-005
       142272  5.8032149637370694E-005
       142464  3.1178665708249646E-005
       142656  3.1044780357783612E-006
       142848 -2.3563558255815115E-005
       143040 -4.6033927475089281E-005
       143232 -3.8896620118788867E-005
       143424  6.9832206877148365E-005
       143616  7.7865992056128124E-005
       143808  5.0432906380937800E-005
       144000  3.7962260353932125E-005
       144192  2.7062397373320487E-005
       144384  1.6903639294029895E-005
       144576  1.7675561812981387E-005
       144768  2.8403756808516764E-005
       144960  4.0290306764617420E-005
       145152  6.2677280716050011E-005
       145344  1.1629615540868001E-004
       145536  1.4075203128944237E-004
       145728  1.5107308600478838E-004
       145920  1.5522875838850443E-004
       146112  1.6236630318630535E-004
       146304  1.6342601811594415E-004
       146496  1.6777169300260597E-004
       146688  1.6814541467773469E-004
       146880  1.6935708643446050E-004
       147072  1.6921519287054743E-004
       147264  1.7065775962978307E-004
       147456  1.7588577570820966E-004
       147648  1.9419516540231967E-004
       147840  2.1207039254925351E-004
       148032  2.0609654475420470E-004
       148224  1.9594828388457642E-004
       148416  1.8806961789096926E-004
       148608  1.8116176305405725E-004
       148800  1.7473739217672163E-004
       148992  1.6658957822370500E-004
       149184  1.5834416951725637E-004
       149376  1.5916625054061405E-004
       149568  1.8271910988570551E-004
       149760  1.9365664907682338E-004
       149952  1.8058742836921828E-004
       150144  1.6480435265965997E-004
       150336  1.4523620635269416E-004
       150528  1.2281429515073128E-004
       150720  1.0141663567469088E-004
       150912  8.1281102422884203E-005
       151104  5.8136123888454048E-005
       151296  3.6964156475203177E-005
       151488  2.4465958041795131E-005
       151680  4.4742573713495859E-005
       151872  1.9919080479046080E-004
       152064  3.8965519517598110E-004
       152256  3.6836064955742817E-004
       152448  3.3142890839414705E-004
       152640  3.0377733140616594E-004
       152832  2.7755330569466261E-004
       153024  2.5235656687059562E-004
       153216  2.3589567188006679E-004
       153408  2.2837053026320556E-004
       153600  2.2301906582038891E-004
       153792  2.2210287264000486E-004
       153984  2.3421996073481113E-004
       154176  2.4652140909748167E-004
       154368  2.5351112344845425E-004
       154560  2.4769719986863652E-004
       154752  2.5004179969743100E-004
       154944  2.4454935342566947E-004
       155136  2.4464918732779699E-004
       155328  2.3997140709794827E-004
       155520  2.3886841874423307E-004
       155712  2.3606512572975791E-004
       155904  2.3294682491453920E-004
       156096  2.2860089349540988E-004
       156288  2.2500462043643501E-004
       156480  2.2084606309424659E-004
       156672  2.1631119124085655E-004
       156864  2.1197859159301514E-004
       157056  2.0913163380277853E-004
       157248  2.0889645073874835E-004
       157440  2.1145417023613793E-004
       157632  2.1329416489716989E-004
       157824  2.0721143450646437E-004
       158016  1.9618469875794681E-004
       158208  1.8153598501115384E-004
       158400  1.6153362648222704E-004
       158592  1.4215050769557280E-004
       158784  1.2404660743371544E-004
       158976  1.0379311887206203E-004
       159168  8.2579850369745618E-005
       159360  6.6666070114824443E-005
       159552  5.9794283319169988E-005
       159744  5.6458564216849166E-005
       159936  4.7049441851744859E-005
       160128  2.8329884018205348E-005
       160320  9.9514984756995823E-006
       160512 -1.2330859707601046E-007
       160704  2.2114817416152214E-005
       160896  1.4552660839355991E-004
       161088  3.2389009649163864E-004
       161280  3.3121063596205913E-004
       161472  3.0236474635516312E-004
       161664  2.7456826796708997E-004
       161856  2.5529750030429428E-004
       162048  2.4476486601797133E-004
       162240  2.3563498215072563E-004
       162432  2.2906493019204995E-004
       162624  2.4082768774205554E-004
       162816  2.5358296449586645E-004
       163008  2.5732156103026567E-004
       163200  2.4830264123670484E-004
       163392  2.4899668732086681E-004
       163584  2.4122368847997650E-004
       163776  2.3869507343419832E-004
       163968  2.3156733883001153E-004
       164160  2.2748650021360003E-004
       164352  2.2055348254494301E-004
       164544  2.1482107312081457E-004
       164736  2.1381015579922423E-004
       164928  2.2568817547226599E-004
       165120  2.4426532859863693E-004
       165312  2.4036882137868138E-004
       165504  2.2816795705327697E-004
       165696  2.1823354212468276E-004
       165888  2.0945535679055385E-004
       166080  2.0142409493974003E-004
       166272  1.9078557661524672E-004
       166464  1.7843988727067747E-004
       166656  1.6894863765826171E-004
       166848  1.6536962440339944E-004
       167040  1.7483659508352921E-004
       167232  1.7684361498853925E-004
       167424  1.6032107238011077E-004
       167616  1.3946895997334231E-004
       167808  1.1584915368560293E-004
       168000  9.2958822031339848E-005
       168192  7.0561791755403011E-005
       168384  4.3507762688078595E-005
       168576  1.5108470905511142E-005
       168768 -1.2269246504832828E-005
       168960 -3.8196412801353726E-005
       169152 -5.8193728787416181E-005
       169344 -2.6262259699035060E-005
       169536  1.3198843996514224E-004
       169728  1.2519341070782179E-004
       169920  1.0640104018840252E-004
       170112  8.9466972300478628E-005
       170304  7.3659983396188802E-005
       170496  6.8561309375806355E-005
       170688  7.3398674375260500E-005
       170880  7.9057050995572740E-005
       171072  8.6599787094903199E-005
       171264  1.0741567257862746E-004
       171456  1.4144266199085594E-004
       171648  1.6553352890780179E-004
       171840  1.6873815075650294E-004
       172032  1.7459295586514089E-004
       172224  1.7368631247720342E-004
       172416  1.7667197592945359E-004
       172608  1.7570119080588330E-004
       172800  1.7559011077276511E-004
