          192  1.6516053280722027E-004  0.0000000000000000E+000
   0.0000000000000000E+000
          384  2.2333052695200896E-004  0.0000000000000000E+000
   0.0000000000000000E+000
          576  3.4930728576344820E-004  0.0000000000000000E+000
   0.0000000000000000E+000
          768  5.7773378049155082E-004  0.0000000000000000E+000
   0.0000000000000000E+000
          960  9.0811384642584543E-004  0.0000000000000000E+000
   0.0000000000000000E+000
         1152  1.1301401427890431E-003  0.0000000000000000E+000
   0.0000000000000000E+000
         1344  8.2644753281493086E-004  0.0000000000000000E+000
   0.0000000000000000E+000
         1536  3.9516786539531246E-004  0.0000000000000000E+000
   0.0000000000000000E+000
         1728  2.5982915264181200E-004  0.0000000000000000E+000
   0.0000000000000000E+000
         1920  1.9704668072360716E-004  0.0000000000000000E+000
   0.0000000000000000E+000
         2112  1.5997472019365131E-004  0.0000000000000000E+000
   0.0000000000000000E+000
         2304  1.4072856220285777E-004  0.0000000000000000E+000
   0.0000000000000000E+000
         2496  1.3175694671873242E-004  0.0000000000000000E+000
   0.0000000000000000E+000
         2688  1.2961176611026156E-004  0.0000000000000000E+000
   0.0000000000000000E+000
         2880  1.3301695820646279E-004  0.0000000000000000E+000
   0.0000000000000000E+000
         3072  1.4181440003609242E-004  0.0000000000000000E+000
   0.0000000000000000E+000
         3264  1.5689498750344239E-004  0.0000000000000000E+000
   0.0000000000000000E+000
         3456  1.8072999266826589E-004  0.0000000000000000E+000
   0.0000000000000000E+000
         3648  2.1660394609565646E-004  0.0000000000000000E+000
   0.0000000000000000E+000
         3840  2.6947837212777653E-004  0.0000000000000000E+000
   0.0000000000000000E+000
         4032  3.4696916122623801E-004  0.0000000000000000E+000
   0.0000000000000000E+000
         4224  4.6296809851025439E-004  0.0000000000000000E+000
   0.0000000000000000E+000
         4416  6.5096085338447931E-004  0.0000000000000000E+000
   0.0000000000000000E+000
         4608  8.4775270244928755E-004  0.0000000000000000E+000
   0.0000000000000000E+000
         4800  8.1565304096084426E-004  0.0000000000000000E+000
   0.0000000000000000E+000
         4992  5.6323636746086377E-004  0.0000000000000000E+000
   0.0000000000000000E+000
         5184  3.2084851412422896E-004  0.0000000000000000E+000
   0.0000000000000000E+000
         5376  2.1580965627071319E-004  0.0000000000000000E+000
   0.0000000000000000E+000
         5568  1.7796981135222620E-004  0.0000000000000000E+000
   0.0000000000000000E+000
         5760  1.6435325044723958E-004  0.0000000000000000E+000
   0.0000000000000000E+000
         5952  1.6159150924668461E-004  0.0000000000000000E+000
   0.0000000000000000E+000
         6144  1.6614152139214077E-004  0.0000000000000000E+000
   0.0000000000000000E+000
         6336  1.7681819225865520E-004  0.0000000000000000E+000
   0.0000000000000000E+000
         6528  1.9379716940535647E-004  0.0000000000000000E+000
   0.0000000000000000E+000
         6720  2.1796499046281958E-004  0.0000000000000000E+000
   0.0000000000000000E+000
         6912  2.5016439088577729E-004  0.0000000000000000E+000
   0.0000000000000000E+000
         7104  2.8997499317701651E-004  0.0000000000000000E+000
   0.0000000000000000E+000
         7296  3.3664319533215867E-004  0.0000000000000000E+000
   0.0000000000000000E+000
         7488  3.8722461192342884E-004  0.0000000000000000E+000
   0.0000000000000000E+000
         7680  4.2427255014927087E-004  0.0000000000000000E+000
   0.0000000000000000E+000
         7872  4.1758980968562947E-004  0.0000000000000000E+000
   0.0000000000000000E+000
         8064  3.7542428520161825E-004  0.0000000000000000E+000
   0.0000000000000000E+000
         8256  3.3008214219508144E-004  0.0000000000000000E+000
   0.0000000000000000E+000
         8448  2.7751865433849521E-004  0.0000000000000000E+000
   0.0000000000000000E+000
         8640  2.2680119356202017E-004  0.0000000000000000E+000
   0.0000000000000000E+000
         8832  1.9486418537076238E-004  0.0000000000000000E+000
   0.0000000000000000E+000
         9024  1.8159719235354100E-004  0.0000000000000000E+000
   0.0000000000000000E+000
         9216  1.8206560160920465E-004  0.0000000000000000E+000
   0.0000000000000000E+000
         9408  1.9234268413707996E-004  0.0000000000000000E+000
   0.0000000000000000E+000
         9600  2.1110208181900994E-004  0.0000000000000000E+000
   0.0000000000000000E+000
         9792  2.3864038846119299E-004  0.0000000000000000E+000
   0.0000000000000000E+000
         9984  2.7599721791648536E-004  0.0000000000000000E+000
   0.0000000000000000E+000
        10176  3.2578053504293917E-004  0.0000000000000000E+000
   0.0000000000000000E+000
        10368  3.9390744142067847E-004  0.0000000000000000E+000
   0.0000000000000000E+000
        10560  4.8406712421722768E-004  0.0000000000000000E+000
   0.0000000000000000E+000
        10752  5.7466953658200808E-004  0.0000000000000000E+000
   0.0000000000000000E+000
        10944  6.0615133554731474E-004  0.0000000000000000E+000
   0.0000000000000000E+000
        11136  5.3738310491600546E-004  0.0000000000000000E+000
   0.0000000000000000E+000
        11328  4.1864841840921654E-004  0.0000000000000000E+000
   0.0000000000000000E+000
        11520  3.3376954560567537E-004  0.0000000000000000E+000
   0.0000000000000000E+000
        11712  2.8528491572575381E-004  0.0000000000000000E+000
   0.0000000000000000E+000
        11904  2.5408261302878570E-004  0.0000000000000000E+000
   0.0000000000000000E+000
        12096  2.3517578648203728E-004  0.0000000000000000E+000
   0.0000000000000000E+000
        12288  2.2645227452181886E-004  0.0000000000000000E+000
   0.0000000000000000E+000
        12480  2.2694262655224221E-004  0.0000000000000000E+000
   0.0000000000000000E+000
        12672  2.3545169066546028E-004  0.0000000000000000E+000
   0.0000000000000000E+000
        12864  2.5206246671718768E-004  0.0000000000000000E+000
   0.0000000000000000E+000
        13056  2.7731346336121079E-004  0.0000000000000000E+000
   0.0000000000000000E+000
        13248  3.1320862109159416E-004  0.0000000000000000E+000
   0.0000000000000000E+000
        13440  3.6547640670271696E-004  0.0000000000000000E+000
   0.0000000000000000E+000
        13632  4.3851232347472184E-004  0.0000000000000000E+000
   0.0000000000000000E+000
        13824  5.2225210631307853E-004  0.0000000000000000E+000
   0.0000000000000000E+000
        14016  5.7316499213937188E-004  0.0000000000000000E+000
   0.0000000000000000E+000
        14208  5.3871959709195368E-004  0.0000000000000000E+000
   0.0000000000000000E+000
        14400  4.4006471537169563E-004  0.0000000000000000E+000
   0.0000000000000000E+000
        14592  3.5408969803104874E-004  0.0000000000000000E+000
   0.0000000000000000E+000
        14784  3.0035440017039960E-004  0.0000000000000000E+000
   0.0000000000000000E+000
        14976  2.6353805400144693E-004  0.0000000000000000E+000
   0.0000000000000000E+000
        15168  2.3832274564543712E-004  0.0000000000000000E+000
   0.0000000000000000E+000
        15360  2.2361418450282295E-004  0.0000000000000000E+000
   0.0000000000000000E+000
        15552  2.1821223111554691E-004  0.0000000000000000E+000
   0.0000000000000000E+000
        15744  2.2005276037288365E-004  0.0000000000000000E+000
   0.0000000000000000E+000
        15936  2.2770951438623812E-004  0.0000000000000000E+000
   0.0000000000000000E+000
        16128  2.4095238382431189E-004  0.0000000000000000E+000
   0.0000000000000000E+000
        16320  2.6045938360531694E-004  0.0000000000000000E+000
   0.0000000000000000E+000
        16512  2.8770470119477836E-004  0.0000000000000000E+000
   0.0000000000000000E+000
        16704  3.2564478000924587E-004  0.0000000000000000E+000
   0.0000000000000000E+000
        16896  3.7882442490218992E-004  0.0000000000000000E+000
   0.0000000000000000E+000
        17088  4.4194548208529352E-004  0.0000000000000000E+000
   0.0000000000000000E+000
        17280  4.8438998265411601E-004  0.0000000000000000E+000
   0.0000000000000000E+000
        17472  4.6610555776230766E-004  0.0000000000000000E+000
   0.0000000000000000E+000
        17664  3.8668468726604029E-004  0.0000000000000000E+000
   0.0000000000000000E+000
        17856  3.0322066806347665E-004  0.0000000000000000E+000
   0.0000000000000000E+000
        18048  2.5408739750638432E-004  0.0000000000000000E+000
   0.0000000000000000E+000
        18240  2.3016829167823069E-004  0.0000000000000000E+000
   0.0000000000000000E+000
        18432  2.2037645463869791E-004  0.0000000000000000E+000
   0.0000000000000000E+000
        18624  2.1988013313159767E-004  0.0000000000000000E+000
   0.0000000000000000E+000
        18816  2.2650980748880776E-004  0.0000000000000000E+000
   0.0000000000000000E+000
        19008  2.3949914641169896E-004  0.0000000000000000E+000
   0.0000000000000000E+000
        19200  2.5908665877628808E-004  0.0000000000000000E+000
   0.0000000000000000E+000
        19392  2.8711413518496298E-004  0.0000000000000000E+000
   0.0000000000000000E+000
        19584  3.2792653412073292E-004  0.0000000000000000E+000
   0.0000000000000000E+000
        19776  3.8998379215338363E-004  0.0000000000000000E+000
   0.0000000000000000E+000
        19968  4.8041337383873418E-004  0.0000000000000000E+000
   0.0000000000000000E+000
        20160  5.7727311767421835E-004  0.0000000000000000E+000
   0.0000000000000000E+000
        20352  6.2408702874338642E-004  0.0000000000000000E+000
   0.0000000000000000E+000
        20544  5.5561776943326092E-004  0.0000000000000000E+000
   0.0000000000000000E+000
        20736  4.3390422226580888E-004  0.0000000000000000E+000
   0.0000000000000000E+000
        20928  3.3321824452180545E-004  0.0000000000000000E+000
   0.0000000000000000E+000
        21120  2.5961622667598262E-004  0.0000000000000000E+000
   0.0000000000000000E+000
        21312  2.1717874460312829E-004  0.0000000000000000E+000
   0.0000000000000000E+000
        21504  1.9576586814469985E-004  0.0000000000000000E+000
   0.0000000000000000E+000
        21696  1.8740262946541548E-004  0.0000000000000000E+000
   0.0000000000000000E+000
        21888  1.8842605772210038E-004  0.0000000000000000E+000
   0.0000000000000000E+000
        22080  1.9697471944188228E-004  0.0000000000000000E+000
   0.0000000000000000E+000
        22272  2.1334050746135862E-004  0.0000000000000000E+000
   0.0000000000000000E+000
        22464  2.3778218239582606E-004  0.0000000000000000E+000
   0.0000000000000000E+000
        22656  2.7193532787818072E-004  0.0000000000000000E+000
   0.0000000000000000E+000
        22848  3.1927274505671766E-004  0.0000000000000000E+000
   0.0000000000000000E+000
        23040  3.8670789405323988E-004  0.0000000000000000E+000
   0.0000000000000000E+000
        23232  4.8418522466462538E-004  0.0000000000000000E+000
   0.0000000000000000E+000
        23424  5.7853780624592360E-004  0.0000000000000000E+000
   0.0000000000000000E+000
        23616  5.8632423029963032E-004  0.0000000000000000E+000
   0.0000000000000000E+000
        23808  4.6637900889149626E-004  0.0000000000000000E+000
   0.0000000000000000E+000
        24000  3.3271754717000397E-004  0.0000000000000000E+000
   0.0000000000000000E+000
        24192  2.5589021495396250E-004  0.0000000000000000E+000
   0.0000000000000000E+000
        24384  2.1505159144226684E-004  0.0000000000000000E+000
   0.0000000000000000E+000
        24576  1.9307859929683141E-004  0.0000000000000000E+000
   0.0000000000000000E+000
        24768  1.8167850602195397E-004  0.0000000000000000E+000
   0.0000000000000000E+000
        24960  1.7734329636919413E-004  0.0000000000000000E+000
   0.0000000000000000E+000
        25152  1.7879138798418542E-004  0.0000000000000000E+000
   0.0000000000000000E+000
        25344  1.8603128561587329E-004  0.0000000000000000E+000
   0.0000000000000000E+000
        25536  1.9975712253310490E-004  0.0000000000000000E+000
   0.0000000000000000E+000
        25728  2.2151354783865240E-004  0.0000000000000000E+000
   0.0000000000000000E+000
        25920  2.5440118121220661E-004  0.0000000000000000E+000
   0.0000000000000000E+000
        26112  3.0240036324119692E-004  0.0000000000000000E+000
   0.0000000000000000E+000
        26304  3.7155876183421423E-004  0.0000000000000000E+000
   0.0000000000000000E+000
        26496  4.7241313985100131E-004  0.0000000000000000E+000
   0.0000000000000000E+000
        26688  5.8291642430411740E-004  0.0000000000000000E+000
   0.0000000000000000E+000
        26880  6.2044460068754446E-004  0.0000000000000000E+000
   0.0000000000000000E+000
        27072  5.2226098371467989E-004  0.0000000000000000E+000
   0.0000000000000000E+000
        27264  3.7393136562116668E-004  0.0000000000000000E+000
   0.0000000000000000E+000
        27456  2.8472184645395590E-004  0.0000000000000000E+000
   0.0000000000000000E+000
        27648  2.4048517997092350E-004  0.0000000000000000E+000
   0.0000000000000000E+000
        27840  2.1499796136884131E-004  0.0000000000000000E+000
   0.0000000000000000E+000
        28032  2.0077751201410000E-004  0.0000000000000000E+000
   0.0000000000000000E+000
        28224  1.9562853028349246E-004  0.0000000000000000E+000
   0.0000000000000000E+000
        28416  1.9860750654798198E-004  0.0000000000000000E+000
   0.0000000000000000E+000
        28608  2.0948690810718891E-004  0.0000000000000000E+000
   0.0000000000000000E+000
        28800  2.2871056347627120E-004  0.0000000000000000E+000
   0.0000000000000000E+000
        28992  2.5838231780951490E-004  0.0000000000000000E+000
   0.0000000000000000E+000
        29184  3.0255186151663404E-004  0.0000000000000000E+000
   0.0000000000000000E+000
        29376  3.6934068715997471E-004  0.0000000000000000E+000
   0.0000000000000000E+000
        29568  4.7296336891387581E-004  0.0000000000000000E+000
   0.0000000000000000E+000
        29760  6.0890497404777328E-004  0.0000000000000000E+000
   0.0000000000000000E+000
        29952  6.9882440845410584E-004  0.0000000000000000E+000
   0.0000000000000000E+000
        30144  6.2778290943295658E-004  0.0000000000000000E+000
   0.0000000000000000E+000
        30336  4.5748733463601228E-004  0.0000000000000000E+000
   0.0000000000000000E+000
        30528  3.2587192902281905E-004  0.0000000000000000E+000
   0.0000000000000000E+000
        30720  2.4590045443816544E-004  0.0000000000000000E+000
   0.0000000000000000E+000
        30912  2.0408965478612649E-004  0.0000000000000000E+000
   0.0000000000000000E+000
        31104  1.8522736468522258E-004  0.0000000000000000E+000
   0.0000000000000000E+000
        31296  1.7952444014224107E-004  0.0000000000000000E+000
   0.0000000000000000E+000
        31488  1.8214642688062574E-004  0.0000000000000000E+000
   0.0000000000000000E+000
        31680  1.9169616153906960E-004  0.0000000000000000E+000
   0.0000000000000000E+000
        31872  2.0784985094969758E-004  0.0000000000000000E+000
   0.0000000000000000E+000
        32064  2.3115984067009749E-004  0.0000000000000000E+000
   0.0000000000000000E+000
        32256  2.6237942873930895E-004  0.0000000000000000E+000
   0.0000000000000000E+000
        32448  3.0287688959051192E-004  0.0000000000000000E+000
   0.0000000000000000E+000
        32640  3.5413255518418520E-004  0.0000000000000000E+000
   0.0000000000000000E+000
        32832  4.1625989848369374E-004  0.0000000000000000E+000
   0.0000000000000000E+000
        33024  4.6542091255893047E-004  0.0000000000000000E+000
   0.0000000000000000E+000
        33216  4.6880157525464863E-004  0.0000000000000000E+000
   0.0000000000000000E+000
        33408  4.1784986993927543E-004  0.0000000000000000E+000
   0.0000000000000000E+000
        33600  3.3774871642179083E-004  0.0000000000000000E+000
   0.0000000000000000E+000
        33792  2.5987568673176511E-004  0.0000000000000000E+000
   0.0000000000000000E+000
        33984  2.0890612717683649E-004  0.0000000000000000E+000
   0.0000000000000000E+000
        34176  1.8188473108807245E-004  0.0000000000000000E+000
   0.0000000000000000E+000
        34368  1.6946891292879900E-004  0.0000000000000000E+000
   0.0000000000000000E+000
        34560  1.6707281794010618E-004  0.0000000000000000E+000
   0.0000000000000000E+000
        34752  1.7330828336853374E-004  0.0000000000000000E+000
   0.0000000000000000E+000
        34944  1.8843856778247447E-004  0.0000000000000000E+000
   0.0000000000000000E+000
        35136  2.1352841037412972E-004  0.0000000000000000E+000
   0.0000000000000000E+000
        35328  2.4931590403626805E-004  0.0000000000000000E+000
   0.0000000000000000E+000
        35520  2.9754314230678348E-004  0.0000000000000000E+000
   0.0000000000000000E+000
        35712  3.6217206174651091E-004  0.0000000000000000E+000
   0.0000000000000000E+000
        35904  4.5142707436577885E-004  0.0000000000000000E+000
   0.0000000000000000E+000
        36096  5.5757490489733211E-004  0.0000000000000000E+000
   0.0000000000000000E+000
        36288  6.2483113705310374E-004  0.0000000000000000E+000
   0.0000000000000000E+000
        36480  5.8030360045761885E-004  0.0000000000000000E+000
   0.0000000000000000E+000
        36672  4.4583932504712432E-004  0.0000000000000000E+000
   0.0000000000000000E+000
        36864  3.3384823811365605E-004  0.0000000000000000E+000
   0.0000000000000000E+000
        37056  2.7400274719804272E-004  0.0000000000000000E+000
   0.0000000000000000E+000
        37248  2.3864109666169351E-004  0.0000000000000000E+000
   0.0000000000000000E+000
        37440  2.1691776920217359E-004  0.0000000000000000E+000
   0.0000000000000000E+000
        37632  2.0602529943880305E-004  0.0000000000000000E+000
   0.0000000000000000E+000
        37824  2.0519100770254663E-004  0.0000000000000000E+000
   0.0000000000000000E+000
        38016  2.1345574772439958E-004  0.0000000000000000E+000
   0.0000000000000000E+000
        38208  2.3003386017979321E-004  0.0000000000000000E+000
   0.0000000000000000E+000
        38400  2.5545308701856065E-004  0.0000000000000000E+000
   0.0000000000000000E+000
        38592  2.9199765808079331E-004  0.0000000000000000E+000
   0.0000000000000000E+000
        38784  3.4497611444520574E-004  0.0000000000000000E+000
   0.0000000000000000E+000
        38976  4.2118110249325462E-004  0.0000000000000000E+000
   0.0000000000000000E+000
        39168  5.1443650958999038E-004  0.0000000000000000E+000
   0.0000000000000000E+000
        39360  5.9545375844535558E-004  0.0000000000000000E+000
   0.0000000000000000E+000
        39552  5.9539130159613578E-004  0.0000000000000000E+000
   0.0000000000000000E+000
        39744  5.0177998532320610E-004  0.0000000000000000E+000
   0.0000000000000000E+000
        39936  3.9125452713154301E-004  0.0000000000000000E+000
   0.0000000000000000E+000
        40128  3.1122102557147195E-004  0.0000000000000000E+000
   0.0000000000000000E+000
        40320  2.6102327148508440E-004  0.0000000000000000E+000
   0.0000000000000000E+000
        40512  2.3118029134031317E-004  0.0000000000000000E+000
   0.0000000000000000E+000
        40704  2.1508548371581735E-004  0.0000000000000000E+000
   0.0000000000000000E+000
        40896  2.0879347319067802E-004  0.0000000000000000E+000
   0.0000000000000000E+000
        41088  2.1024623248669602E-004  0.0000000000000000E+000
   0.0000000000000000E+000
        41280  2.1842330314672829E-004  0.0000000000000000E+000
   0.0000000000000000E+000
        41472  2.3280092485706796E-004  0.0000000000000000E+000
   0.0000000000000000E+000
        41664  2.5256757498448291E-004  0.0000000000000000E+000
   0.0000000000000000E+000
        41856  2.7787618347281087E-004  0.0000000000000000E+000
   0.0000000000000000E+000
        42048  3.0965047863208283E-004  0.0000000000000000E+000
   0.0000000000000000E+000
        42240  3.4930418166288850E-004  0.0000000000000000E+000
   0.0000000000000000E+000
        42432  3.9424987275175520E-004  0.0000000000000000E+000
   0.0000000000000000E+000
        42624  4.2609610749518083E-004  0.0000000000000000E+000
   0.0000000000000000E+000
        42816  4.2637787494056279E-004  0.0000000000000000E+000
   0.0000000000000000E+000
        43008  3.8435921145337870E-004  0.0000000000000000E+000
   0.0000000000000000E+000
        43200  3.1523145544793942E-004  0.0000000000000000E+000
   0.0000000000000000E+000
        43392  2.5244884458200400E-004  0.0000000000000000E+000
   0.0000000000000000E+000
        43584  2.1585593800858968E-004  0.0000000000000000E+000
   0.0000000000000000E+000
        43776  2.0001010587397677E-004  0.0000000000000000E+000
   0.0000000000000000E+000
        43968  1.9720771058854143E-004  0.0000000000000000E+000
   0.0000000000000000E+000
        44160  2.0346545210488015E-004  0.0000000000000000E+000
   0.0000000000000000E+000
        44352  2.1735747934695080E-004  0.0000000000000000E+000
   0.0000000000000000E+000
        44544  2.3844137095972441E-004  0.0000000000000000E+000
   0.0000000000000000E+000
        44736  2.6733959889549262E-004  0.0000000000000000E+000
   0.0000000000000000E+000
        44928  3.0605260679870283E-004  0.0000000000000000E+000
   0.0000000000000000E+000
        45120  3.5897957788763493E-004  0.0000000000000000E+000
   0.0000000000000000E+000
        45312  4.3399366524346625E-004  0.0000000000000000E+000
   0.0000000000000000E+000
        45504  5.2334698616676332E-004  0.0000000000000000E+000
   0.0000000000000000E+000
        45696  5.8879203034662385E-004  0.0000000000000000E+000
   0.0000000000000000E+000
        45888  5.7096149823344803E-004  0.0000000000000000E+000
   0.0000000000000000E+000
        46080  4.6968743908706780E-004  0.0000000000000000E+000
   0.0000000000000000E+000
        46272  3.7117813860824386E-004  0.0000000000000000E+000
   0.0000000000000000E+000
        46464  3.0522896190488083E-004  0.0000000000000000E+000
   0.0000000000000000E+000
        46656  2.5688771424348100E-004  0.0000000000000000E+000
   0.0000000000000000E+000
        46848  2.2592205964897389E-004  0.0000000000000000E+000
   0.0000000000000000E+000
        47040  2.1042710866463299E-004  0.0000000000000000E+000
   0.0000000000000000E+000
        47232  2.0585914894639981E-004  0.0000000000000000E+000
   0.0000000000000000E+000
        47424  2.1007809125826550E-004  0.0000000000000000E+000
   0.0000000000000000E+000
        47616  2.2212876348809871E-004  0.0000000000000000E+000
   0.0000000000000000E+000
        47808  2.4184902621510927E-004  0.0000000000000000E+000
   0.0000000000000000E+000
        48000  2.7060792395923141E-004  0.0000000000000000E+000
   0.0000000000000000E+000
        48192  3.1220654409670241E-004  0.0000000000000000E+000
   0.0000000000000000E+000
        48384  3.7178090890260964E-004  0.0000000000000000E+000
   0.0000000000000000E+000
        48576  4.5665485787281811E-004  0.0000000000000000E+000
   0.0000000000000000E+000
        48768  5.5064789911258704E-004  0.0000000000000000E+000
   0.0000000000000000E+000
        48960  5.9161283344776538E-004  0.0000000000000000E+000
   0.0000000000000000E+000
        49152  5.1698438067466731E-004  0.0000000000000000E+000
   0.0000000000000000E+000
        49344  3.9422111921756143E-004  0.0000000000000000E+000
   0.0000000000000000E+000
        49536  3.1416260874581574E-004  0.0000000000000000E+000
   0.0000000000000000E+000
        49728  2.6548766273078964E-004  0.0000000000000000E+000
   0.0000000000000000E+000
        49920  2.3286817454563715E-004  0.0000000000000000E+000
   0.0000000000000000E+000
        50112  2.1305863962443455E-004  0.0000000000000000E+000
   0.0000000000000000E+000
        50304  2.0335350229087160E-004  0.0000000000000000E+000
   0.0000000000000000E+000
        50496  2.0094875558728713E-004  0.0000000000000000E+000
   0.0000000000000000E+000
        50688  2.0435422455780059E-004  0.0000000000000000E+000
   0.0000000000000000E+000
        50880  2.1324725891312855E-004  0.0000000000000000E+000
   0.0000000000000000E+000
        51072  2.2812731330114361E-004  0.0000000000000000E+000
   0.0000000000000000E+000
        51264  2.5053959442889725E-004  0.0000000000000000E+000
   0.0000000000000000E+000
        51456  2.8275626580389924E-004  0.0000000000000000E+000
   0.0000000000000000E+000
        51648  3.2841705799218599E-004  0.0000000000000000E+000
   0.0000000000000000E+000
        51840  3.9466060039314744E-004  0.0000000000000000E+000
   0.0000000000000000E+000
        52032  4.7675006788447643E-004  0.0000000000000000E+000
   0.0000000000000000E+000
        52224  5.3006772668165154E-004  0.0000000000000000E+000
   0.0000000000000000E+000
        52416  4.9914935508254892E-004  0.0000000000000000E+000
   0.0000000000000000E+000
        52608  3.9449030952557401E-004  0.0000000000000000E+000
   0.0000000000000000E+000
        52800  3.0070899285356565E-004  0.0000000000000000E+000
   0.0000000000000000E+000
        52992  2.5078140687757335E-004  0.0000000000000000E+000
   0.0000000000000000E+000
        53184  2.2585623568709666E-004  0.0000000000000000E+000
   0.0000000000000000E+000
        53376  2.1416677992980315E-004  0.0000000000000000E+000
   0.0000000000000000E+000
        53568  2.1130066442349689E-004  0.0000000000000000E+000
   0.0000000000000000E+000
        53760  2.1539804269277377E-004  0.0000000000000000E+000
   0.0000000000000000E+000
        53952  2.2598688231106721E-004  0.0000000000000000E+000
   0.0000000000000000E+000
        54144  2.4400644743444202E-004  0.0000000000000000E+000
   0.0000000000000000E+000
        54336  2.7173155690509240E-004  0.0000000000000000E+000
   0.0000000000000000E+000
        54528  3.1310485491314969E-004  0.0000000000000000E+000
   0.0000000000000000E+000
        54720  3.7570194765209778E-004  0.0000000000000000E+000
   0.0000000000000000E+000
        54912  4.7300743475796542E-004  0.0000000000000000E+000
   0.0000000000000000E+000
        55104  5.9203010957024698E-004  0.0000000000000000E+000
   0.0000000000000000E+000
        55296  6.6918536573210572E-004  0.0000000000000000E+000
   0.0000000000000000E+000
        55488  6.0515281587163443E-004  0.0000000000000000E+000
   0.0000000000000000E+000
        55680  4.5358451702864737E-004  0.0000000000000000E+000
   0.0000000000000000E+000
        55872  3.2544946367071804E-004  0.0000000000000000E+000
   0.0000000000000000E+000
        56064  2.4613918656648826E-004  0.0000000000000000E+000
   0.0000000000000000E+000
        56256  2.0507862320316117E-004  0.0000000000000000E+000
   0.0000000000000000E+000
        56448  1.8499351230283502E-004  0.0000000000000000E+000
   0.0000000000000000E+000
        56640  1.7813395425174007E-004  0.0000000000000000E+000
   0.0000000000000000E+000
        56832  1.8095913851064464E-004  0.0000000000000000E+000
   0.0000000000000000E+000
        57024  1.9097502509309974E-004  0.0000000000000000E+000
   0.0000000000000000E+000
        57216  2.0756140638408371E-004  0.0000000000000000E+000
   0.0000000000000000E+000
        57408  2.3150460558123061E-004  0.0000000000000000E+000
   0.0000000000000000E+000
        57600  2.6516971372056322E-004  0.0000000000000000E+000
   0.0000000000000000E+000
        57792  3.1142237596241376E-004  0.0000000000000000E+000
   0.0000000000000000E+000
        57984  3.7483367001554140E-004  0.0000000000000000E+000
   0.0000000000000000E+000
        58176  4.6144889894700379E-004  0.0000000000000000E+000
   0.0000000000000000E+000
        58368  5.4768110130495352E-004  0.0000000000000000E+000
   0.0000000000000000E+000
        58560  5.6463478705975618E-004  0.0000000000000000E+000
   0.0000000000000000E+000
        58752  4.7210234637164996E-004  0.0000000000000000E+000
   0.0000000000000000E+000
        58944  3.3964295967014443E-004  0.0000000000000000E+000
   0.0000000000000000E+000
        59136  2.4963179804016438E-004  0.0000000000000000E+000
   0.0000000000000000E+000
        59328  2.0458955664352153E-004  0.0000000000000000E+000
   0.0000000000000000E+000
        59520  1.8194486134892504E-004  0.0000000000000000E+000
   0.0000000000000000E+000
        59712  1.7076221953231586E-004  0.0000000000000000E+000
   0.0000000000000000E+000
        59904  1.6717473484446874E-004  0.0000000000000000E+000
   0.0000000000000000E+000
        60096  1.6995439711410865E-004  0.0000000000000000E+000
   0.0000000000000000E+000
        60288  1.7912259405365364E-004  0.0000000000000000E+000
   0.0000000000000000E+000
        60480  1.9618483470115546E-004  0.0000000000000000E+000
   0.0000000000000000E+000
        60672  2.2341062008918587E-004  0.0000000000000000E+000
   0.0000000000000000E+000
        60864  2.6389037976572220E-004  0.0000000000000000E+000
   0.0000000000000000E+000
        61056  3.2153744168220567E-004  0.0000000000000000E+000
   0.0000000000000000E+000
        61248  4.0196075157003416E-004  0.0000000000000000E+000
   0.0000000000000000E+000
        61440  5.1571874272175343E-004  0.0000000000000000E+000
   0.0000000000000000E+000
        61632  6.3204101349994364E-004  0.0000000000000000E+000
   0.0000000000000000E+000
        61824  6.5683977789376057E-004  0.0000000000000000E+000
   0.0000000000000000E+000
        62016  5.3419577293254274E-004  0.0000000000000000E+000
   0.0000000000000000E+000
        62208  3.7577544522034709E-004  0.0000000000000000E+000
   0.0000000000000000E+000
        62400  2.8741982769046046E-004  0.0000000000000000E+000
   0.0000000000000000E+000
        62592  2.4244659908963703E-004  0.0000000000000000E+000
   0.0000000000000000E+000
        62784  2.1482770231506280E-004  0.0000000000000000E+000
   0.0000000000000000E+000
        62976  1.9872010827882665E-004  0.0000000000000000E+000
   0.0000000000000000E+000
        63168  1.9284085975025529E-004  0.0000000000000000E+000
   0.0000000000000000E+000
        63360  1.9578455233882770E-004  0.0000000000000000E+000
   0.0000000000000000E+000
        63552  2.0695087286129338E-004  0.0000000000000000E+000
   0.0000000000000000E+000
        63744  2.2687919907660517E-004  0.0000000000000000E+000
   0.0000000000000000E+000
        63936  2.5756344015116051E-004  0.0000000000000000E+000
   0.0000000000000000E+000
        64128  3.0203731311257955E-004  0.0000000000000000E+000
   0.0000000000000000E+000
        64320  3.6692790199075782E-004  0.0000000000000000E+000
   0.0000000000000000E+000
        64512  4.6553988570143028E-004  0.0000000000000000E+000
   0.0000000000000000E+000
        64704  5.9436764643104611E-004  0.0000000000000000E+000
   0.0000000000000000E+000
        64896  6.8434331395286448E-004  0.0000000000000000E+000
   0.0000000000000000E+000
        65088  6.3462084702383510E-004  0.0000000000000000E+000
   0.0000000000000000E+000
        65280  4.9028840834210413E-004  0.0000000000000000E+000
   0.0000000000000000E+000
        65472  3.5858622370486408E-004  0.0000000000000000E+000
   0.0000000000000000E+000
        65664  2.7035428580803961E-004  0.0000000000000000E+000
   0.0000000000000000E+000
        65856  2.2265554812296579E-004  0.0000000000000000E+000
   0.0000000000000000E+000
        66048  1.9969944474115979E-004  0.0000000000000000E+000
   0.0000000000000000E+000
        66240  1.9123842387781080E-004  0.0000000000000000E+000
   0.0000000000000000E+000
        66432  1.9181029276296136E-004  0.0000000000000000E+000
   0.0000000000000000E+000
        66624  1.9924078240657789E-004  0.0000000000000000E+000
   0.0000000000000000E+000
        66816  2.1265834225211506E-004  0.0000000000000000E+000
   0.0000000000000000E+000
        67008  2.3234548055879516E-004  0.0000000000000000E+000
   0.0000000000000000E+000
        67200  2.5894651994850544E-004  0.0000000000000000E+000
   0.0000000000000000E+000
        67392  2.9278029270170779E-004  0.0000000000000000E+000
   0.0000000000000000E+000
        67584  3.3307097165340724E-004  0.0000000000000000E+000
   0.0000000000000000E+000
        67776  3.7944039055407339E-004  0.0000000000000000E+000
   0.0000000000000000E+000
        67968  4.2000772800638908E-004  0.0000000000000000E+000
   0.0000000000000000E+000
        68160  4.2964192506923793E-004  0.0000000000000000E+000
   0.0000000000000000E+000
        68352  4.0394888082255650E-004  0.0000000000000000E+000
   0.0000000000000000E+000
        68544  3.5007573015921633E-004  0.0000000000000000E+000
   0.0000000000000000E+000
        68736  2.8378701365169915E-004  0.0000000000000000E+000
   0.0000000000000000E+000
        68928  2.2848871987773040E-004  0.0000000000000000E+000
   0.0000000000000000E+000
        69120  1.9634584260746853E-004  0.0000000000000000E+000
   0.0000000000000000E+000
        69312  1.8196703970814359E-004  0.0000000000000000E+000
   0.0000000000000000E+000
        69504  1.8022269843439860E-004  0.0000000000000000E+000
   0.0000000000000000E+000
        69696  1.8851350344555758E-004  0.0000000000000000E+000
   0.0000000000000000E+000
        69888  2.0541274277244661E-004  0.0000000000000000E+000
   0.0000000000000000E+000
        70080  2.3075270463214292E-004  0.0000000000000000E+000
   0.0000000000000000E+000
        70272  2.6546033097840741E-004  0.0000000000000000E+000
   0.0000000000000000E+000
        70464  3.1122165000130070E-004  0.0000000000000000E+000
   0.0000000000000000E+000
        70656  3.7242538656421549E-004  0.0000000000000000E+000
   0.0000000000000000E+000
        70848  4.5561710706788647E-004  0.0000000000000000E+000
   0.0000000000000000E+000
        71040  5.4715455428772162E-004  0.0000000000000000E+000
   0.0000000000000000E+000
        71232  5.9687063651175844E-004  0.0000000000000000E+000
   0.0000000000000000E+000
        71424  5.5071345076833454E-004  0.0000000000000000E+000
   0.0000000000000000E+000
        71616  4.3520014314552067E-004  0.0000000000000000E+000
   0.0000000000000000E+000
        71808  3.4066887501722190E-004  0.0000000000000000E+000
   0.0000000000000000E+000
        72000  2.8562765385977995E-004  0.0000000000000000E+000
   0.0000000000000000E+000
        72192  2.5018138014823823E-004  0.0000000000000000E+000
   0.0000000000000000E+000
        72384  2.2798195913420455E-004  0.0000000000000000E+000
   0.0000000000000000E+000
        72576  2.1735203750008220E-004  0.0000000000000000E+000
   0.0000000000000000E+000
        72768  2.1640039582467106E-004  0.0000000000000000E+000
   0.0000000000000000E+000
        72960  2.2384514355830085E-004  0.0000000000000000E+000
   0.0000000000000000E+000
        73152  2.3910774788675227E-004  0.0000000000000000E+000
   0.0000000000000000E+000
        73344  2.6333548265550883E-004  0.0000000000000000E+000
   0.0000000000000000E+000
        73536  2.9828248345985958E-004  0.0000000000000000E+000
   0.0000000000000000E+000
        73728  3.4721053922626073E-004  0.0000000000000000E+000
   0.0000000000000000E+000
        73920  4.1673787329664700E-004  0.0000000000000000E+000
   0.0000000000000000E+000
        74112  5.0244607895153198E-004  0.0000000000000000E+000
   0.0000000000000000E+000
        74304  5.7044092071259955E-004  0.0000000000000000E+000
   0.0000000000000000E+000
        74496  5.5963757454926654E-004  0.0000000000000000E+000
   0.0000000000000000E+000
        74688  4.6763740044492496E-004  0.0000000000000000E+000
   0.0000000000000000E+000
        74880  3.7109505979410689E-004  0.0000000000000000E+000
   0.0000000000000000E+000
        75072  3.0800923040311514E-004  0.0000000000000000E+000
   0.0000000000000000E+000
        75264  2.6677236494420417E-004  0.0000000000000000E+000
   0.0000000000000000E+000
        75456  2.3906535662206096E-004  0.0000000000000000E+000
   0.0000000000000000E+000
        75648  2.2262445939707972E-004  0.0000000000000000E+000
   0.0000000000000000E+000
        75840  2.1590058881074386E-004  0.0000000000000000E+000
   0.0000000000000000E+000
        76032  2.1720430242002370E-004  0.0000000000000000E+000
   0.0000000000000000E+000
        76224  2.2467231278983107E-004  0.0000000000000000E+000
   0.0000000000000000E+000
        76416  2.3749291596996181E-004  0.0000000000000000E+000
   0.0000000000000000E+000
        76608  2.5596719683038588E-004  0.0000000000000000E+000
   0.0000000000000000E+000
        76800  2.8110606327948179E-004  0.0000000000000000E+000
   0.0000000000000000E+000
        76992  3.1466598980218173E-004  0.0000000000000000E+000
   0.0000000000000000E+000
        77184  3.6003222308786408E-004  0.0000000000000000E+000
   0.0000000000000000E+000
        77376  4.1516808501214933E-004  0.0000000000000000E+000
   0.0000000000000000E+000
        77568  4.5840854190584761E-004  0.0000000000000000E+000
   0.0000000000000000E+000
        77760  4.5511128234671492E-004  0.0000000000000000E+000
   0.0000000000000000E+000
        77952  3.9476265031177296E-004  0.0000000000000000E+000
   0.0000000000000000E+000
        78144  3.1226684898513052E-004  0.0000000000000000E+000
   0.0000000000000000E+000
        78336  2.5460944469035495E-004  0.0000000000000000E+000
   0.0000000000000000E+000
        78528  2.2584098387150539E-004  0.0000000000000000E+000
   0.0000000000000000E+000
        78720  2.1402396930187011E-004  0.0000000000000000E+000
   0.0000000000000000E+000
        78912  2.1290303334098922E-004  0.0000000000000000E+000
   0.0000000000000000E+000
        79104  2.1959736889082631E-004  0.0000000000000000E+000
   0.0000000000000000E+000
        79296  2.3297988561155294E-004  0.0000000000000000E+000
   0.0000000000000000E+000
        79488  2.5306540613260201E-004  0.0000000000000000E+000
   0.0000000000000000E+000
        79680  2.8095057410874055E-004  0.0000000000000000E+000
   0.0000000000000000E+000
        79872  3.1976768129187306E-004  0.0000000000000000E+000
   0.0000000000000000E+000
        80064  3.7650964181759736E-004  0.0000000000000000E+000
   0.0000000000000000E+000
        80256  4.6042778024946916E-004  0.0000000000000000E+000
   0.0000000000000000E+000
        80448  5.5583554647072150E-004  0.0000000000000000E+000
   0.0000000000000000E+000
        80640  6.1503620025852017E-004  0.0000000000000000E+000
   0.0000000000000000E+000
        80832  5.7126329791908244E-004  0.0000000000000000E+000
   0.0000000000000000E+000
        81024  4.5488054750513493E-004  0.0000000000000000E+000
   0.0000000000000000E+000
        81216  3.5664440475947754E-004  0.0000000000000000E+000
   0.0000000000000000E+000
        81408  2.8184243873640634E-004  0.0000000000000000E+000
   0.0000000000000000E+000
        81600  2.3282934337552966E-004  0.0000000000000000E+000
   0.0000000000000000E+000
        81792  2.0708851498169313E-004  0.0000000000000000E+000
   0.0000000000000000E+000
        81984  1.9581925371483510E-004  0.0000000000000000E+000
   0.0000000000000000E+000
        82176  1.9482224170026902E-004  0.0000000000000000E+000
   0.0000000000000000E+000
        82368  2.0179290289054814E-004  0.0000000000000000E+000
   0.0000000000000000E+000
        82560  2.1598062422212852E-004  0.0000000000000000E+000
   0.0000000000000000E+000
        82752  2.3859949936780382E-004  0.0000000000000000E+000
   0.0000000000000000E+000
        82944  2.7075424513558637E-004  0.0000000000000000E+000
   0.0000000000000000E+000
        83136  3.1533387149474301E-004  0.0000000000000000E+000
   0.0000000000000000E+000
        83328  3.7859685364898942E-004  0.0000000000000000E+000
   0.0000000000000000E+000
        83520  4.7244908234379666E-004  0.0000000000000000E+000
   0.0000000000000000E+000
        83712  5.7367917597004150E-004  0.0000000000000000E+000
   0.0000000000000000E+000
        83904  6.0421586697785991E-004  0.0000000000000000E+000
   0.0000000000000000E+000
        84096  4.9906648789766329E-004  0.0000000000000000E+000
   0.0000000000000000E+000
        84288  3.6115229055463325E-004  0.0000000000000000E+000
   0.0000000000000000E+000
        84480  2.7960320468064647E-004  0.0000000000000000E+000
   0.0000000000000000E+000
        84672  2.3383352685441374E-004  0.0000000000000000E+000
   0.0000000000000000E+000
        84864  2.0801871531485577E-004  0.0000000000000000E+000
   0.0000000000000000E+000
        85056  1.9429293829460270E-004  0.0000000000000000E+000
   0.0000000000000000E+000
        85248  1.8838819690113279E-004  0.0000000000000000E+000
   0.0000000000000000E+000
        85440  1.8847859698841642E-004  0.0000000000000000E+000
   0.0000000000000000E+000
        85632  1.9407665009252232E-004  0.0000000000000000E+000
   0.0000000000000000E+000
        85824  2.0575429531417372E-004  0.0000000000000000E+000
   0.0000000000000000E+000
        86016  2.2474367985770029E-004  0.0000000000000000E+000
   0.0000000000000000E+000
        86208  2.5317186892028848E-004  0.0000000000000000E+000
   0.0000000000000000E+000
        86400  2.9491546949744025E-004  0.0000000000000000E+000
   0.0000000000000000E+000
        86592  3.5550318075852465E-004  0.0000000000000000E+000
   0.0000000000000000E+000
        86784  4.4509369118352846E-004  0.0000000000000000E+000
   0.0000000000000000E+000
        86976  5.5254061446259931E-004  0.0000000000000000E+000
   0.0000000000000000E+000
        87168  6.0618890900065536E-004  0.0000000000000000E+000
   0.0000000000000000E+000
        87360  5.3548452971463936E-004  0.0000000000000000E+000
   0.0000000000000000E+000
        87552  3.9344319451511988E-004  0.0000000000000000E+000
   0.0000000000000000E+000
        87744  2.9721763722320011E-004  0.0000000000000000E+000
   0.0000000000000000E+000
        87936  2.4970183110699970E-004  0.0000000000000000E+000
   0.0000000000000000E+000
        88128  2.2337710588725529E-004  0.0000000000000000E+000
   0.0000000000000000E+000
        88320  2.0892766277683680E-004  0.0000000000000000E+000
   0.0000000000000000E+000
        88512  2.0335077157162117E-004  0.0000000000000000E+000
   0.0000000000000000E+000
        88704  2.0555692562149394E-004  0.0000000000000000E+000
   0.0000000000000000E+000
        88896  2.1542804514775631E-004  0.0000000000000000E+000
   0.0000000000000000E+000
        89088  2.3368028233069712E-004  0.0000000000000000E+000
   0.0000000000000000E+000
        89280  2.6188865959660406E-004  0.0000000000000000E+000
   0.0000000000000000E+000
        89472  3.0396736623559522E-004  0.0000000000000000E+000
   0.0000000000000000E+000
        89664  3.6759497427152804E-004  0.0000000000000000E+000
   0.0000000000000000E+000
        89856  4.6814669992262925E-004  0.0000000000000000E+000
   0.0000000000000000E+000
        90048  6.0283302348155274E-004  0.0000000000000000E+000
   0.0000000000000000E+000
        90240  6.9928868799008477E-004  0.0000000000000000E+000
   0.0000000000000000E+000
        90432  6.3903162423716909E-004  0.0000000000000000E+000
   0.0000000000000000E+000
        90624  4.6660303401222924E-004  0.0000000000000000E+000
   0.0000000000000000E+000
        90816  3.2805321423029537E-004  0.0000000000000000E+000
   0.0000000000000000E+000
        91008  2.4667984962404866E-004  0.0000000000000000E+000
   0.0000000000000000E+000
        91200  2.0265409117118416E-004  0.0000000000000000E+000
   0.0000000000000000E+000
        91392  1.8284322143226315E-004  0.0000000000000000E+000
   0.0000000000000000E+000
        91584  1.7718888473168250E-004  0.0000000000000000E+000
   0.0000000000000000E+000
        91776  1.8028448209239843E-004  0.0000000000000000E+000
   0.0000000000000000E+000
        91968  1.9019054920560305E-004  0.0000000000000000E+000
   0.0000000000000000E+000
        92160  2.0702891931824062E-004  0.0000000000000000E+000
   0.0000000000000000E+000
        92352  2.3145455186908165E-004  0.0000000000000000E+000
   0.0000000000000000E+000
        92544  2.6483112673802344E-004  0.0000000000000000E+000
   0.0000000000000000E+000
        92736  3.0847860921659275E-004  0.0000000000000000E+000
   0.0000000000000000E+000
        92928  3.6455633320596416E-004  0.0000000000000000E+000
   0.0000000000000000E+000
        93120  4.3476491700908528E-004  0.0000000000000000E+000
   0.0000000000000000E+000
        93312  4.9350328268577546E-004  0.0000000000000000E+000
   0.0000000000000000E+000
        93504  4.9807985284183644E-004  0.0000000000000000E+000
   0.0000000000000000E+000
        93696  4.3404704781682560E-004  0.0000000000000000E+000
   0.0000000000000000E+000
        93888  3.3920477060287428E-004  0.0000000000000000E+000
   0.0000000000000000E+000
        94080  2.5577052293132200E-004  0.0000000000000000E+000
   0.0000000000000000E+000
        94272  2.0645312116073292E-004  0.0000000000000000E+000
   0.0000000000000000E+000
        94464  1.8148850468776569E-004  0.0000000000000000E+000
   0.0000000000000000E+000
        94656  1.7025329066851171E-004  0.0000000000000000E+000
   0.0000000000000000E+000
        94848  1.6789199317127312E-004  0.0000000000000000E+000
   0.0000000000000000E+000
        95040  1.7341203168438313E-004  0.0000000000000000E+000
   0.0000000000000000E+000
        95232  1.8733239555685570E-004  0.0000000000000000E+000
   0.0000000000000000E+000
        95424  2.1110693173930479E-004  0.0000000000000000E+000
   0.0000000000000000E+000
        95616  2.4678482766275479E-004  0.0000000000000000E+000
   0.0000000000000000E+000
        95808  2.9599671188598514E-004  0.0000000000000000E+000
   0.0000000000000000E+000
        96000  3.6231691914796760E-004  0.0000000000000000E+000
   0.0000000000000000E+000
        96192  4.5491678477776727E-004  0.0000000000000000E+000
   0.0000000000000000E+000
        96384  5.6934749334281907E-004  0.0000000000000000E+000
   0.0000000000000000E+000
        96576  6.4797890300596493E-004  0.0000000000000000E+000
   0.0000000000000000E+000
        96768  6.0629398761487556E-004  0.0000000000000000E+000
   0.0000000000000000E+000
        96960  4.6079756972031681E-004  0.0000000000000000E+000
   0.0000000000000000E+000
        97152  3.3802075898460094E-004  0.0000000000000000E+000
   0.0000000000000000E+000
        97344  2.7405810848831228E-004  0.0000000000000000E+000
   0.0000000000000000E+000
        97536  2.3716100332624624E-004  0.0000000000000000E+000
   0.0000000000000000E+000
        97728  2.1448154461564578E-004  0.0000000000000000E+000
   0.0000000000000000E+000
        97920  2.0284853076853521E-004  0.0000000000000000E+000
   0.0000000000000000E+000
        98112  2.0123487384643752E-004  0.0000000000000000E+000
   0.0000000000000000E+000
        98304  2.0864399729664016E-004  0.0000000000000000E+000
   0.0000000000000000E+000
        98496  2.2494390272380558E-004  0.0000000000000000E+000
   0.0000000000000000E+000
        98688  2.5052069119235428E-004  0.0000000000000000E+000
   0.0000000000000000E+000
        98880  2.8738435238217727E-004  0.0000000000000000E+000
   0.0000000000000000E+000
        99072  3.4037549365450954E-004  0.0000000000000000E+000
   0.0000000000000000E+000
        99264  4.1936531835308363E-004  0.0000000000000000E+000
   0.0000000000000000E+000
        99456  5.2283202446489819E-004  0.0000000000000000E+000
   0.0000000000000000E+000
        99648  6.1896592862679099E-004  0.0000000000000000E+000
   0.0000000000000000E+000
        99840  6.2960948241778665E-004  0.0000000000000000E+000
   0.0000000000000000E+000
       100032  5.3012504836451465E-004  0.0000000000000000E+000
   0.0000000000000000E+000
       100224  4.0673610609535764E-004  0.0000000000000000E+000
   0.0000000000000000E+000
       100416  3.1485405496761953E-004  0.0000000000000000E+000
   0.0000000000000000E+000
       100608  2.5758351014143238E-004  0.0000000000000000E+000
   0.0000000000000000E+000
       100800  2.2556380210256822E-004  0.0000000000000000E+000
   0.0000000000000000E+000
       100992  2.0947188406115021E-004  0.0000000000000000E+000
   0.0000000000000000E+000
       101184  2.0419975301467193E-004  0.0000000000000000E+000
   0.0000000000000000E+000
       101376  2.0664112333190451E-004  0.0000000000000000E+000
   0.0000000000000000E+000
       101568  2.1566928874072318E-004  0.0000000000000000E+000
   0.0000000000000000E+000
       101760  2.3104313087541852E-004  0.0000000000000000E+000
   0.0000000000000000E+000
       101952  2.5274455419006271E-004  0.0000000000000000E+000
   0.0000000000000000E+000
       102144  2.8015313538205436E-004  0.0000000000000000E+000
   0.0000000000000000E+000
       102336  3.1343349226948104E-004  0.0000000000000000E+000
   0.0000000000000000E+000
       102528  3.5337428748583358E-004  0.0000000000000000E+000
   0.0000000000000000E+000
       102720  3.9730531725866837E-004  0.0000000000000000E+000
   0.0000000000000000E+000
       102912  4.2482025445425786E-004  0.0000000000000000E+000
   0.0000000000000000E+000
       103104  4.2167768096078848E-004  0.0000000000000000E+000
   0.0000000000000000E+000
       103296  3.8157982727276949E-004  0.0000000000000000E+000
   0.0000000000000000E+000
       103488  3.1655678592294436E-004  0.0000000000000000E+000
   0.0000000000000000E+000
       103680  2.5339805250941002E-004  0.0000000000000000E+000
   0.0000000000000000E+000
       103872  2.1404433912211533E-004  0.0000000000000000E+000
   0.0000000000000000E+000
       104064  1.9603302941840231E-004  0.0000000000000000E+000
   0.0000000000000000E+000
       104256  1.9255683079010224E-004  0.0000000000000000E+000
   0.0000000000000000E+000
       104448  1.9909141116788187E-004  0.0000000000000000E+000
   0.0000000000000000E+000
       104640  2.1377245024568409E-004  0.0000000000000000E+000
   0.0000000000000000E+000
       104832  2.3632153441717238E-004  0.0000000000000000E+000
   0.0000000000000000E+000
       105024  2.6707275281212224E-004  0.0000000000000000E+000
   0.0000000000000000E+000
       105216  3.0771193246602254E-004  0.0000000000000000E+000
   0.0000000000000000E+000
       105408  3.6231389788136112E-004  0.0000000000000000E+000
   0.0000000000000000E+000
       105600  4.3789958683539403E-004  0.0000000000000000E+000
   0.0000000000000000E+000
       105792  5.2703232278743315E-004  0.0000000000000000E+000
   0.0000000000000000E+000
       105984  5.9074610782449462E-004  0.0000000000000000E+000
   0.0000000000000000E+000
       106176  5.7097519044548451E-004  0.0000000000000000E+000
   0.0000000000000000E+000
       106368  4.6860526372400610E-004  0.0000000000000000E+000
   0.0000000000000000E+000
       106560  3.6806747942117867E-004  0.0000000000000000E+000
   0.0000000000000000E+000
       106752  3.0456041671477700E-004  0.0000000000000000E+000
   0.0000000000000000E+000
       106944  2.6089655538338136E-004  0.0000000000000000E+000
   0.0000000000000000E+000
       107136  2.3211571355197540E-004  0.0000000000000000E+000
   0.0000000000000000E+000
       107328  2.1713504213920979E-004  0.0000000000000000E+000
   0.0000000000000000E+000
       107520  2.1284658908869223E-004  0.0000000000000000E+000
   0.0000000000000000E+000
       107712  2.1725975634568400E-004  0.0000000000000000E+000
   0.0000000000000000E+000
       107904  2.2981183822002894E-004  0.0000000000000000E+000
   0.0000000000000000E+000
       108096  2.5068322658101266E-004  0.0000000000000000E+000
   0.0000000000000000E+000
       108288  2.8074481604411030E-004  0.0000000000000000E+000
   0.0000000000000000E+000
       108480  3.2374464362124879E-004  0.0000000000000000E+000
   0.0000000000000000E+000
       108672  3.8671605785224226E-004  0.0000000000000000E+000
   0.0000000000000000E+000
       108864  4.7217870582247628E-004  0.0000000000000000E+000
   0.0000000000000000E+000
       109056  5.5866988739885321E-004  0.0000000000000000E+000
   0.0000000000000000E+000
       109248  5.8185170202123800E-004  0.0000000000000000E+000
   0.0000000000000000E+000
       109440  5.0092681919889390E-004  0.0000000000000000E+000
   0.0000000000000000E+000
       109632  3.8954982823687990E-004  0.0000000000000000E+000
   0.0000000000000000E+000
       109824  3.1687593546493088E-004  0.0000000000000000E+000
   0.0000000000000000E+000
       110016  2.7091472189959585E-004  0.0000000000000000E+000
   0.0000000000000000E+000
       110208  2.3967809257917529E-004  0.0000000000000000E+000
   0.0000000000000000E+000
       110400  2.2052644563165652E-004  0.0000000000000000E+000
   0.0000000000000000E+000
       110592  2.1175672250950896E-004  0.0000000000000000E+000
   0.0000000000000000E+000
       110784  2.1086085604197136E-004  0.0000000000000000E+000
   0.0000000000000000E+000
       110976  2.1596359571041346E-004  0.0000000000000000E+000
   0.0000000000000000E+000
       111168  2.2652709000794331E-004  0.0000000000000000E+000
   0.0000000000000000E+000
       111360  2.4299724202006748E-004  0.0000000000000000E+000
   0.0000000000000000E+000
       111552  2.6653545909854177E-004  0.0000000000000000E+000
   0.0000000000000000E+000
       111744  2.9945364164571159E-004  0.0000000000000000E+000
   0.0000000000000000E+000
       111936  3.4537974433108271E-004  0.0000000000000000E+000
   0.0000000000000000E+000
       112128  4.0905256435954225E-004  0.0000000000000000E+000
   0.0000000000000000E+000
       112320  4.7613312398220911E-004  0.0000000000000000E+000
   0.0000000000000000E+000
       112512  5.0165687890540512E-004  0.0000000000000000E+000
   0.0000000000000000E+000
       112704  4.5077097689471911E-004  0.0000000000000000E+000
   0.0000000000000000E+000
       112896  3.5349033497492782E-004  0.0000000000000000E+000
   0.0000000000000000E+000
       113088  2.7860600792638056E-004  0.0000000000000000E+000
   0.0000000000000000E+000
       113280  2.4036478319031983E-004  0.0000000000000000E+000
   0.0000000000000000E+000
       113472  2.2244222691910213E-004  0.0000000000000000E+000
   0.0000000000000000E+000
       113664  2.1627480854183049E-004  0.0000000000000000E+000
   0.0000000000000000E+000
       113856  2.1828654332287518E-004  0.0000000000000000E+000
   0.0000000000000000E+000
       114048  2.2702165031425963E-004  0.0000000000000000E+000
   0.0000000000000000E+000
       114240  2.4212791896676279E-004  0.0000000000000000E+000
   0.0000000000000000E+000
       114432  2.6457152919870440E-004  0.0000000000000000E+000
   0.0000000000000000E+000
       114624  2.9723290213921655E-004  0.0000000000000000E+000
   0.0000000000000000E+000
       114816  3.4561266829649250E-004  0.0000000000000000E+000
   0.0000000000000000E+000
       115008  4.2042782946205494E-004  0.0000000000000000E+000
   0.0000000000000000E+000
       115200  5.2351184983903285E-004  0.0000000000000000E+000
   0.0000000000000000E+000
       115392  6.2187428660199356E-004  0.0000000000000000E+000
   0.0000000000000000E+000
       115584  6.3623223501972897E-004  0.0000000000000000E+000
   0.0000000000000000E+000
       115776  5.2668466446288936E-004  0.0000000000000000E+000
   0.0000000000000000E+000
       115968  3.9773513382080949E-004  0.0000000000000000E+000
   0.0000000000000000E+000
       116160  2.9849672575493443E-004  0.0000000000000000E+000
   0.0000000000000000E+000
       116352  2.3557712710891822E-004  0.0000000000000000E+000
   0.0000000000000000E+000
       116544  2.0279366632333054E-004  0.0000000000000000E+000
   0.0000000000000000E+000
       116736  1.8739571334788193E-004  0.0000000000000000E+000
   0.0000000000000000E+000
       116928  1.8343708379391506E-004  0.0000000000000000E+000
   0.0000000000000000E+000
       117120  1.8798765916075067E-004  0.0000000000000000E+000
   0.0000000000000000E+000
       117312  2.0052731714438780E-004  0.0000000000000000E+000
   0.0000000000000000E+000
       117504  2.2049743790157579E-004  0.0000000000000000E+000
   0.0000000000000000E+000
       117696  2.4885048865673888E-004  0.0000000000000000E+000
   0.0000000000000000E+000
       117888  2.8807014373177992E-004  0.0000000000000000E+000
   0.0000000000000000E+000
       118080  3.4273189089397018E-004  0.0000000000000000E+000
   0.0000000000000000E+000
       118272  4.2069026107150045E-004  0.0000000000000000E+000
   0.0000000000000000E+000
       118464  5.2535385694460186E-004  0.0000000000000000E+000
   0.0000000000000000E+000
       118656  6.0047340396539675E-004  0.0000000000000000E+000
   0.0000000000000000E+000
       118848  5.6017561589248219E-004  0.0000000000000000E+000
   0.0000000000000000E+000
       119040  4.1595412443557768E-004  0.0000000000000000E+000
   0.0000000000000000E+000
       119232  2.9498560132478814E-004  0.0000000000000000E+000
   0.0000000000000000E+000
       119424  2.3236354181694694E-004  0.0000000000000000E+000
   0.0000000000000000E+000
       119616  2.0129553106894719E-004  0.0000000000000000E+000
   0.0000000000000000E+000
       119808  1.8546759789748448E-004  0.0000000000000000E+000
   0.0000000000000000E+000
       120000  1.7825625646898178E-004  0.0000000000000000E+000
   0.0000000000000000E+000
       120192  1.7737056555190467E-004  0.0000000000000000E+000
   0.0000000000000000E+000
       120384  1.8235364430582574E-004  0.0000000000000000E+000
   0.0000000000000000E+000
       120576  1.9355017816751323E-004  0.0000000000000000E+000
   0.0000000000000000E+000
       120768  2.1214968752333678E-004  0.0000000000000000E+000
   0.0000000000000000E+000
       120960  2.4094137665246412E-004  0.0000000000000000E+000
   0.0000000000000000E+000
       121152  2.8358381725303755E-004  0.0000000000000000E+000
   0.0000000000000000E+000
       121344  3.4512946655025471E-004  0.0000000000000000E+000
   0.0000000000000000E+000
       121536  4.3527924099227096E-004  0.0000000000000000E+000
   0.0000000000000000E+000
       121728  5.5736292580585065E-004  0.0000000000000000E+000
   0.0000000000000000E+000
       121920  6.5278955940381437E-004  0.0000000000000000E+000
   0.0000000000000000E+000
       122112  6.2111690788948224E-004  0.0000000000000000E+000
   0.0000000000000000E+000
       122304  4.6449782330780043E-004  0.0000000000000000E+000
   0.0000000000000000E+000
       122496  3.3279207566322481E-004  0.0000000000000000E+000
   0.0000000000000000E+000
       122688  2.6794465021973119E-004  0.0000000000000000E+000
   0.0000000000000000E+000
       122880  2.3181025297784873E-004  0.0000000000000000E+000
   0.0000000000000000E+000
       123072  2.0959124467902229E-004  0.0000000000000000E+000
   0.0000000000000000E+000
       123264  1.9809067898328547E-004  0.0000000000000000E+000
   0.0000000000000000E+000
       123456  1.9589552760911465E-004  0.0000000000000000E+000
   0.0000000000000000E+000
       123648  2.0205852886705396E-004  0.0000000000000000E+000
   0.0000000000000000E+000
       123840  2.1621626317006661E-004  0.0000000000000000E+000
   0.0000000000000000E+000
       124032  2.3953425310544715E-004  0.0000000000000000E+000
   0.0000000000000000E+000
       124224  2.7470540447623569E-004  0.0000000000000000E+000
   0.0000000000000000E+000
       124416  3.2698388991760568E-004  0.0000000000000000E+000
   0.0000000000000000E+000
       124608  4.0607594534769698E-004  0.0000000000000000E+000
   0.0000000000000000E+000
       124800  5.2584439707457106E-004  0.0000000000000000E+000
   0.0000000000000000E+000
       124992  6.6279380698478938E-004  0.0000000000000000E+000
   0.0000000000000000E+000
       125184  7.0619995699610283E-004  0.0000000000000000E+000
   0.0000000000000000E+000
       125376  5.8329577090672870E-004  0.0000000000000000E+000
   0.0000000000000000E+000
       125568  4.2531363935042826E-004  0.0000000000000000E+000
   0.0000000000000000E+000
       125760  3.0679613470570901E-004  0.0000000000000000E+000
   0.0000000000000000E+000
       125952  2.3387777751069730E-004  0.0000000000000000E+000
   0.0000000000000000E+000
       126144  1.9822834033986336E-004  0.0000000000000000E+000
   0.0000000000000000E+000
       126336  1.8355181306726191E-004  0.0000000000000000E+000
   0.0000000000000000E+000
       126528  1.8090638922949734E-004  0.0000000000000000E+000
   0.0000000000000000E+000
       126720  1.8653442494713518E-004  0.0000000000000000E+000
   0.0000000000000000E+000
       126912  1.9900157832386335E-004  0.0000000000000000E+000
   0.0000000000000000E+000
       127104  2.1830931586738710E-004  0.0000000000000000E+000
   0.0000000000000000E+000
       127296  2.4481175641665013E-004  0.0000000000000000E+000
   0.0000000000000000E+000
       127488  2.7944863879302093E-004  0.0000000000000000E+000
   0.0000000000000000E+000
       127680  3.2295793982098104E-004  0.0000000000000000E+000
   0.0000000000000000E+000
       127872  3.7529991911778476E-004  0.0000000000000000E+000
   0.0000000000000000E+000
       128064  4.3056344381432689E-004  0.0000000000000000E+000
   0.0000000000000000E+000
       128256  4.5658991432406657E-004  0.0000000000000000E+000
   0.0000000000000000E+000
       128448  4.3532521202221166E-004  0.0000000000000000E+000
   0.0000000000000000E+000
       128640  3.7824656020732459E-004  0.0000000000000000E+000
   0.0000000000000000E+000
       128832  3.0623562968559189E-004  0.0000000000000000E+000
   0.0000000000000000E+000
       129024  2.4164317317599629E-004  0.0000000000000000E+000
   0.0000000000000000E+000
       129216  2.0127191664496221E-004  0.0000000000000000E+000
   0.0000000000000000E+000
       129408  1.8066819731061800E-004  0.0000000000000000E+000
   0.0000000000000000E+000
       129600  1.7344524957000305E-004  0.0000000000000000E+000
   0.0000000000000000E+000
       129792  1.7624720866170213E-004  0.0000000000000000E+000
   0.0000000000000000E+000
       129984  1.8835119980545740E-004  0.0000000000000000E+000
   0.0000000000000000E+000
       130176  2.1027776834213027E-004  0.0000000000000000E+000
   0.0000000000000000E+000
       130368  2.4234051628454164E-004  0.0000000000000000E+000
   0.0000000000000000E+000
       130560  2.8577166280793374E-004  0.0000000000000000E+000
   0.0000000000000000E+000
       130752  3.4345003103835551E-004  0.0000000000000000E+000
   0.0000000000000000E+000
       130944  4.2182139076356009E-004  0.0000000000000000E+000
   0.0000000000000000E+000
       131136  5.2202319993538155E-004  0.0000000000000000E+000
   0.0000000000000000E+000
       131328  6.0746431353191348E-004  0.0000000000000000E+000
   0.0000000000000000E+000
       131520  6.0633839481541029E-004  0.0000000000000000E+000
   0.0000000000000000E+000
       131712  4.9885991365010635E-004  0.0000000000000000E+000
   0.0000000000000000E+000
       131904  3.7413023829620034E-004  0.0000000000000000E+000
   0.0000000000000000E+000
       132096  2.9953726922890837E-004  0.0000000000000000E+000
   0.0000000000000000E+000
       132288  2.5755918622432050E-004  0.0000000000000000E+000
   0.0000000000000000E+000
       132480  2.3151113292592813E-004  0.0000000000000000E+000
   0.0000000000000000E+000
       132672  2.1697891895171086E-004  0.0000000000000000E+000
   0.0000000000000000E+000
       132864  2.1285100726554004E-004  0.0000000000000000E+000
   0.0000000000000000E+000
       133056  2.1827581870947411E-004  0.0000000000000000E+000
   0.0000000000000000E+000
       133248  2.3218040019122612E-004  0.0000000000000000E+000
   0.0000000000000000E+000
       133440  2.5470958191589892E-004  0.0000000000000000E+000
   0.0000000000000000E+000
       133632  2.8761050503986111E-004  0.0000000000000000E+000
   0.0000000000000000E+000
       133824  3.3514073508003134E-004  0.0000000000000000E+000
   0.0000000000000000E+000
       134016  4.0278177997445439E-004  0.0000000000000000E+000
   0.0000000000000000E+000
       134208  4.8886997136712526E-004  0.0000000000000000E+000
   0.0000000000000000E+000
       134400  5.7381308149963251E-004  0.0000000000000000E+000
   0.0000000000000000E+000
       134592  5.9507647796062187E-004  0.0000000000000000E+000
   0.0000000000000000E+000
       134784  5.2038354367468017E-004  0.0000000000000000E+000
   0.0000000000000000E+000
       134976  4.1247299430831010E-004  0.0000000000000000E+000
   0.0000000000000000E+000
       135168  3.3003120812653982E-004  0.0000000000000000E+000
   0.0000000000000000E+000
       135360  2.7695682441547796E-004  0.0000000000000000E+000
   0.0000000000000000E+000
       135552  2.4382480334806249E-004  0.0000000000000000E+000
   0.0000000000000000E+000
       135744  2.2466717119574409E-004  0.0000000000000000E+000
   0.0000000000000000E+000
       135936  2.1605332459491864E-004  0.0000000000000000E+000
   0.0000000000000000E+000
       136128  2.1587591537963906E-004  0.0000000000000000E+000
   0.0000000000000000E+000
       136320  2.2289851354161382E-004  0.0000000000000000E+000
   0.0000000000000000E+000
       136512  2.3638731370508175E-004  0.0000000000000000E+000
   0.0000000000000000E+000
       136704  2.5544177639819782E-004  0.0000000000000000E+000
   0.0000000000000000E+000
       136896  2.8011720107035441E-004  0.0000000000000000E+000
   0.0000000000000000E+000
       137088  3.1129858346882545E-004  0.0000000000000000E+000
   0.0000000000000000E+000
       137280  3.5051234757247496E-004  0.0000000000000000E+000
   0.0000000000000000E+000
       137472  3.9668336270609557E-004  0.0000000000000000E+000
   0.0000000000000000E+000
       137664  4.3266113680545383E-004  0.0000000000000000E+000
   0.0000000000000000E+000
       137856  4.3707070635419162E-004  0.0000000000000000E+000
   0.0000000000000000E+000
       138048  3.9618818622408992E-004  0.0000000000000000E+000
   0.0000000000000000E+000
       138240  3.2513371733405079E-004  0.0000000000000000E+000
   0.0000000000000000E+000
       138432  2.6037745079373633E-004  0.0000000000000000E+000
   0.0000000000000000E+000
       138624  2.2314429309040881E-004  0.0000000000000000E+000
   0.0000000000000000E+000
       138816  2.0748200177792293E-004  0.0000000000000000E+000
   0.0000000000000000E+000
       139008  2.0519349633247596E-004  0.0000000000000000E+000
   0.0000000000000000E+000
       139200  2.1217111883195031E-004  0.0000000000000000E+000
   0.0000000000000000E+000
       139392  2.2689214990873299E-004  0.0000000000000000E+000
   0.0000000000000000E+000
       139584  2.4880886294329770E-004  0.0000000000000000E+000
   0.0000000000000000E+000
       139776  2.7850432769722266E-004  0.0000000000000000E+000
   0.0000000000000000E+000
       139968  3.1805836640590016E-004  0.0000000000000000E+000
   0.0000000000000000E+000
       140160  3.7227054070212100E-004  0.0000000000000000E+000
   0.0000000000000000E+000
       140352  4.4887370866199050E-004  0.0000000000000000E+000
   0.0000000000000000E+000
       140544  5.3716215677948544E-004  0.0000000000000000E+000
   0.0000000000000000E+000
       140736  5.9719571600954768E-004  0.0000000000000000E+000
   0.0000000000000000E+000
       140928  5.7026368451533623E-004  0.0000000000000000E+000
   0.0000000000000000E+000
       141120  4.6438638435604304E-004  0.0000000000000000E+000
   0.0000000000000000E+000
       141312  3.6740339306424378E-004  0.0000000000000000E+000
   0.0000000000000000E+000
       141504  3.0218650348587606E-004  0.0000000000000000E+000
   0.0000000000000000E+000
       141696  2.5483266041386626E-004  0.0000000000000000E+000
   0.0000000000000000E+000
       141888  2.2536419160773999E-004  0.0000000000000000E+000
   0.0000000000000000E+000
       142080  2.1102589036623215E-004  0.0000000000000000E+000
   0.0000000000000000E+000
       142272  2.0743958293259186E-004  0.0000000000000000E+000
   0.0000000000000000E+000
       142464  2.1272641953842185E-004  0.0000000000000000E+000
   0.0000000000000000E+000
       142656  2.2602868686905412E-004  0.0000000000000000E+000
   0.0000000000000000E+000
       142848  2.4712200273451347E-004  0.0000000000000000E+000
   0.0000000000000000E+000
       143040  2.7808116104870102E-004  0.0000000000000000E+000
   0.0000000000000000E+000
       143232  3.2272611607191614E-004  0.0000000000000000E+000
   0.0000000000000000E+000
       143424  3.8676386907234950E-004  0.0000000000000000E+000
   0.0000000000000000E+000
       143616  4.7625891798895701E-004  0.0000000000000000E+000
   0.0000000000000000E+000
       143808  5.6768527675029028E-004  0.0000000000000000E+000
   0.0000000000000000E+000
       144000  5.9034515586693594E-004  0.0000000000000000E+000
   0.0000000000000000E+000
       144192  4.9576164690138039E-004  0.0000000000000000E+000
   0.0000000000000000E+000
       144384  3.7577256288054108E-004  0.0000000000000000E+000
   0.0000000000000000E+000
       144576  3.0274795291567873E-004  0.0000000000000000E+000
   0.0000000000000000E+000
       144768  2.5764794823920071E-004  0.0000000000000000E+000
   0.0000000000000000E+000
       144960  2.2845175799028971E-004  0.0000000000000000E+000
   0.0000000000000000E+000
       145152  2.1189720253945364E-004  0.0000000000000000E+000
   0.0000000000000000E+000
       145344  2.0497774926929040E-004  0.0000000000000000E+000
   0.0000000000000000E+000
       145536  2.0494174675508901E-004  0.0000000000000000E+000
   0.0000000000000000E+000
       145728  2.1051988669169944E-004  0.0000000000000000E+000
   0.0000000000000000E+000
       145920  2.2169178649091402E-004  0.0000000000000000E+000
   0.0000000000000000E+000
       146112  2.3924545727099507E-004  0.0000000000000000E+000
   0.0000000000000000E+000
       146304  2.6500723074428370E-004  0.0000000000000000E+000
   0.0000000000000000E+000
       146496  3.0159987231167639E-004  0.0000000000000000E+000
   0.0000000000000000E+000
       146688  3.5346023700247298E-004  0.0000000000000000E+000
   0.0000000000000000E+000
       146880  4.2801885931274342E-004  0.0000000000000000E+000
   0.0000000000000000E+000
       147072  5.0856882496023168E-004  0.0000000000000000E+000
   0.0000000000000000E+000
       147264  5.3752356262946584E-004  0.0000000000000000E+000
   0.0000000000000000E+000
       147456  4.7212733786708915E-004  0.0000000000000000E+000
   0.0000000000000000E+000
       147648  3.5898106992834228E-004  0.0000000000000000E+000
   0.0000000000000000E+000
       147840  2.8144871062009798E-004  0.0000000000000000E+000
   0.0000000000000000E+000
       148032  2.4311138571912286E-004  0.0000000000000000E+000
   0.0000000000000000E+000
       148224  2.2412743742264695E-004  0.0000000000000000E+000
   0.0000000000000000E+000
       148416  2.1637686412389224E-004  0.0000000000000000E+000
   0.0000000000000000E+000
       148608  2.1668135574679691E-004  0.0000000000000000E+000
   0.0000000000000000E+000
       148800  2.2364538774820376E-004  0.0000000000000000E+000
   0.0000000000000000E+000
       148992  2.3715340794033991E-004  0.0000000000000000E+000
   0.0000000000000000E+000
       149184  2.5858588159178951E-004  0.0000000000000000E+000
   0.0000000000000000E+000
       149376  2.9081823445307819E-004  0.0000000000000000E+000
   0.0000000000000000E+000
       149568  3.3889877461894008E-004  0.0000000000000000E+000
   0.0000000000000000E+000
       149760  4.1305371465309970E-004  0.0000000000000000E+000
   0.0000000000000000E+000
       149952  5.2195981419393819E-004  0.0000000000000000E+000
   0.0000000000000000E+000
       150144  6.3494796354071831E-004  0.0000000000000000E+000
   0.0000000000000000E+000
       150336  6.6514891696055844E-004  0.0000000000000000E+000
   0.0000000000000000E+000
       150528  5.5075268681225773E-004  0.0000000000000000E+000
   0.0000000000000000E+000
       150720  4.0418070040258507E-004  0.0000000000000000E+000
   0.0000000000000000E+000
       150912  2.9449242097140101E-004  0.0000000000000000E+000
   0.0000000000000000E+000
       151104  2.2953602874052850E-004  0.0000000000000000E+000
   0.0000000000000000E+000
       151296  1.9598917073069467E-004  0.0000000000000000E+000
   0.0000000000000000E+000
       151488  1.8037413315118706E-004  0.0000000000000000E+000
   0.0000000000000000E+000
       151680  1.7684712670934652E-004  0.0000000000000000E+000
   0.0000000000000000E+000
       151872  1.8259014507502938E-004  0.0000000000000000E+000
   0.0000000000000000E+000
       152064  1.9562094557021094E-004  0.0000000000000000E+000
   0.0000000000000000E+000
       152256  2.1578579280620856E-004  0.0000000000000000E+000
   0.0000000000000000E+000
       152448  2.4438671077950169E-004  0.0000000000000000E+000
   0.0000000000000000E+000
       152640  2.8419449983407456E-004  0.0000000000000000E+000
   0.0000000000000000E+000
       152832  3.3853428902525797E-004  0.0000000000000000E+000
   0.0000000000000000E+000
       153024  4.1348984524038599E-004  0.0000000000000000E+000
   0.0000000000000000E+000
       153216  5.1001203164155635E-004  0.0000000000000000E+000
   0.0000000000000000E+000
       153408  5.8047763265658330E-004  0.0000000000000000E+000
   0.0000000000000000E+000
       153600  5.4653218090124165E-004  0.0000000000000000E+000
   0.0000000000000000E+000
       153792  4.1568518716120960E-004  0.0000000000000000E+000
   0.0000000000000000E+000
       153984  2.9237186250136339E-004  0.0000000000000000E+000
   0.0000000000000000E+000
       154176  2.2588276164998169E-004  0.0000000000000000E+000
   0.0000000000000000E+000
       154368  1.9444198122528796E-004  0.0000000000000000E+000
   0.0000000000000000E+000
       154560  1.7921952311801244E-004  0.0000000000000000E+000
   0.0000000000000000E+000
       154752  1.7291912398493590E-004  0.0000000000000000E+000
   0.0000000000000000E+000
       154944  1.7329537123420512E-004  0.0000000000000000E+000
   0.0000000000000000E+000
       155136  1.7982882350415919E-004  0.0000000000000000E+000
   0.0000000000000000E+000
       155328  1.9301834717038810E-004  0.0000000000000000E+000
   0.0000000000000000E+000
       155520  2.1490504053222186E-004  0.0000000000000000E+000
   0.0000000000000000E+000
       155712  2.4835002258599746E-004  0.0000000000000000E+000
   0.0000000000000000E+000
       155904  2.9715145857121524E-004  0.0000000000000000E+000
   0.0000000000000000E+000
       156096  3.6660929767536515E-004  0.0000000000000000E+000
   0.0000000000000000E+000
       156288  4.6683719065035206E-004  0.0000000000000000E+000
   0.0000000000000000E+000
       156480  5.9512690551458722E-004  0.0000000000000000E+000
   0.0000000000000000E+000
       156672  6.8086790120449020E-004  0.0000000000000000E+000
   0.0000000000000000E+000
       156864  6.2137831011296863E-004  0.0000000000000000E+000
   0.0000000000000000E+000
       157056  4.5136229565420123E-004  0.0000000000000000E+000
   0.0000000000000000E+000
       157248  3.2648224072851184E-004  0.0000000000000000E+000
   0.0000000000000000E+000
       157440  2.6487366707954150E-004  0.0000000000000000E+000
   0.0000000000000000E+000
       157632  2.2896320830484719E-004  0.0000000000000000E+000
   0.0000000000000000E+000
       157824  2.0677780635339863E-004  0.0000000000000000E+000
   0.0000000000000000E+000
       158016  1.9573195751927986E-004  0.0000000000000000E+000
   0.0000000000000000E+000
       158208  1.9441022628430597E-004  0.0000000000000000E+000
   0.0000000000000000E+000
       158400  2.0143939620628849E-004  0.0000000000000000E+000
   0.0000000000000000E+000
       158592  2.1675337020264824E-004  0.0000000000000000E+000
   0.0000000000000000E+000
       158784  2.4158085704556516E-004  0.0000000000000000E+000
   0.0000000000000000E+000
       158976  2.7887851493978399E-004  0.0000000000000000E+000
   0.0000000000000000E+000
       159168  3.3315127091932171E-004  0.0000000000000000E+000
   0.0000000000000000E+000
       159360  4.1457063941905645E-004  0.0000000000000000E+000
   0.0000000000000000E+000
       159552  5.3572839581082614E-004  0.0000000000000000E+000
   0.0000000000000000E+000
       159744  6.6873882065815991E-004  0.0000000000000000E+000
   0.0000000000000000E+000
       159936  6.9954741806453971E-004  0.0000000000000000E+000
   0.0000000000000000E+000
       160128  5.7826634622631338E-004  0.0000000000000000E+000
   0.0000000000000000E+000
       160320  4.2701084807715030E-004  0.0000000000000000E+000
   0.0000000000000000E+000
       160512  3.0947178713959544E-004  0.0000000000000000E+000
   0.0000000000000000E+000
       160704  2.3745919962092963E-004  0.0000000000000000E+000
   0.0000000000000000E+000
       160896  2.0231039274991929E-004  0.0000000000000000E+000
   0.0000000000000000E+000
       161088  1.8769644130987599E-004  0.0000000000000000E+000
   0.0000000000000000E+000
       161280  1.8523663558549295E-004  0.0000000000000000E+000
   0.0000000000000000E+000
       161472  1.9086143980443407E-004  0.0000000000000000E+000
   0.0000000000000000E+000
       161664  2.0325677554101917E-004  0.0000000000000000E+000
   0.0000000000000000E+000
       161856  2.2204982819517408E-004  0.0000000000000000E+000
   0.0000000000000000E+000
       162048  2.4775339911572389E-004  0.0000000000000000E+000
   0.0000000000000000E+000
       162240  2.8096780695639219E-004  0.0000000000000000E+000
   0.0000000000000000E+000
       162432  3.2154425012006924E-004  0.0000000000000000E+000
   0.0000000000000000E+000
       162624  3.6788543062796908E-004  0.0000000000000000E+000
   0.0000000000000000E+000
       162816  4.1498275476625139E-004  0.0000000000000000E+000
   0.0000000000000000E+000
       163008  4.3538097595427705E-004  0.0000000000000000E+000
   0.0000000000000000E+000
       163200  4.1561646583111739E-004  0.0000000000000000E+000
   0.0000000000000000E+000
       163392  3.6831161336545399E-004  0.0000000000000000E+000
   0.0000000000000000E+000
       163584  3.0594463386376339E-004  0.0000000000000000E+000
   0.0000000000000000E+000
       163776  2.4570386485339620E-004  0.0000000000000000E+000
   0.0000000000000000E+000
       163968  2.0576324285997774E-004  0.0000000000000000E+000
   0.0000000000000000E+000
       164160  1.8555350040701842E-004  0.0000000000000000E+000
   0.0000000000000000E+000
       164352  1.7956006206045031E-004  0.0000000000000000E+000
   0.0000000000000000E+000
       164544  1.8436072498020388E-004  0.0000000000000000E+000
   0.0000000000000000E+000
       164736  1.9892627336780432E-004  0.0000000000000000E+000
   0.0000000000000000E+000
       164928  2.2266578917722813E-004  0.0000000000000000E+000
   0.0000000000000000E+000
       165120  2.5599076003813442E-004  0.0000000000000000E+000
   0.0000000000000000E+000
       165312  3.0045160984345473E-004  0.0000000000000000E+000
   0.0000000000000000E+000
       165504  3.5898838932776087E-004  0.0000000000000000E+000
   0.0000000000000000E+000
       165696  4.3844141787256280E-004  0.0000000000000000E+000
   0.0000000000000000E+000
       165888  5.3322635836451334E-004  0.0000000000000000E+000
   0.0000000000000000E+000
       166080  6.0074385533756807E-004  0.0000000000000000E+000
   0.0000000000000000E+000
       166272  5.7919991847389793E-004  0.0000000000000000E+000
   0.0000000000000000E+000
       166464  4.7034025375331944E-004  0.0000000000000000E+000
   0.0000000000000000E+000
       166656  3.6119773982038199E-004  0.0000000000000000E+000
   0.0000000000000000E+000
       166848  2.9701072852493374E-004  0.0000000000000000E+000
   0.0000000000000000E+000
       167040  2.5898946895922984E-004  0.0000000000000000E+000
   0.0000000000000000E+000
       167232  2.3505920442065727E-004  0.0000000000000000E+000
   0.0000000000000000E+000
       167424  2.2249255446715619E-004  0.0000000000000000E+000
   0.0000000000000000E+000
       167616  2.2014294522901490E-004  0.0000000000000000E+000
   0.0000000000000000E+000
       167808  2.2669110793685143E-004  0.0000000000000000E+000
   0.0000000000000000E+000
       168000  2.4144184594090330E-004  0.0000000000000000E+000
   0.0000000000000000E+000
       168192  2.6490151648123669E-004  0.0000000000000000E+000
   0.0000000000000000E+000
       168384  2.9943814742203846E-004  0.0000000000000000E+000
   0.0000000000000000E+000
       168576  3.4806780822397909E-004  0.0000000000000000E+000
   0.0000000000000000E+000
       168768  4.1637718846145174E-004  0.0000000000000000E+000
   0.0000000000000000E+000
       168960  5.0074784003562207E-004  0.0000000000000000E+000
   0.0000000000000000E+000
       169152  5.7191116715129848E-004  0.0000000000000000E+000
   0.0000000000000000E+000
       169344  5.6915508203597763E-004  0.0000000000000000E+000
   0.0000000000000000E+000
       169536  4.8356434654759527E-004  0.0000000000000000E+000
   0.0000000000000000E+000
       169728  3.8484907091666212E-004  0.0000000000000000E+000
   0.0000000000000000E+000
       169920  3.1647885558751054E-004  0.0000000000000000E+000
   0.0000000000000000E+000
       170112  2.7206177175925181E-004  0.0000000000000000E+000
   0.0000000000000000E+000
       170304  2.4317038419620181E-004  0.0000000000000000E+000
   0.0000000000000000E+000
       170496  2.2618348349574263E-004  0.0000000000000000E+000
   0.0000000000000000E+000
       170688  2.1913697194696059E-004  0.0000000000000000E+000
   0.0000000000000000E+000
       170880  2.2039094799013823E-004  0.0000000000000000E+000
   0.0000000000000000E+000
       171072  2.2866312988500679E-004  0.0000000000000000E+000
   0.0000000000000000E+000
       171264  2.4269129237536828E-004  0.0000000000000000E+000
   0.0000000000000000E+000
       171456  2.6222151185934265E-004  0.0000000000000000E+000
   0.0000000000000000E+000
       171648  2.8794242305066168E-004  0.0000000000000000E+000
   0.0000000000000000E+000
       171840  3.2125498990343465E-004  0.0000000000000000E+000
   0.0000000000000000E+000
       172032  3.6446030700191585E-004  0.0000000000000000E+000
   0.0000000000000000E+000
       172224  4.1402814189152884E-004  0.0000000000000000E+000
   0.0000000000000000E+000
       172416  4.4950479425924733E-004  0.0000000000000000E+000
   0.0000000000000000E+000
       172608  4.4220439780304942E-004  0.0000000000000000E+000
   0.0000000000000000E+000
       172800  3.8538845687423345E-004  0.0000000000000000E+000
   0.0000000000000000E+000
