          192 -2.6079272840534020E-004
          384 -2.4591460376533679E-004
          576 -2.3175352684801022E-004
          768 -2.1964830361799522E-004
          960 -2.0935205818617793E-004
         1152 -2.0034442328050847E-004
         1344 -1.9058843562217950E-004
         1536 -1.8076787020736922E-004
         1728 -1.7153136796237760E-004
         1920 -1.6302417458748881E-004
         2112 -1.5483490469922191E-004
         2304 -1.4779903231531945E-004
         2496 -1.4192060169736711E-004
         2688 -1.3658711131329804E-004
         2880 -1.3122038316575778E-004
         3072 -1.2661612948959737E-004
         3264 -1.2265589030966811E-004
         3456 -1.1874117964249697E-004
         3648 -1.1644010854798569E-004
         3840 -1.1678350747418597E-004
         4032 -1.1846763792843728E-004
         4224 -1.1714543318646045E-004
         4416 -1.0715536890574322E-004
         4608 -9.4665565410801907E-005
         4800 -8.3163863675257224E-005
         4992 -7.2953475518542380E-005
         5184 -6.6413585715083316E-005
         5376 -6.3689400111297250E-005
         5568 -6.2059098132898790E-005
         5760 -6.1083651030872981E-005
         5952 -6.0637763788745299E-005
         6144 -6.0399105329445085E-005
         6336 -6.0200362750953109E-005
         6528 -5.9974044714836440E-005
         6720 -5.9748261344190868E-005
         6912 -5.9543529919590809E-005
         7104 -5.9789720787266129E-005
         7296 -5.9914509917575384E-005
         7488 -5.9951075138793925E-005
         7680 -6.0039625892706619E-005
         7872 -6.0447188701523292E-005
         8064 -6.0844312813230358E-005
         8256 -6.1153039226633635E-005
         8448 -6.1219185729129177E-005
         8640 -6.0894376815202552E-005
         8832 -6.0497674106774335E-005
         9024 -6.0095213764945421E-005
         9216 -6.1127414634354750E-005
         9408 -6.3466634063493799E-005
         9600 -6.5788313125762150E-005
         9792 -6.7996406398328487E-005
         9984 -6.8704582336535138E-005
        10176 -6.8820579624594505E-005
        10368 -6.8938567493878586E-005
        10560 -6.8871267341407311E-005
        10752 -6.7915889355040475E-005
        10944 -6.6719881275008179E-005
        11136 -6.5351138862283114E-005
        11328 -6.3334142489853318E-005
        11520 -6.0175832275203134E-005
        11712 -5.6842470959131525E-005
        11904 -5.3523674616070684E-005
        12096 -4.9291495680965396E-005
        12288 -4.4472698620394747E-005
        12480 -4.0233489343915174E-005
        12672 -3.6528187021825767E-005
        12864 -3.2543166907259657E-005
        13056 -2.9864720384580541E-005
        13248 -2.6049369989234472E-005
        13440 -2.0723827950280226E-005
        13632 -1.6693957854658679E-005
        13824 -1.2886204572772981E-005
        14016 -8.8056247124412634E-006
        14208 -5.1199524087431539E-006
        14400 -2.9511016232616079E-006
        14592 -1.4397907959935963E-006
        14784 -6.1186853279774940E-007
        14976 -3.3826305956267646E-007
        15168 -4.8799704747485377E-007
        15360 -9.8410894857760541E-007
        15552 -1.7686891400285896E-006
        15744 -3.8245120987105971E-006
        15936 -6.3118913688151401E-006
        16128 -8.7340257365258981E-006
        16320 -1.1129824048062213E-005
        16512 -1.3766934800644351E-005
        16704 -1.6310067821783933E-005
        16896 -1.8684678436546572E-005
        17088 -2.0749563332682040E-005
        17280 -2.2336086182033800E-005
        17472 -2.3697081682310615E-005
        17664 -2.4825997903411210E-005
        17856 -2.7075852879126106E-005
        18048 -3.0355034367288607E-005
        18240 -3.3441277219923802E-005
        18432 -3.6312321777378743E-005
        18624 -3.7694841145665227E-005
        18816 -3.8499561200343221E-005
        19008 -3.9330160878573820E-005
        19200 -4.0031988658576424E-005
        19392 -3.9949852950993249E-005
        19584 -3.9738835189069852E-005
        19776 -3.9504814100574022E-005
        19968 -3.8801571995072411E-005
        20160 -3.7079955413088557E-005
        20352 -3.5083488539196940E-005
        20544 -3.2683188260230327E-005
        20736 -2.8661611207243186E-005
        20928 -2.3249944535760278E-005
        21120 -1.7902533047518820E-005
        21312 -1.2991029561151105E-005
        21504 -7.1468544210091783E-006
        21696 -1.6929222289770799E-006
        21888  2.6088927342008428E-006
        22080  6.0196536175155042E-006
        22272  7.7484786718610520E-006
        22464  9.0806019720524168E-006
        22656  1.0450908467260410E-005
        22848  1.1340910145494632E-005
        23040  1.1006449006256010E-005
        23232  1.0625137600878012E-005
        23424  1.0371918877607090E-005
        23616  1.0365713383447341E-005
        23808  1.0607883710595390E-005
        24000  1.0921565266866398E-005
        24192  1.1053804261880366E-005
        24384  9.6235372403404842E-006
        24576  7.4962420032609195E-006
        24768  5.3098432038623241E-006
        24960  3.0469227495921470E-006
        25152  4.4762155463829614E-007
        25344 -2.1447963348864334E-006
        25536 -4.6514926586547909E-006
        25728 -6.9357616103990186E-006
        25920 -8.8415594244350484E-006
        26112 -1.0637934635962306E-005
        26304 -1.2331251205483006E-005
        26496 -1.5230253759774080E-005
        26688 -1.9168696284528342E-005
        26880 -2.2821502046006968E-005
        27072 -2.6036624041293249E-005
        27264 -2.7472645142361524E-005
        27456 -2.8037703645187089E-005
        27648 -2.8426164700778622E-005
        27840 -2.8618673281502466E-005
        28032 -2.8088900386992143E-005
        28224 -2.7565922322192824E-005
        28416 -2.7204682306409169E-005
        28608 -2.6598925999800918E-005
        28800 -2.5244697633310554E-005
        28992 -2.3945697145118941E-005
        29184 -2.2685046856099340E-005
        29376 -2.0314780261092074E-005
        29568 -1.6859657412807158E-005
        29760 -1.3180370637400131E-005
        29952 -8.8685034054320777E-006
        30144 -1.5231898161034130E-006
        30336  8.8757773897404820E-006
        30528  1.9915024265300084E-005
        30720  2.5953585832086221E-005
        30912  2.7850366658516916E-005
        31104  2.8615419066374361E-005
        31296  2.9001898170575477E-005
        31488  2.8684069474772210E-005
        31680  2.6930106521284792E-005
        31872  2.5023775005235481E-005
        32064  2.3156800612514449E-005
        32256  2.1443984416166013E-005
        32448  1.9895349790933897E-005
        32640  1.8451924146401806E-005
        32832  1.7052792466836132E-005
        33024  1.4536564336073770E-005
        33216  1.1700027714700189E-005
        33408  9.0930217572822729E-006
        33600  6.6803588381778502E-006
        33792  4.1714860049565918E-006
        33984  1.8495982556847425E-006
        34176 -2.7998946906308515E-007
        34368 -2.1508494671355704E-006
        34560 -3.6623841194239116E-006
        34752 -5.1241683782376015E-006
        34944 -6.5717519729274208E-006
        35136 -9.3284897692622179E-006
        35328 -1.3252654752319097E-005
        35520 -1.7058354891348339E-005
        35712 -2.0631143526669671E-005
        35904 -2.2646901386379027E-005
        36096 -2.3939208114898798E-005
        36288 -2.5051067236440263E-005
        36480 -2.5779655009477018E-005
        36672 -2.5438326588593028E-005
        36864 -2.4678733485065352E-005
        37056 -2.3703135007280325E-005
        37248 -2.2253740600049662E-005
        37440 -2.0006561240522221E-005
        37632 -1.7910931698464788E-005
        37824 -1.6052074534101796E-005
        38016 -1.3351601286457504E-005
        38208 -9.8901262539409501E-006
        38400 -6.6353045232684063E-006
        38592 -3.4106347468771052E-006
        38784  1.5694686090547483E-006
        38976  7.7058396576316148E-006
        39168  1.4952035812342060E-005
        39360  2.1817868348315156E-005
        39552  2.7072928842049405E-005
        39744  3.2013452920230102E-005
        39936  3.6196595362922716E-005
        40128  3.8602490246957194E-005
        40320  3.8389326498719684E-005
        40512  3.7169468631558367E-005
        40704  3.5441233447516155E-005
        40896  3.3550897122967286E-005
        41088  3.1650290965525549E-005
        41280  2.9740068024888026E-005
        41472  2.7785844862853660E-005
        41664  2.4622034631579003E-005
        41856  2.1079727030284418E-005
        42048  1.7726059552041639E-005
        42240  1.4518204199575876E-005
        42432  1.1180077497174933E-005
        42624  8.0364990774116394E-006
        42816  5.1632099126689683E-006
        43008  2.6997278365879454E-006
        43200  8.0171982072557318E-007
        43392 -8.2568460072047683E-007
        43584 -2.2552125616535115E-006
        43776 -4.8703265600350659E-006
        43968 -8.5992225390013513E-006
        44160 -1.2217320983493760E-005
        44352 -1.5652115387585519E-005
        44544 -1.7617588750271609E-005
        44736 -1.8966345884674764E-005
        44928 -2.0268551890554757E-005
        45120 -2.1363280502503625E-005
        45312 -2.1600699129735627E-005
        45504 -2.1605200940981432E-005
        45696 -2.1456670159931376E-005
        45888 -2.0683534987728778E-005
        46080 -1.8719798735292416E-005
        46272 -1.6351661798601478E-005
        46464 -1.3697223283422601E-005
        46656 -9.9001631709921853E-006
        46848 -5.3259567270345494E-006
        47040 -1.1714107871754067E-006
        47232  2.6139870418096121E-006
        47424  7.8622114971414388E-006
        47616  1.3808414879717038E-005
        47808  1.9676228524042218E-005
        48000  2.3964622353308014E-005
        48192  2.6259860115032590E-005
        48384  2.8304309995408987E-005
        48576  3.0508933772541132E-005
        48768  3.2389844698101380E-005
        48960  3.3032196484357950E-005
        49152  3.3539588635577400E-005
        49344  3.3862183989159136E-005
        49536  3.3938519297556927E-005
        49728  3.3716108567929088E-005
        49920  3.3105774111488380E-005
        50112  3.2085296496988652E-005
        50304  2.9462810875304148E-005
        50496  2.6207924904467428E-005
        50688  2.3009451237966246E-005
        50880  1.9860248004132540E-005
        51072  1.6498297552673768E-005
        51264  1.3252030116003845E-005
        51456  1.0191543502913845E-005
        51648  7.4447773386018805E-006
        51840  5.1646643203499839E-006
        52032  3.0886608410252343E-006
        52224  1.2179341438625647E-006
        52416 -1.7249720482687996E-006
        52608 -5.5824921294472970E-006
        52800 -9.1042195020204633E-006
        52992 -1.2259727561845156E-005
        53184 -1.3853445176031764E-005
        53376 -1.4819511670634715E-005
        53568 -1.5792051777602104E-005
        53760 -1.6655793290459956E-005
        53952 -1.6794644553619163E-005
        54144 -1.6854978936765646E-005
        54336 -1.6950506722255961E-005
        54528 -1.6662052468619646E-005
        54720 -1.5479998943470009E-005
        54912 -1.4178792651775595E-005
        55104 -1.2697486289112299E-005
        55296 -9.7933615306970701E-006
        55488 -5.3259075954634243E-006
        55680 -1.5409797044471920E-007
        55872  5.5833992735591730E-006
        56064  1.3383325803536724E-005
        56256  2.1986197045973629E-005
        56448  2.9470346841353704E-005
        56640  3.3272976086165151E-005
        56832  3.4425587813502493E-005
        57024  3.5106800922597814E-005
        57216  3.5737117623644562E-005
        57408  3.5829283481894729E-005
        57600  3.4547385549031774E-005
        57792  3.3119232570040387E-005
        57984  3.1722754563413948E-005
        58176  3.0487227491301660E-005
        58368  2.9453896451922694E-005
        58560  2.8584919190847328E-005
        58752  2.7826933862415540E-005
        58944  2.5823999494794644E-005
        59136  2.3352900982768403E-005
        59328  2.0993827742184383E-005
        59520  1.8660580025857989E-005
        59712  1.6037212189024115E-005
        59904  1.3430188153143018E-005
        60096  1.0898954034009067E-005
        60288  8.5677783624614403E-006
        60480  6.5862005476358161E-006
        60672  4.6839288788690796E-006
        60864  2.8485541738985684E-006
        61056 -2.1497368233843007E-007
        61248 -4.3595330191982582E-006
        61440 -8.3026483107727838E-006
        61632 -1.1914421437095775E-005
        61824 -1.3858200768764505E-005
        62016 -1.4924022885611427E-005
        62208 -1.5652039231834749E-005
        62400 -1.5937398065006288E-005
        62592 -1.5276025042261607E-005
        62784 -1.4472915515941389E-005
        62976 -1.3787850229948771E-005
        63168 -1.2904141623598461E-005
        63360 -1.1369587630730401E-005
        63552 -9.9936822981472928E-006
        63744 -8.7703877034110294E-006
        63936 -6.5742556630272606E-006
        64128 -3.4385762103142961E-006
        64320 -2.8245078528635667E-007
        64512  3.1426424145255286E-006
        64704  9.0463636973285804E-006
        64896  1.7883478261716215E-005
        65088  2.9821900742337835E-005
        65280  3.9403988106023478E-005
        65472  4.4624658012288935E-005
        65664  4.7259106036530531E-005
        65856  4.8420458616182507E-005
        66048  4.8176050378636607E-005
        66240  4.6229445722209677E-005
        66432  4.3948715801474077E-005
        66624  4.1565084933341948E-005
        66816  3.9269693502284556E-005
        67008  3.7118370369386127E-005
        67200  3.5054724574711815E-005
        67392  3.3015246170095472E-005
        67584  2.9778352940219377E-005
        67776  2.6175979658183144E-005
        67968  2.2796284214994577E-005
        68160  1.9605130063236666E-005
        68352  1.6334123858763781E-005
        68544  1.3313982749858187E-005
        68736  1.0611110403020690E-005
        68928  8.3244102451010570E-006
        69120  6.5486361242787217E-006
        69312  4.9435361179455622E-006
        69504  3.4295265172127657E-006
        69696  6.5697412593893355E-007
        69888 -3.2666950217754070E-006
        70080 -7.0898275571267773E-006
        70272 -1.0713579367217410E-005
        70464 -1.2841864676900667E-005
        70656 -1.4308934761875203E-005
        70848 -1.5671120885471869E-005
        71040 -1.6755696947573602E-005
        71232 -1.6896253418753446E-005
        71424 -1.6687857824971899E-005
        71616 -1.6204603392767737E-005
        71808 -1.5040675126356567E-005
        72000 -1.2789937191688430E-005
        72192 -1.0427992503732985E-005
        72384 -8.1551912356778253E-006
        72576 -5.0167114310673605E-006
        72768 -1.1660985529640330E-006
        72960  2.3851703451831162E-006
        73152  5.7919098388574573E-006
        73344  1.1014082938771302E-005
        73536  1.7523967379946217E-005
        73728  2.4384098693445864E-005
        73920  2.9631439481825546E-005
        74112  3.3093990564881331E-005
        74304  3.6472710684974011E-005
        74496  4.0132950236709666E-005
        74688  4.3079779268315456E-005
        74880  4.4176943109570147E-005
        75072  4.4381093241144427E-005
        75264  4.3784266214824009E-005
        75456  4.2683795306844054E-005
        75648  4.1296956971409640E-005
        75840  3.9679075931636064E-005
        76032  3.7850157362601782E-005
        76224  3.4606108681067733E-005
        76416  3.0866344952002413E-005
        76608  2.7284274898064078E-005
        76800  2.3834980800546380E-005
        76992  2.0245402542823287E-005
        77184  1.6836698711061407E-005
        77376  1.3678204514294172E-005
        77568  1.0901889827417665E-005
        77760  8.6707260677770567E-006
        77952  6.7289891268930091E-006
        78144  5.0564517027283062E-006
        78336  2.3102216880584328E-006
        78528 -1.4482309046120826E-006
        78720 -5.0334415311620306E-006
        78912 -8.4076378482982080E-006
        79104 -1.0324762503352855E-005
        79296 -1.1647181191098858E-005
        79488 -1.2952098587771396E-005
        79680 -1.4089043114203026E-005
        79872 -1.4422314273839092E-005
        80064 -1.4582105998857287E-005
        80256 -1.4668416123058312E-005
        80448 -1.4240826170594482E-005
        80640 -1.2747294091235812E-005
        80832 -1.0892322809561037E-005
        81024 -8.5835908943077157E-006
        81216 -4.7457313966557612E-006
        81408  2.9138160348419458E-007
        81600  5.1292364165917371E-006
        81792  9.5942991877788115E-006
        81984  1.5663366651388330E-005
        82176  2.2719745950445518E-005
        82368  2.9096485533417359E-005
        82560  3.2888919618851712E-005
        82752  3.4605405041992484E-005
        82944  3.5921165236482968E-005
        83136  3.7296911419335223E-005
        83328  3.8153577928737112E-005
        83520  3.7788014624305481E-005
        83712  3.7396368004058378E-005
        83904  3.7102970574326419E-005
        84096  3.7013468790182793E-005
        84288  3.7046018803437706E-005
        84480  3.6921859862894131E-005
        84672  3.6428632775225580E-005
        84864  3.4158551594945569E-005
        85056  3.1116612980920205E-005
        85248  2.8071408332502860E-005
        85440  2.5030690860222612E-005
        85632  2.1737923421816211E-005
        85824  1.8528264202715867E-005
        86016  1.5475564814749638E-005
        86208  1.2708020061194018E-005
        86400  1.0375897669313124E-005
        86592  8.2111870868776517E-006
        86784  6.2038546028610347E-006
        86976  3.0706462949015203E-006
        87168 -1.0262362676635031E-006
        87360 -4.7849160580089990E-006
        87552 -8.0771899880477642E-006
        87744 -9.6499587473783293E-006
        87936 -1.0442427221019394E-005
        88128 -1.1146221122463369E-005
        88320 -1.1718158429926059E-005
        88512 -1.1601820032540117E-005
        88704 -1.1473234823031346E-005
        88896 -1.1462298980044399E-005
        89088 -1.1160396177035949E-005
        89280 -1.0067077700342210E-005
        89472 -8.9674461523679702E-006
        89664 -7.8405128184431577E-006
        89856 -5.5311707468589592E-006
        90048 -1.9923183564122679E-006
        90240  2.0296227831565259E-006
        90432  7.0400378241567277E-006
        90624  1.5814795597658109E-005
        90816  2.7883563562565433E-005
        91008  3.8214626610013460E-005
        91200  4.2587749634722275E-005
        91392  4.3843123189229576E-005
        91584  4.4283287322125560E-005
        91776  4.4538125913260747E-005
        91968  4.4122543850959305E-005
        92160  4.2380854963000100E-005
        92352  4.0498589225924668E-005
        92544  3.8608184308451287E-005
        92736  3.6851720669286830E-005
        92928  3.5263682827592365E-005
        93120  3.3780998033893869E-005
        93312  3.2343665046565275E-005
        93504  2.9662365229609365E-005
        93696  2.6594717205594396E-005
        93888  2.3780585119375995E-005
        94080  2.1172298994825253E-005
        94272  1.8440487466272656E-005
        94464  1.5848646342435324E-005
        94656  1.3408972532016793E-005
        94848  1.1205593062891284E-005
        95040  9.3597291385175430E-006
        95232  7.5811643091522317E-006
        95424  5.8443559383876348E-006
        95616  2.8485161344639146E-006
        95808 -1.2670474579561858E-006
        96000 -5.2309624280764710E-006
        96192 -8.9265717770327935E-006
        96384 -1.1043488623199648E-005
        96576 -1.2390089458278426E-005
        96768 -1.3487230976739871E-005
        96960 -1.4135412411426118E-005
        97152 -1.3701330403245921E-005
        97344 -1.2906871193262816E-005
        97536 -1.2021451518445756E-005
        97728 -1.0806944555012552E-005
        97920 -8.9016869421912034E-006
        98112 -7.1820758314650333E-006
        98304 -5.6820140300291822E-006
        98496 -3.2941601558726241E-006
        98688 -5.5234387545668013E-008
        98880  3.1027377099340798E-006
        99072  6.3953453655708923E-006
        99264  1.1986892213503647E-005
        99456  1.9919295130350328E-005
        99648  2.9151596130379617E-005
        99840  3.6957346317809207E-005
       100032  4.2844963884532362E-005
       100224  4.7481899236624658E-005
       100416  5.0625025290780169E-005
       100608  5.1746017398193992E-005
       100800  5.0642309613777291E-005
       100992  4.8857581420963333E-005
       101184  4.6726312419865639E-005
       101376  4.4535675034459116E-005
       101568  4.2402113452861761E-005
       101760  4.0292418698966963E-005
       101952  3.8156426870707163E-005
       102144  3.4731514796400993E-005
       102336  3.0892011493054326E-005
       102528  2.7264405209898389E-005
       102720  2.3815974229533585E-005
       102912  2.0273404398271459E-005
       103104  1.6964580486566274E-005
       103296  1.3967660703327703E-005
       103488  1.1413658478939085E-005
       103680  9.4351238359132089E-006
       103872  7.7096555701635964E-006
       104064  6.1489419268426567E-006
       104256  3.3832409447772590E-006
       104448 -5.0540101235877460E-007
       104640 -4.2871795831211422E-006
       104832 -7.8773944113152829E-006
       105024 -9.9938629217623616E-006
       105216 -1.1474050253473108E-005
       105408 -1.2879076060616604E-005
       105600 -1.4046071609529359E-005
       105792 -1.4324687312618636E-005
       105984 -1.4322247073327395E-005
       106176 -1.4105991542554675E-005
       106368 -1.3211602325677835E-005
       106560 -1.1125070549154686E-005
       106752 -8.7297553362806902E-006
       106944 -6.2295699362128880E-006
       107136 -2.7540867852120651E-006
       107328  1.4523730451104798E-006
       107520  5.3093925031126714E-006
       107712  8.9407814995130054E-006
       107904  1.4449173909035452E-005
       108096  2.1335741709118116E-005
       108288  2.7719869540199450E-005
       108480  3.2144340232700455E-005
       108672  3.4848794132604852E-005
       108864  3.7345012151122836E-005
       109056  4.0112210730689807E-005
       109248  4.2503120917974102E-005
       109440  4.3661859629769692E-005
       109632  4.4453455232719220E-005
       109824  4.4659474509056749E-005
       110016  4.4336196557773100E-005
       110208  4.3591364904288138E-005
       110400  4.2441326823562627E-005
       110592  4.0924119298277850E-005
       110784  3.7792572482523463E-005
       110976  3.4049681252985792E-005
       111168  3.0424592944351925E-005
       111360  2.6909637986665060E-005
       111552  2.3236936928270271E-005
       111744  1.9730626391481279E-005
       111936  1.6459177788973589E-005
       112128  1.3549773089181741E-005
       112320  1.1158513671608921E-005
       112512  9.0297220766454765E-006
       112704  7.1668843631613683E-006
       112896  4.2782109588982540E-006
       113088  4.6345415759843632E-007
       113280 -3.0913178183971966E-006
       113472 -6.3746067946347358E-006
       113664 -8.1782013578297463E-006
       113856 -9.3908435446670261E-006
       114048 -1.0607747097817572E-005
       114240 -1.1690419787186301E-005
       114432 -1.2011721619892651E-005
       114624 -1.2205441772477535E-005
       114816 -1.2379553773711601E-005
       115008 -1.2110395804136869E-005
       115200 -1.0875540295280362E-005
       115392 -9.4133227539135386E-006
       115584 -7.6095197664971978E-006
       115776 -4.1921848936386277E-006
       115968  8.4014726173134490E-007
       116160  6.2245200023331675E-006
       116352  1.1555478382701491E-005
       116544  1.8766835712785344E-005
       116736  2.7097065946104580E-005
       116928  3.3477428427717834E-005
       117120  3.6799400493617393E-005
       117312  3.8157514271581999E-005
       117504  3.9058322144042369E-005
       117696  3.9961367819551027E-005
       117888  4.0318862926117094E-005
       118080  3.9436311691368794E-005
       118272  3.8486014116138289E-005
       118464  3.7589502078074295E-005
       118656  3.6908008866212722E-005
       118848  3.6517165385820093E-005
       119040  3.6301471372343187E-005
       119232  3.6019959391094829E-005
       119424  3.4015445197915539E-005
       119616  3.1215209008123009E-005
       119808  2.8402255160489275E-005
       120000  2.5572135697260173E-005
       120192  2.2458746640550409E-005
       120384  1.9398588075452351E-005
       120576  1.6466863126551054E-005
       120768  1.3792886379925622E-005
       120960  1.1527257859967557E-005
       121152  9.3996818095232914E-006
       121344  7.3960798200638979E-006
       121536  4.2266225923060916E-006
       121728  4.0581439210269215E-008
       121920 -3.8726057222213545E-006
       122112 -7.3643441805766140E-006
       122304 -9.1018793308511989E-006
       122496 -9.9273137191837097E-006
       122688 -1.0495248681105007E-005
       122880 -1.0797608686370853E-005
       123072 -1.0351222086983360E-005
       123264 -9.9019351868219916E-006
       123456 -9.6259106622524213E-006
       123648 -9.1373050849300913E-006
       123840 -7.9428022424820379E-006
       124032 -6.8284388081882098E-006
       124224 -5.7804637861355986E-006
       124416 -3.6637672290037972E-006
       124608 -4.7900108417005807E-007
       124800  2.9158588984498966E-006
       124992  6.9175209547284236E-006
       125184  1.4526423317367914E-005
       125376  2.7128579970156321E-005
       125568  3.9876069805731558E-005
       125760  4.6622283448575777E-005
       125952  4.9205088011690642E-005
       126144  5.0086361387476172E-005
       126336  5.0332505783138162E-005
       126528  4.9717365085966143E-005
       126720  4.7709477496736006E-005
       126912  4.5528614389343988E-005
       127104  4.3312229995624828E-005
       127296  4.1210767937199095E-005
       127488  3.9264022699389435E-005
       127680  3.7403942574784365E-005
       127872  3.5566394200327672E-005
       128064  3.2449231436422680E-005
       128256  2.8925508653856002E-005
       128448  2.5640514552971468E-005
       128640  2.2574674348234071E-005
       128832  1.9453774222210219E-005
       129024  1.6584679259683947E-005
       129216  1.3990312635240797E-005
       129408  1.1735846150031396E-005
       129600  9.9117834007102478E-006
       129792  8.1958709703987019E-006
       129984  6.5359061443588538E-006
       130176  3.6111944335826738E-006
       130368 -4.5193140302105735E-007
       130560 -4.3905756648893335E-006
       130752 -8.0962330666539992E-006
       130944 -1.0269328013761865E-005
       131136 -1.1732697023698436E-005
       131328 -1.3028425011314921E-005
       131520 -1.3965604378206924E-005
       131712 -1.3866762293177285E-005
       131904 -1.3352344078290103E-005
       132096 -1.2589211416695448E-005
       132288 -1.1296124459802075E-005
       132480 -9.1467809742336998E-006
       132672 -7.0941475642854659E-006
       132864 -5.2464845395639584E-006
       133056 -2.5443986830008116E-006
       133248  9.5014776885175852E-007
       133440  4.2848584098425264E-006
       133632  7.6600543163586478E-006
       133824  1.3286476620420182E-005
       134016  2.0970168569637162E-005
       134208  2.8528190805585004E-005
       134400  3.4625024284435317E-005
       134592  3.9445496565242863E-005
       134784  4.3966292729760752E-005
       134976  4.7947593835786961E-005
       135168  5.0309927456864762E-005
       135360  5.0355221941456656E-005
       135552  4.9466147534881946E-005
       135744  4.7960413917007760E-005
       135936  4.6187424597592366E-005
       136128  4.4329473483960598E-005
       136320  4.2391708246756403E-005
       136512  4.0350296703766101E-005
       136704  3.6912035708524464E-005
       136896  3.2999675604971578E-005
       137088  2.9281667630124019E-005
       137280  2.5731203427648819E-005
       137472  2.2073738246066004E-005
       137664  1.8635217755652784E-005
       137856  1.5492246172393641E-005
       138048  1.2782900168946657E-005
       138240  1.0662779783715530E-005
       138432  8.8374157463425363E-006
       138624  7.2309998943768455E-006
       138816  4.4671919870722782E-006
       139008  6.1135353606570635E-007
       139200 -3.1232969986071343E-006
       139392 -6.6655028926056360E-006
       139584 -8.7442196168850326E-006
       139776 -1.0201367106074673E-005
       139968 -1.1601762559990443E-005
       140160 -1.2787438889544626E-005
       140352 -1.3115506173862531E-005
       140544 -1.3202806089474158E-005
       140736 -1.3128069614609027E-005
       140928 -1.2423246339994123E-005
       141120 -1.0525753984316932E-005
       141312 -8.2230325401976761E-006
       141504 -5.6480084665911781E-006
       141696 -1.9427308288023868E-006
       141888  2.5721066165137994E-006
       142080  6.7292217344914622E-006
       142272  1.0606981123017631E-005
       142464  1.6442204340838669E-005
       142656  2.3680834440793295E-005
       142848  2.9532231866749489E-005
       143040  3.3468432839063947E-005
       143232  3.5799557416304907E-005
       143424  3.7805880999741721E-005
       143616  3.9982472283141771E-005
       143808  4.1790845436803787E-005
       144000  4.2542135221438695E-005
       144192  4.3285626916246343E-005
       144384  4.3795248110686622E-005
       144576  4.3948133693647990E-005
       144768  4.3698808303313396E-005
       144960  4.2975373971017071E-005
       145152  4.1788379443184156E-005
       145344  3.8824250706527268E-005
       145536  3.5150700270332546E-005
       145728  3.1559305567192704E-005
       145920  2.8055624000101510E-005
       146112  2.4376154906521809E-005
       146304  2.0849673926714760E-005
       146496  1.7546052258988140E-005
       146688  1.4591273600029896E-005
       146880  1.2137914081282169E-005
       147072  9.9242647363228805E-006
       147264  7.9519963752323466E-006
       147456  4.9479959260991170E-006
       147648  1.0535286701312761E-006
       147840 -2.5104505695105615E-006
       148032 -5.7310443708384420E-006
       148224 -7.4257780940822254E-006
       148416 -8.5137593863681065E-006
       148608 -9.6149492788406907E-006
       148800 -1.0606833371619566E-005
       148992 -1.0871293347658506E-005
       149184 -1.1045452088056275E-005
       149376 -1.1240421707406312E-005
       149568 -1.1038261381784587E-005
       149760 -9.9286838501075757E-006
       149952 -8.6749230701196101E-006
       150144 -7.2042602469992742E-006
       150336 -4.2470835761889842E-006
       150528  3.7928646195356468E-007
       150720  5.7869281504319642E-006
       150912  1.1751570981648510E-005
       151104  2.0231809030994267E-005
       151296  2.9968289725771625E-005
       151488  3.6203866017602010E-005
       151680  3.9269700389045351E-005
       151872  4.0457264199485513E-005
       152064  4.1108181806977019E-005
       152256  4.1727168636866971E-005
       152448  4.1794821523523457E-005
       152640  4.0616628520468234E-005
       152832  3.9364828115825518E-005
       153024  3.8155400041489446E-005
       153216  3.7126959552507936E-005
       153408  3.6340345208030436E-005
       153600  3.5755891395206752E-005
       153792  3.5277784200001283E-005
       153984  3.3250329931621102E-005
       154176  3.0517674959776275E-005
       154368  2.7825043337627688E-005
       154560  2.5137057751195502E-005
       154752  2.2164314390036008E-005
       154944  1.9234878569903121E-005
       155136  1.6419151381027129E-005
       155328  1.3844154979461325E-005
       155520  1.1659754742708355E-005
       155712  9.5935742680420613E-006
       155904  7.6298160580092680E-006
       156096  4.4751939335324761E-006
       156288  2.7420738216992222E-007
       156480 -3.6924614937544427E-006
       156672 -7.2881886502195112E-006
       156864 -9.1751490000544273E-006
       157056 -1.0144242726891131E-005
       157248 -1.0773018119697266E-005
       157440 -1.1011883724198947E-005
       157632 -1.0394000308631793E-005
       157824 -9.7165970717617608E-006
       158016 -9.2087871460919653E-006
       158208 -8.5207012287282393E-006
       158400 -7.1754094483726279E-006
       158592 -5.9642870989877228E-006
       158784 -4.8756084999171147E-006
       158976 -2.7753199756222284E-006
       159168  3.2904469050090099E-007
       159360  3.5493435556149978E-006
       159552  7.2065478067968619E-006
       159744  1.4127290279889783E-005
       159936  2.5602566234536943E-005
       160128  3.7533369354561382E-005
       160320  4.5943610319639286E-005
       160512  5.0420658367641432E-005
       160704  5.2345976350687603E-005
       160896  5.3022586497256626E-005
       161088  5.2532548507896565E-005
       161280  5.0515932728285362E-005
       161472  4.8269779173485188E-005
       161664  4.5956780195812583E-005
       161856  4.3736813710290001E-005
       162048  4.1654148987497989E-005
       162240  3.9642100686781731E-005
       162432  3.7637493384375705E-005
       162624  3.4312123393063670E-005
       162816  3.0562042402240203E-005
       163008  2.7042587004124243E-005
       163200  2.3730518127821793E-005
       163392  2.0356799360200285E-005
       163584  1.7250591041755217E-005
       163776  1.4466194217778646E-005
       163968  1.2087292673343622E-005
       164160  1.0203619300509009E-005
       164352  8.4780479675783168E-006
       164544  6.8390193487877080E-006
       164736  3.9473750647036708E-006
       164928 -8.3478842322504604E-008
       165120 -3.9983595470413390E-006
       165312 -7.6950390399340426E-006
       165504 -9.8795622361372041E-006
       165696 -1.1380068416034734E-005
       165888 -1.2747421017921296E-005
       166080 -1.3803254232246513E-005
       166272 -1.3875806638875095E-005
       166464 -1.3561661891030635E-005
       166656 -1.2968186755932212E-005
       166848 -1.1748508715136549E-005
       167040 -9.5441864154330697E-006
       167232 -7.3302848249420031E-006
       167424 -5.2651982139047847E-006
       167616 -2.3339797858530412E-006
       167808  1.3713133660912073E-006
       168000  4.8744252377798643E-006
       168192  8.3646503366993197E-006
       168384  1.4132511322534385E-005
       168576  2.1797897357185109E-005
       168768  2.8414018371870969E-005
       168960  3.3769192662968873E-005
       169152  3.7865109782300916E-005
       169344  4.1842909548201008E-005
       169536  4.5788863672873280E-005
       169728  4.8582487174333288E-005
       169920  4.9273395737179884E-005
       170112  4.9030391616246135E-005
       170304  4.8062084853356385E-005
       170496  4.6690180646152966E-005
       170688  4.5114963507189454E-005
       170880  4.3367208163916239E-005
       171072  4.1446738277438975E-005
       171264  3.8032408243868951E-005
       171456  3.4091600439869126E-005
       171648  3.0329184563250673E-005
       171840  2.6724136956663045E-005
       172032  2.3002357579937632E-005
       172224  1.9490213212207724E-005
       172416  1.6262731619641685E-005
       172608  1.3457602081128667E-005
       172800  1.1239011795574041E-005
