          192 -7.8035679423494808E-005
          384 -7.5679896024799745E-005
          576 -6.9169598263179802E-005
          768 -5.6904156193967119E-005
          960 -3.5335158107077641E-005
         1152  1.9239392987156094E-006
         1344  4.8126885409849469E-005
         1536  6.7060971898225214E-005
         1728  6.4491072983785129E-005
         1920  5.9860870471358839E-005
         2112  5.8891590756151641E-005
         2304  5.8664873577172439E-005
         2496  5.8787657750375722E-005
         2688  5.8368485139310798E-005
         2880  5.6188429352187224E-005
         3072  5.4008990358083900E-005
         3264  5.2038931659002135E-005
         3456  4.9861958504010655E-005
         3648  4.7481966683274378E-005
         3840  4.5347928788170707E-005
         4032  4.3525939937861960E-005
         4224  4.2561445423759090E-005
         4416  4.2180955918670473E-005
         4608  4.2186231985263280E-005
         4800  4.1463509440014261E-005
         4992  4.0528008412960164E-005
         5184  4.0956401601405870E-005
         5376  4.2759547531889973E-005
         5568  4.6259846253610283E-005
         5760  5.2515634914180836E-005
         5952  6.4013879916834842E-005
         6144  7.9635351626468250E-005
         6336  9.1447818740264259E-005
         6528  8.8591664032822251E-005
         6720  7.9219461958324595E-005
         6912  7.5135930886371558E-005
         7104  7.0272853464508586E-005
         7296  6.4196248466493440E-005
         7488  5.8200017551870607E-005
         7680  5.1831734115152693E-005
         7872  4.2589663303026967E-005
         8064  3.3004705914356779E-005
         8256  2.3788249139254200E-005
         8448  1.4462035720366380E-005
         8640  4.4837463011999439E-006
         8832 -4.6756740637141907E-006
         9024 -1.2821033211528735E-005
         9216 -1.7825733163621640E-005
         9408 -1.9621873327830264E-005
         9600 -1.9674360996534659E-005
         9792 -1.7225219637719916E-005
         9984 -8.2493251432195706E-006
        10176  4.0412132236554508E-006
        10368  1.3407201399370917E-005
        10560  1.7244118857115454E-005
        10752  2.0901160359848127E-005
        10944  2.4050261897589690E-005
        11136  2.6967005057033030E-005
        11328  2.8946142179335156E-005
        11520  2.8844817023033033E-005
        11712  2.8553063970265790E-005
        11904  2.8333558187089206E-005
        12096  2.7780609687338289E-005
        12288  2.6890961777182467E-005
        12480  2.6165011434285299E-005
        12672  2.5707345008678503E-005
        12864  2.6102877100620525E-005
        13056  2.6934501104933864E-005
        13248  2.6957717148046398E-005
        13440  2.7289241498232391E-005
        13632  2.7790071507452927E-005
        13824  2.9569939217017389E-005
        14016  3.2627173948134276E-005
        14208  3.7149956076212042E-005
        14400  4.3960544778897421E-005
        14592  5.4066130017040517E-005
        14784  6.4157037386485742E-005
        14976  6.9387569755329225E-005
        15168  6.5412867763248549E-005
        15360  6.2206775928012577E-005
        15552  6.0745745554355417E-005
        15744  5.6389761554406950E-005
        15936  5.1807943944802383E-005
        16128  4.7651143280088628E-005
        16320  4.3555649544354066E-005
        16512  3.7202645042316179E-005
        16704  3.1435865262064925E-005
        16896  2.7418090954827353E-005
        17088  2.5505445791010078E-005
        17280  2.7308102354545860E-005
        17472  4.0220048440031077E-005
        17664  7.5099955655398017E-005
        17856  1.4658396519458307E-004
        18048  2.5240647712752829E-004
        18240  3.5217269908254369E-004
        18432  3.9908456256596442E-004
        18624  3.7182714988345474E-004
        18816  3.3739586687575997E-004
        19008  3.1017804322101930E-004
        19200  2.9194676814111751E-004
        19392  2.8129532375217143E-004
        19584  2.7177811469648855E-004
        19776  2.6282293598684626E-004
        19968  2.5376476050165765E-004
        20160  2.4357003953872361E-004
        20352  2.3360938294091497E-004
        20544  2.2404028557002312E-004
        20736  2.1447509389090386E-004
        20928  2.0491594023130534E-004
        21120  1.9572861247754594E-004
        21312  1.8693344591064732E-004
        21504  1.7904195119561726E-004
        21696  1.7041215788366753E-004
        21888  1.6144114847403563E-004
        22080  1.5384742536519712E-004
        22272  1.4620650227149744E-004
        22464  1.3888448940198704E-004
        22656  1.3185343838450751E-004
        22848  1.2500723878648687E-004
        23040  1.1819816673540013E-004
        23232  1.1176721100879803E-004
        23424  1.0587497225817762E-004
        23616  1.0276275691158078E-004
        23808  1.0344019316670419E-004
        24000  1.0567404028289390E-004
        24192  1.0902746651788419E-004
        24384  1.1363817408931704E-004
        24576  1.2648873222415011E-004
        24768  1.5342005954566238E-004
        24960  1.9347878454241608E-004
        25152  2.0840124971182220E-004
        25344  1.9237321441228187E-004
        25536  1.7523635164581501E-004
        25728  1.5745668749716910E-004
        25920  1.3841111854301784E-004
        26112  1.1969032715273919E-004
        26304  1.0164740919207631E-004
        26496  8.6419087050875569E-005
        26688  7.4278667341272665E-005
        26880  6.3426730297677257E-005
        27072  5.3905967001170184E-005
        27264  4.9500642137429557E-005
        27456  4.8052641404530915E-005
        27648  4.7454399671636034E-005
        27840  4.8252572296446776E-005
        28032  5.3388850321103559E-005
        28224  6.0309530772010532E-005
        28416  6.9153415190286414E-005
        28608  7.8068977060250156E-005
        28800  8.5530187653647019E-005
        28992  9.3002408444155845E-005
        29184  1.0015051345731869E-004
        29376  1.0614276070126951E-004
        29568  1.1086591868657827E-004
        29760  1.1476592619438535E-004
        29952  1.1762322779446428E-004
        30144  1.1937088459071286E-004
        30336  1.1683148103007632E-004
        30528  1.1213248749689075E-004
        30720  1.0757086106149801E-004
        30912  1.0254103909459888E-004
        31104  9.7530338214986517E-005
        31296  9.2613048574667240E-005
        31488  8.7811782346747231E-005
        31680  8.2986435614742596E-005
        31872  7.8589269503186575E-005
        32064  7.4821602617518543E-005
        32256  7.3712737180740796E-005
        32448  7.5041155678425218E-005
        32640  7.7763835589229666E-005
        32832  8.0448485755355413E-005
        33024  8.1045622596646351E-005
        33216  8.1243875480211230E-005
        33408  8.0489012932020060E-005
        33600  7.6864101308943237E-005
        33792  6.8162182584553842E-005
        33984  5.8051497224659392E-005
        34176  4.7792516972563383E-005
        34368  3.7113826880179693E-005
        34560  2.5570988905899613E-005
        34752  1.4839150219788492E-005
        34944  5.2740506888131117E-006
        35136 -8.1252551033792819E-007
        35328 -3.0417689758605559E-006
        35520 -2.5659284040343357E-006
        35712  2.2003554428776727E-006
        35904  1.9669544546632030E-005
        36096  5.7242255243134142E-005
        36288  1.0219666488744337E-004
        36480  1.1801098474540609E-004
        36672  1.1782696944887311E-004
        36864  1.1591655616855088E-004
        37056  1.1359128828174947E-004
        37248  1.1047663178924454E-004
        37440  1.0562068968450897E-004
        37632  1.0080030391204399E-004
        37824  9.6264114778332250E-005
        38016  9.1622706651029397E-005
        38208  8.6900845890363910E-005
        38400  8.2574092904952177E-005
        38592  7.8752520475286155E-005
        38784  7.6014135656328057E-005
        38976  7.3403878336284200E-005
        39168  7.1463617536929379E-005
        39360  7.0455244373218874E-005
        39552  6.9431203603473389E-005
        39744  6.9587344434973635E-005
        39936  7.1558510383690601E-005
        40128  7.4568245666517153E-005
        40320  7.9318701141643512E-005
        40512  8.4157951360409696E-005
        40704  8.5909316192095829E-005
        40896  8.4361068577512363E-005
        41088  8.0167133222005849E-005
        41280  7.7647336907734035E-005
        41472  7.4610542978165961E-005
        41664  6.8839211467490081E-005
        41856  6.2343417594359194E-005
        42048  5.6025997660387130E-005
        42240  4.9455393824868428E-005
        42432  4.0114473729907911E-005
        42624  3.0569692232287467E-005
        42816  2.1533817212083233E-005
        43008  1.2517745078797019E-005
        43200  2.9957144708984658E-006
        43392 -5.4631786083595773E-006
        43584 -1.2598734457733245E-005
        43776 -1.6223828124562191E-005
        43968 -1.6322194132381625E-005
        44160 -1.5114382445247029E-005
        44352 -1.3450617196783263E-005
        44544 -9.3242819086484374E-006
        44736 -6.1621889766704832E-006
        44928 -5.0453751357970022E-006
        45120 -4.2818492958508234E-006
        45312 -6.7844964075721422E-007
        45504  3.4851357346101925E-006
        45696  7.6742007539818753E-006
        45888  1.0918888522066081E-005
        46080  1.2036567099381765E-005
        46272  1.2990152564107661E-005
        46464  1.4088979271780559E-005
        46656  1.4977073914024557E-005
        46848  1.5702849885912927E-005
        47040  1.6827356767171449E-005
        47232  1.8489730400568456E-005
        47424  2.1124476709899081E-005
        47616  2.2519372952350832E-005
        47808  2.3762647004267213E-005
        48000  2.5660618440505463E-005
        48192  2.7177971223383266E-005
        48384  2.8711950474016563E-005
        48576  3.0165337481927942E-005
        48768  3.0621358376039758E-005
        48960  3.0795523063449656E-005
        49152  3.0470276281004688E-005
        49344  2.9813794762900660E-005
        49536  3.0465947001295867E-005
        49728  3.0764707034157694E-005
        49920  3.2625409129892637E-005
        50112  3.4250370162399084E-005
        50304  3.3670784302098684E-005
        50496  3.3057667223932225E-005
        50688  3.3268360118538309E-005
        50880  3.3834755451432227E-005
        51072  3.2524591765703106E-005
        51264  3.2537268957358592E-005
        51456  3.5967176512357834E-005
        51648  4.4894897721585756E-005
        51840  6.3006220052956420E-005
        52032  9.8557408308745076E-005
        52224  1.5943926250709141E-004
        52416  2.4806653341346094E-004
        52608  3.3886109165768527E-004
        52800  3.6345058727062273E-004
        52992  3.3310338858900392E-004
        53184  3.0443761957972071E-004
        53376  2.7906424803016849E-004
        53568  2.5897255064773471E-004
        53760  2.4461348720554682E-004
        53952  2.3564332243364888E-004
        54144  2.2711812140025728E-004
        54336  2.1916609903069312E-004
        54528  2.1108101279724388E-004
        54720  2.0177117665986420E-004
        54912  1.9269399779894359E-004
        55104  1.8401550440961921E-004
        55296  1.7533298563554486E-004
        55488  1.6664811649177950E-004
        55680  1.5834073463395296E-004
        55872  1.5043225699498116E-004
        56064  1.4336106669410616E-004
        56256  1.3528021932706727E-004
        56448  1.2771666053231563E-004
        56640  1.2133994070175720E-004
        56832  1.1464763839807383E-004
        57024  1.0822682226660047E-004
        57216  1.0220524275096697E-004
        57408  9.6492311240635746E-005
        57600  9.1132940877588982E-005
        57792  8.6762532647091954E-005
        57984  8.4110211432225954E-005
        58176  8.6187330869334352E-005
        58368  9.3311440535589414E-005
        58560  1.0630609713276180E-004
        58752  1.2514306201046049E-004
        58944  1.5002088957810785E-004
        59136  1.7954778456267235E-004
        59328  1.7998590641112125E-004
        59520  1.6752062858423606E-004
        59712  1.5226044713099061E-004
        59904  1.3665253420935686E-004
        60096  1.2116638042649575E-004
        60288  1.0520433134996682E-004
        60480  8.8149921787758021E-005
        60672  7.1600202991139420E-005
        60864  5.5850784374108324E-005
        61056  4.3000823501948397E-005
        61248  3.3107685853586835E-005
        61440  2.4265123072504674E-005
        61632  1.6554840130101884E-005
        61824  1.3676878068363608E-005
        62016  1.3534558514974766E-005
        62208  1.4822229141583213E-005
        62400  1.8967633379420438E-005
        62592  2.9360254910900416E-005
        62784  4.3499904541181477E-005
        62976  5.9737049043924731E-005
        63168  7.3972896537693032E-005
        63360  8.3265989907869376E-005
        63552  8.8627086237648292E-005
        63744  9.0603000591404868E-005
        63936  9.0051167900372746E-005
        64128  8.7983460506419579E-005
        64320  8.5391505402497762E-005
        64512  8.2614171177555250E-005
        64704  8.0270137264419058E-005
        64896  7.6593536048881312E-005
        65088  7.3117258240806585E-005
        65280  7.0508596472261987E-005
        65472  6.7486417967364384E-005
        65664  6.4624809358016923E-005
        65856  6.2134820535772152E-005
        66048  5.9916797298541249E-005
        66240  5.7954287496803553E-005
        66432  5.6842914463796999E-005
        66624  5.6992952684482524E-005
        66816  6.0541850263753483E-005
        67008  6.6406612901637470E-005
        67200  7.6097124860917490E-005
        67392  9.0085812831645513E-005
        67584  1.0980666003490118E-004
        67776  1.3383557643694276E-004
        67968  1.4541335156805115E-004
        68160  1.4057219041329269E-004
        68352  1.2787741313336731E-004
        68544  1.1385008504327103E-004
        68736  9.9756796782395256E-005
        68928  8.5163889819553907E-005
        69120  6.9500819945164088E-005
        69312  5.4370321329289501E-005
        69504  4.0046207446474064E-005
        69696  2.8615465801223625E-005
        69888  2.0074575664848338E-005
        70080  1.2507680043201681E-005
        70272  6.0457572116818612E-006
        70464  4.4618109495151477E-006
        70656  5.8158563110387425E-006
        70848  9.0722496790199744E-006
        71040  1.5679703472876688E-005
        71232  2.8399606431917128E-005
        71424  4.3623493500053098E-005
        71616  5.8202720414432959E-005
        71808  6.6588072338697322E-005
        72000  6.7108413669992787E-005
        72192  6.5026638263300106E-005
        72384  6.2355042448841678E-005
        72576  5.9191985049959701E-005
        72768  5.5675756474597459E-005
        72960  5.2325113892175020E-005
        73152  4.9224466835359176E-005
        73344  4.6891350567599454E-005
        73536  4.4245220614154699E-005
        73728  4.1944414856804376E-005
        73920  4.0100947871802328E-005
        74112  3.7509625846217538E-005
        74304  3.4963717142272829E-005
        74496  3.2744091058479669E-005
        74688  3.0989333302917964E-005
        74880  2.9612364496524760E-005
        75072  2.9360830455965781E-005
        75264  3.0905004482944523E-005
        75456  3.6722464946181448E-005
        75648  4.5314114707622971E-005
        75840  5.8244849922622075E-005
        76032  7.6115251096308404E-005
        76224  9.7205216464166634E-005
        76416  1.1319267955803789E-004
        76608  1.1783050647415553E-004
        76800  1.1945687923062745E-004
        76992  1.1849524465273408E-004
        77184  1.1811836482483402E-004
        77376  1.1835174798792692E-004
        77568  1.1606372130548472E-004
        77760  1.0746893651500641E-004
        77952  9.4461962997509008E-005
        78144  7.9778901306850993E-005
        78336  6.7083226861099304E-005
        78528  5.7133456058012423E-005
        78720  4.8175652647637660E-005
        78912  4.0245746413876269E-005
        79104  3.7059113260988342E-005
        79296  3.6203447713761293E-005
        79488  3.5347232896216126E-005
        79680  3.4867988706451878E-005
        79872  3.7641161317238811E-005
        80064  4.1234112336171769E-005
        80256  4.6303557592039354E-005
        80448  5.2088303870796737E-005
        80640  5.7567049622459692E-005
        80832  6.4504490803620813E-005
        81024  7.2273913481631324E-005
        81216  7.8516380157004893E-005
        81408  8.0553700619579645E-005
        81600  7.8560649461352570E-005
        81792  7.4839453485628084E-005
        81984  7.1299490297367264E-005
        82176  6.7059516182097550E-005
        82368  6.3203506196271908E-005
        82560  5.9984024205689157E-005
        82752  5.6084822450887356E-005
        82944  5.2175366495592441E-005
        83136  4.8533570044632806E-005
        83328  4.5142750904007501E-005
        83520  4.1818254791277532E-005
        83712  3.9085128137527684E-005
        83904  3.7277159885883412E-005
        84096  3.8657883443685732E-005
        84288  4.2828739467491143E-005
        84480  4.9529719047607229E-005
        84672  5.7955896039867965E-005
        84864  6.6215478610117794E-005
        85056  7.6382427004830666E-005
        85248  8.2351561921983890E-005
        85440  8.0306269818692576E-005
        85632  7.3129447133905026E-005
        85824  6.5730928663084565E-005
        86016  5.9405817866540204E-005
        86208  5.4197321437308855E-005
        86400  5.0548245925908304E-005
        86592  5.2499456934152238E-005
        86784  6.5386318724816491E-005
        86976  9.7684371414210702E-005
        87168  1.3574169086029187E-004
        87360  1.3681907472974831E-004
        87552  1.2418401939304872E-004
        87744  1.1608791580531414E-004
        87936  1.1096141588327718E-004
        88128  1.0631768951270663E-004
        88320  1.0199208747016267E-004
        88512  1.0023818036357990E-004
        88704  9.8016251882566987E-005
        88896  9.6145457017246159E-005
        89088  9.3820915654555412E-005
        89280  8.9853207154496920E-005
        89472  8.5965410707613868E-005
        89664  8.2391525384091827E-005
        89856  7.8756089896080098E-005
        90048  7.5140627511911386E-005
        90240  7.2124867401450731E-005
        90432  6.9981634209083423E-005
        90624  6.9579843538645827E-005
        90816  7.0280448221816174E-005
        91008  7.2244230548363395E-005
        91200  7.5755883162601152E-005
        91392  8.0552111553630276E-005
        91584  8.7711078375481819E-005
        91776  9.6961251339326558E-005
        91968  1.0440947786935819E-004
        92160  1.0437188124396408E-004
        92352  9.8366036919825093E-005
        92544  9.1295991236690194E-005
        92736  8.5923407635133016E-005
        92928  8.1103362707127163E-005
        93120  7.8228615077865509E-005
        93312  7.5006764378346771E-005
        93504  6.9103492020829900E-005
        93696  6.2642351635006473E-005
        93888  5.6527596754895468E-005
        94080  5.0338036630058665E-005
        94272  4.1572672948241464E-005
        94464  3.2857084368690569E-005
        94656  2.4935290760071162E-005
        94848  1.7279174273441789E-005
        95040  9.2596416609127637E-006
        95232  2.2898703305347904E-006
        95424 -3.7390955266326006E-006
        95616 -7.2010207119491339E-006
        95808 -8.6876453319231023E-006
        96000 -1.0624126807865588E-005
        96192 -1.2987609856791348E-005
        96384 -1.2165659997070576E-005
        96576 -1.0404367896411353E-005
        96768 -8.9118894938553704E-006
        96960 -6.6388093152228898E-006
        97152 -8.0909125084585656E-007
        97344  6.0704358941676841E-006
        97536  1.3104143380343561E-005
        97728  1.8929039013855322E-005
        97920  2.2290867861238937E-005
        98112  2.5133428168683476E-005
        98304  2.7722949817670265E-005
        98496  2.9675903438298740E-005
        98688  3.1014970835963357E-005
        98880  3.2258349546048317E-005
        99072  3.3508915753087826E-005
        99264  3.5313626392817362E-005
        99456  3.5399479998525089E-005
        99648  3.4887666027421155E-005
        99840  3.5075467958536076E-005
       100032  3.5042464511537451E-005
       100224  3.5403606655992815E-005
       100416  3.6259162591521992E-005
       100608  3.7443792087903026E-005
       100800  3.8813350942427912E-005
       100992  4.0931765731922848E-005
       101184  4.3944283893294667E-005
       101376  4.8837666088425532E-005
       101568  5.1652652310772136E-005
       101760  5.5929718995717679E-005
       101952  6.0325770538341407E-005
       102144  6.3299299237094499E-005
       102336  6.9498266176097024E-005
       102528  8.1905212640118806E-005
       102720  1.0422644592884276E-004
       102912  1.3908464122823746E-004
       103104  1.9087851041217003E-004
       103296  2.4982882942384016E-004
       103488  2.6665956285579348E-004
       103680  2.4377293940988073E-004
       103872  2.2098041406485794E-004
       104064  1.9908890804700073E-004
       104256  1.7970914193372460E-004
       104448  1.6311517374459483E-004
       104640  1.4782220272751873E-004
       104832  1.3392560222266178E-004
       105024  1.2502889346171302E-004
       105216  1.1916627298640656E-004
       105408  1.1391178139513950E-004
       105600  1.0916023191801335E-004
       105792  1.0723706199291009E-004
       105984  1.0522542471935194E-004
       106176  1.0414719539338508E-004
       106368  1.0340357105726342E-004
       106560  1.0215539827439504E-004
       106752  1.0262667338914344E-004
       106944  1.0553191291763102E-004
       107136  1.1061647208559041E-004
       107328  1.1684865944484353E-004
       107520  1.2122940382946824E-004
       107712  1.2003657362988586E-004
       107904  1.1540763772387657E-004
       108096  1.0851056205790281E-004
       108288  1.0160026857160043E-004
       108480  9.5943708132782297E-005
       108672  9.0038618200753224E-005
       108864  8.4374481230289425E-005
       109056  7.9047340574743826E-005
       109248  7.3851065160006061E-005
       109440  6.8679342119036562E-005
       109632  6.3902034577322477E-005
       109824  5.9693464885475851E-005
       110016  5.8195737722183676E-005
       110208  5.9603328210040253E-005
       110400  6.2648992017558337E-005
       110592  6.6634769291487445E-005
       110784  7.0252909021854051E-005
       110976  7.6595834212133746E-005
       111168  8.3546970968426229E-005
       111360  8.3321020240864632E-005
       111552  7.3822864905772963E-005
       111744  6.2287757490376219E-005
       111936  5.0693372882084805E-005
       112128  3.8708825320549183E-005
       112320  2.5795191285014131E-005
       112512  1.3497432655550265E-005
       112704  2.0184355851947098E-006
       112896 -6.6069010718340466E-006
       113088 -1.2557381710183259E-005
       113280 -1.7697595452565222E-005
       113472 -2.1635697744578372E-005
       113664 -2.0348607220774363E-005
       113856 -1.5132810868850276E-005
       114048 -6.0027675684457600E-006
       114240  8.0054017157183178E-006
       114432  2.7875368057509261E-005
       114624  5.3056289170328567E-005
       114816  8.2262480262905582E-005
       115008  1.0637968553004062E-004
       115200  1.2087612177290244E-004
       115392  1.2782454081657177E-004
       115584  1.2888133466550873E-004
       115776  1.2539995451959677E-004
       115968  1.1944564819951742E-004
       116160  1.1287621926516686E-004
       116352  1.0636044886990746E-004
       116544  1.0063920178459111E-004
       116736  9.2985334517841275E-005
       116928  8.4830471823700525E-005
       117120  7.8605637852186621E-005
       117312  7.2906125318605261E-005
       117504  6.7853303442506747E-005
       117696  6.3317985147284283E-005
       117888  5.8952417205752097E-005
       118080  5.4629148582117342E-005
       118272  5.0771178138088304E-005
       118464  4.7642184077258281E-005
       118656  4.7373292793777269E-005
       118848  4.9305436220029753E-005
       119040  5.3849304853599456E-005
       119232  6.0385761822786040E-005
       119424  6.8448840670494934E-005
       119616  8.6037499365104704E-005
       119808  1.1556113959078800E-004
       120000  1.3118170636507908E-004
       120192  1.2494131043040146E-004
       120384  1.1489613744307041E-004
       120576  1.0398442985085933E-004
       120768  9.2048300232736821E-005
       120960  7.8686644897885323E-005
       121152  6.5678603261389671E-005
       121344  5.3463783656825060E-005
       121536  4.4360890845884516E-005
       121728  3.8782491987135387E-005
       121920  3.4998578618721912E-005
       122112  3.3044699899334362E-005
       122304  3.6545611016639117E-005
       122496  4.2399726644635283E-005
       122688  4.7033359957399399E-005
       122880  4.9926238396002615E-005
       123072  5.3823742864948506E-005
       123264  5.6434067127116063E-005
       123456  5.8644740984715328E-005
       123648  5.9904899820006193E-005
       123840  5.9277601471484694E-005
       124032  5.8787220727442073E-005
       124224  5.8869307616760544E-005
       124416  5.9335206698715442E-005
       124608  6.0456636147868756E-005
       124800  6.2995601815325021E-005
       124992  6.7304765748500787E-005
       125184  7.4147216853698091E-005
       125376  8.0444824494506188E-005
       125568  8.2800124302558352E-005
       125760  8.1779413353826852E-005
       125952  7.8049562970677560E-005
       126144  7.3440050198437070E-005
       126336  6.8857251608734290E-005
       126528  6.4116770739857957E-005
       126720  5.9185263054840270E-005
       126912  5.4432346478644403E-005
       127104  4.9947447624891012E-005
       127296  4.7624614450776037E-005
       127488  4.7174479181024103E-005
       127680  4.7666263106409558E-005
       127872  4.7787383036409565E-005
       128064  4.5517593817607457E-005
       128256  4.2997886723384825E-005
       128448  4.2033252286718638E-005
       128640  4.2563849949043695E-005
       128832  4.2086140375258573E-005
       129024  4.2693925792565188E-005
       129216  4.3102190981385527E-005
       129408  3.9484711819242144E-005
       129600  3.1475668561429124E-005
       129792  2.2896003739448678E-005
       129984  1.5111802284266721E-005
       130176  1.0989856921292352E-005
       130368  1.1857800410941048E-005
       130560  1.8617830666679662E-005
       130752  3.7708052637572109E-005
       130944  8.0626941798161305E-005
       131136  1.2265289798915382E-004
       131328  1.2529040355100044E-004
       131520  1.1857130475679119E-004
       131712  1.1560959727831858E-004
       131904  1.1256180012914100E-004
       132096  1.0988193575346111E-004
       132288  1.0677912120413641E-004
       132480  1.0206615556381282E-004
       132672  9.7420743458889814E-005
       132864  9.3044884740081882E-005
       133056  8.8518766853028799E-005
       133248  8.3844858239107853E-005
       133440  7.9472625509731035E-005
       133632  7.5478419927704898E-005
       133824  7.2455847757838779E-005
       134016  6.9694722620218587E-005
       134208  6.7253012135228601E-005
       134400  6.5430397360947466E-005
       134592  6.3361467234860386E-005
       134784  6.2237056250223603E-005
       134976  6.3114267262157249E-005
       135168  6.6324180587624238E-005
       135360  7.2764695417788957E-005
       135552  8.3599084286800179E-005
       135744  9.9724060835254947E-005
       135936  1.1539867785205753E-004
       136128  1.0933068958030288E-004
       136320  1.0119083476376726E-004
       136512  9.4910879698347734E-005
       136704  8.6901307769844563E-005
       136896  7.8949549417636148E-005
       137088  7.1309631217669311E-005
       137280  6.3402832582088112E-005
       137472  5.2659000897301905E-005
       137664  4.1578395689008815E-005
       137856  3.0817043674006516E-005
       138048  1.9867236599999261E-005
       138240  8.1790807696295854E-006
       138432 -2.7523753643777870E-006
       138624 -1.2717767559160330E-005
       138816 -1.9572094000047687E-005
       139008 -2.3163134110707997E-005
       139200 -2.4595346183554019E-005
       139392 -2.2380588221515946E-005
       139584 -1.1736572806704398E-005
       139776  2.1092039857330740E-006
       139968  1.0015757875939011E-005
       140160  1.1749991276968347E-005
       140352  1.4328224012563383E-005
       140544  1.7017161914134789E-005
       140736  1.9716390385138060E-005
       140928  2.1570409190489925E-005
       141120  2.1387872746734098E-005
       141312  2.1064270475551207E-005
       141504  2.0860807015194424E-005
       141696  2.0371146213903129E-005
       141888  1.9589606071890992E-005
       142080  1.9020825251247547E-005
       142272  1.8766420108599882E-005
       142464  1.9400171450075681E-005
       142656  1.9570446729327251E-005
       142848  1.9352315837561657E-005
       143040  1.9971020036708792E-005
       143232  2.0626745479364503E-005
       143424  2.2025034620802851E-005
       143616  2.4797766042009211E-005
       143808  2.8788678985182853E-005
       144000  3.4454290632361987E-005
       144192  4.3426491218706675E-005
       144384  5.7643358282481872E-005
       144576  7.4631777090618779E-005
       144768  7.7689404226598206E-005
       144960  7.6773946658252268E-005
       145152  7.6210596751563898E-005
       145344  7.4527142789839604E-005
       145536  7.4969585083897028E-005
       145728  7.9242300982271764E-005
       145920  9.0148240799989965E-005
       146112  1.1135416546712406E-004
       146304  1.5227632703390288E-004
       146496  2.1383820932920894E-004
       146688  2.6436993587613665E-004
       146880  2.5110932038767576E-004
       147072  2.2708952520705263E-004
       147264  2.0446555296694985E-004
       147456  1.8449529328767839E-004
       147648  1.6730368462505339E-004
       147840  1.5143881923376025E-004
       148032  1.3701656126720673E-004
       148224  1.2757492786796753E-004
       148416  1.2118239728542073E-004
       148608  1.1551366292463495E-004
       148800  1.1046918915494572E-004
       148992  1.0830781755783505E-004
       149184  1.0602123651918083E-004
       149376  1.0456798072434467E-004
       149568  1.0331619421376509E-004
       149760  1.0139284716866445E-004
       149952  1.0099372842897530E-004
       150144  1.0291525412696185E-004
       150336  1.0726009473773973E-004
       150528  1.1394853829524495E-004
       150720  1.2153320059707061E-004
       150912  1.2526933620118783E-004
       151104  1.2265579595195403E-004
       151296  1.1550875368623101E-004
       151488  1.0718841167354147E-004
       151680  1.0049070338461917E-004
       151872  9.4023572613076100E-005
       152064  8.7976493051358895E-005
       152256  8.2308955112892352E-005
       152448  7.6793340275513328E-005
       152640  7.1254713870869758E-005
       152832  6.6015672458319765E-005
       153024  6.1177983720537240E-005
       153216  5.8762774051221710E-005
       153408  5.8874354395988981E-005
       153600  6.0182656538652377E-005
       153792  6.1707435287179223E-005
       153984  6.1938684550057321E-005
       154176  6.4065089004816244E-005
       154368  7.0156312605537576E-005
       154560  7.7362498564648613E-005
       154752  7.6062135869283101E-005
       154944  6.7064433654978199E-005
       155136  5.5746528856553627E-005
       155328  4.3603046594152265E-005
       155520  3.0407670714141130E-005
       155712  1.7772388910193453E-005
       155904  5.9138212602436182E-006
       156096 -3.1423203911298992E-006
       156288 -9.6064788527797305E-006
       156480 -1.5460601361085041E-005
       156672 -2.0562633472892252E-005
       156864 -2.1428841823734543E-005
       157056 -2.0328804931146543E-005
       157248 -1.8204129541165837E-005
       157440 -1.3516699813587515E-005
       157632 -3.0444590496877330E-006
       157824  1.0830006419908436E-005
       158016  2.6409113540631636E-005
       158208  4.1331470192777896E-005
       158400  5.5017881760357274E-005
       158592  6.8029338686544842E-005
       158784  7.7251836230887889E-005
       158976  8.1621657320867086E-005
       159168  8.2885256268564532E-005
       159360  8.2828582303087056E-005
       159552  8.2128269826848009E-005
       159744  8.1588193430301187E-005
       159936  7.8811337801920281E-005
       160128  7.4006581864856857E-005
       160320  7.0606661149938855E-005
       160512  6.7769923840266488E-005
       160704  6.5773451120942694E-005
       160896  6.4096583091048323E-005
       161088  6.2374986129468891E-005
       161280  6.0679226145870611E-005
       161472  5.9602347666031038E-005
       161664  5.9569513661128313E-005
       161856  6.2888701879266931E-005
       162048  6.7999790135008946E-005
       162240  7.7979611056910522E-005
       162432  9.3356716798354090E-005
       162624  1.1412000898408265E-004
       162816  1.3735061982655063E-004
       163008  1.4633790439632478E-004
       163200  1.3942026070576271E-004
       163392  1.2615909616743346E-004
       163584  1.1212613289864762E-004
       163776  9.8183069663778413E-005
       163968  8.3801611063480421E-005
       164160  6.8387132991446016E-005
       164352  5.3516980549456356E-005
       164544  3.9449939976099548E-005
       164736  2.8257053191976557E-005
       164928  1.9915836456341157E-005
       165120  1.2515245389097215E-005
       165312  6.1996918839863254E-006
       165504  4.7535830858049092E-006
       165696  6.3167701491705360E-006
       165888  1.0017759466593041E-005
       166080  1.7407687536374304E-005
       166272  3.0917337491066197E-005
       166464  4.5998455129940608E-005
       166656  5.7716480814261352E-005
       166848  6.1639862445999000E-005
       167040  5.9856072091444370E-005
       167232  5.7090469454890174E-005
       167424  5.4308911375736722E-005
       167616  5.1239842941970343E-005
       167808  4.7896827420451745E-005
       168000  4.4750999042537747E-005
       168192  4.1863135868325748E-005
       168384  3.9768790435826983E-005
       168576  3.7559856172071686E-005
       168768  3.5194659379507940E-005
       168960  3.3307178884696713E-005
       169152  3.0725160754323123E-005
       169344  2.8375945979092716E-005
       169536  2.6402256289410391E-005
       169728  2.4790621423458659E-005
       169920  2.3640157175770524E-005
       170112  2.3735785275474999E-005
       170304  2.5892218561131896E-005
       170496  3.2847226465846590E-005
       170688  4.2365148126135820E-005
       170880  5.6185981158746756E-005
       171072  7.3926388063478158E-005
       171264  8.7746223942807152E-005
       171456  9.0090191064075219E-005
       171648  8.6492727674786216E-005
       171840  8.1979925831609967E-005
       172032  7.5001420728680569E-005
       172224  6.8572960718562138E-005
       172416  6.4014757667687664E-005
       172608  6.2008175995752971E-005
       172800  6.4543021595773762E-005
