          192  1.6835013410802736E-004  0.0000000000000000E+000
   0.0000000000000000E+000
          384  2.7289371024561516E-004  0.0000000000000000E+000
   0.0000000000000000E+000
          576  4.6616040146234993E-004  0.0000000000000000E+000
   0.0000000000000000E+000
          768  7.6452832018198422E-004  0.0000000000000000E+000
   0.0000000000000000E+000
          960  1.1076467968355787E-003  0.0000000000000000E+000
   0.0000000000000000E+000
         1152  1.2910147891519368E-003  0.0000000000000000E+000
   0.0000000000000000E+000
         1344  9.5573300887662194E-004  0.0000000000000000E+000
   0.0000000000000000E+000
         1536  3.6004983388813198E-004  0.0000000000000000E+000
   0.0000000000000000E+000
         1728  1.3425728420954250E-004  0.0000000000000000E+000
   0.0000000000000000E+000
         1920  6.9372312348167214E-005  0.0000000000000000E+000
   0.0000000000000000E+000
         2112  4.2999863492511109E-005  0.0000000000000000E+000
   0.0000000000000000E+000
         2304  2.8383394975452859E-005  0.0000000000000000E+000
   0.0000000000000000E+000
         2496  1.8958131674075578E-005  0.0000000000000000E+000
   0.0000000000000000E+000
         2688  1.3225326869467799E-005  0.0000000000000000E+000
   0.0000000000000000E+000
         2880  1.0573270116415136E-005  0.0000000000000000E+000
   0.0000000000000000E+000
         3072  9.0778632773633852E-006  0.0000000000000000E+000
   0.0000000000000000E+000
         3264  8.4041729995523154E-006  0.0000000000000000E+000
   0.0000000000000000E+000
         3456  8.4485572231602538E-006  0.0000000000000000E+000
   0.0000000000000000E+000
         3648  9.2234593839937539E-006  0.0000000000000000E+000
   0.0000000000000000E+000
         3840  1.0852180771536661E-005  0.0000000000000000E+000
   0.0000000000000000E+000
         4032  1.3633307059124949E-005  0.0000000000000000E+000
   0.0000000000000000E+000
         4224  1.8015209272106513E-005  0.0000000000000000E+000
   0.0000000000000000E+000
         4416  2.4679555575951759E-005  0.0000000000000000E+000
   0.0000000000000000E+000
         4608  3.4600883921871442E-005  0.0000000000000000E+000
   0.0000000000000000E+000
         4800  4.8589299869764929E-005  0.0000000000000000E+000
   0.0000000000000000E+000
         4992  6.8681542842383649E-005  0.0000000000000000E+000
   0.0000000000000000E+000
         5184  9.7060402169769677E-005  0.0000000000000000E+000
   0.0000000000000000E+000
         5376  1.3549439034712368E-004  0.0000000000000000E+000
   0.0000000000000000E+000
         5568  1.9193284049716863E-004  0.0000000000000000E+000
   0.0000000000000000E+000
         5760  2.9372771468924586E-004  0.0000000000000000E+000
   0.0000000000000000E+000
         5952  4.3508324376367738E-004  0.0000000000000000E+000
   0.0000000000000000E+000
         6144  4.9183164696020912E-004  0.0000000000000000E+000
   0.0000000000000000E+000
         6336  2.8891028196441544E-004  0.0000000000000000E+000
   0.0000000000000000E+000
         6528  1.0042486865183678E-004  0.0000000000000000E+000
   0.0000000000000000E+000
         6720  4.8895293437941221E-005  0.0000000000000000E+000
   0.0000000000000000E+000
         6912  3.5698461170946262E-005  0.0000000000000000E+000
   0.0000000000000000E+000
         7104  3.7688120072933905E-005  0.0000000000000000E+000
   0.0000000000000000E+000
         7296  4.7266176509787720E-005  0.0000000000000000E+000
   0.0000000000000000E+000
         7488  6.4367649214917071E-005  0.0000000000000000E+000
   0.0000000000000000E+000
         7680  9.1966834376673961E-005  0.0000000000000000E+000
   0.0000000000000000E+000
         7872  1.3425415315151357E-004  0.0000000000000000E+000
   0.0000000000000000E+000
         8064  1.9341382515220684E-004  0.0000000000000000E+000
   0.0000000000000000E+000
         8256  2.5652202888420749E-004  0.0000000000000000E+000
   0.0000000000000000E+000
         8448  3.0049739152276993E-004  0.0000000000000000E+000
   0.0000000000000000E+000
         8640  3.0350745265277562E-004  0.0000000000000000E+000
   0.0000000000000000E+000
         8832  2.7335831937444521E-004  0.0000000000000000E+000
   0.0000000000000000E+000
         9024  2.3140942680540820E-004  0.0000000000000000E+000
   0.0000000000000000E+000
         9216  2.0087225959333725E-004  0.0000000000000000E+000
   0.0000000000000000E+000
         9408  1.8985424568431362E-004  0.0000000000000000E+000
   0.0000000000000000E+000
         9600  1.9989890113063089E-004  0.0000000000000000E+000
   0.0000000000000000E+000
         9792  2.2878332351168614E-004  0.0000000000000000E+000
   0.0000000000000000E+000
         9984  2.6481113022368838E-004  0.0000000000000000E+000
   0.0000000000000000E+000
        10176  2.7059598167558760E-004  0.0000000000000000E+000
   0.0000000000000000E+000
        10368  1.9697361425662544E-004  0.0000000000000000E+000
   0.0000000000000000E+000
        10560  1.0532557549956150E-004  0.0000000000000000E+000
   0.0000000000000000E+000
        10752  5.6767660315062618E-005  0.0000000000000000E+000
   0.0000000000000000E+000
        10944  3.5780859179377403E-005  0.0000000000000000E+000
   0.0000000000000000E+000
        11136  2.4770472325776620E-005  0.0000000000000000E+000
   0.0000000000000000E+000
        11328  1.8483253179536088E-005  0.0000000000000000E+000
   0.0000000000000000E+000
        11520  1.5877918692467597E-005  0.0000000000000000E+000
   0.0000000000000000E+000
        11712  1.4766639012387584E-005  0.0000000000000000E+000
   0.0000000000000000E+000
        11904  1.4654375094090098E-005  0.0000000000000000E+000
   0.0000000000000000E+000
        12096  1.5444878900067044E-005  0.0000000000000000E+000
   0.0000000000000000E+000
        12288  1.7212658921994523E-005  0.0000000000000000E+000
   0.0000000000000000E+000
        12480  2.0145574071423710E-005  0.0000000000000000E+000
   0.0000000000000000E+000
        12672  2.4616490952794962E-005  0.0000000000000000E+000
   0.0000000000000000E+000
        12864  3.1138907359257275E-005  0.0000000000000000E+000
   0.0000000000000000E+000
        13056  4.0327880844872020E-005  0.0000000000000000E+000
   0.0000000000000000E+000
        13248  5.2211081736697358E-005  0.0000000000000000E+000
   0.0000000000000000E+000
        13440  6.7515989034492549E-005  0.0000000000000000E+000
   0.0000000000000000E+000
        13632  8.8191195286474678E-005  0.0000000000000000E+000
   0.0000000000000000E+000
        13824  1.1631619474672988E-004  0.0000000000000000E+000
   0.0000000000000000E+000
        14016  1.5234989121974804E-004  0.0000000000000000E+000
   0.0000000000000000E+000
        14208  2.0298553004394294E-004  0.0000000000000000E+000
   0.0000000000000000E+000
        14400  2.8692583642593724E-004  0.0000000000000000E+000
   0.0000000000000000E+000
        14592  3.6107331251672350E-004  0.0000000000000000E+000
   0.0000000000000000E+000
        14784  3.2294434897632606E-004  0.0000000000000000E+000
   0.0000000000000000E+000
        14976  1.8316804306383095E-004  0.0000000000000000E+000
   0.0000000000000000E+000
        15168  1.0330389750749928E-004  0.0000000000000000E+000
   0.0000000000000000E+000
        15360  7.5067622573762080E-005  0.0000000000000000E+000
   0.0000000000000000E+000
        15552  7.0244441598008825E-005  0.0000000000000000E+000
   0.0000000000000000E+000
        15744  7.7175734505877702E-005  0.0000000000000000E+000
   0.0000000000000000E+000
        15936  9.4764465674780234E-005  0.0000000000000000E+000
   0.0000000000000000E+000
        16128  1.2540307446741117E-004  0.0000000000000000E+000
   0.0000000000000000E+000
        16320  1.7337492362977622E-004  0.0000000000000000E+000
   0.0000000000000000E+000
        16512  2.4457442799596105E-004  0.0000000000000000E+000
   0.0000000000000000E+000
        16704  3.5447493704468704E-004  0.0000000000000000E+000
   0.0000000000000000E+000
        16896  5.2685875149106778E-004  0.0000000000000000E+000
   0.0000000000000000E+000
        17088  7.8933263662542535E-004  0.0000000000000000E+000
   0.0000000000000000E+000
        17280  1.1389647665376989E-003  0.0000000000000000E+000
   0.0000000000000000E+000
        17472  1.5565019878753263E-003  0.0000000000000000E+000
   0.0000000000000000E+000
        17664  1.9981694684438212E-003  0.0000000000000000E+000
   0.0000000000000000E+000
        17856  2.3952529326434178E-003  0.0000000000000000E+000
   0.0000000000000000E+000
        18048  2.7483132247934769E-003  0.0000000000000000E+000
   0.0000000000000000E+000
        18240  2.7993254367854195E-003  0.0000000000000000E+000
   0.0000000000000000E+000
        18432  1.4846209825594193E-003  0.0000000000000000E+000
   0.0000000000000000E+000
        18624  3.6346867834604159E-004  0.0000000000000000E+000
   0.0000000000000000E+000
        18816  2.1505214199293445E-004  0.0000000000000000E+000
   0.0000000000000000E+000
        19008  1.2733154509884728E-004  0.0000000000000000E+000
   0.0000000000000000E+000
        19200  7.0843981907368171E-005  0.0000000000000000E+000
   0.0000000000000000E+000
        19392  3.9969486403350956E-005  0.0000000000000000E+000
   0.0000000000000000E+000
        19584  2.2389143881566114E-005  0.0000000000000000E+000
   0.0000000000000000E+000
        19776  1.2281359695179510E-005  0.0000000000000000E+000
   0.0000000000000000E+000
        19968  6.7413178375164990E-006  0.0000000000000000E+000
   0.0000000000000000E+000
        20160  4.0784812290775861E-006  0.0000000000000000E+000
   0.0000000000000000E+000
        20352  2.4904863776198644E-006  0.0000000000000000E+000
   0.0000000000000000E+000
        20544  1.5371928992375212E-006  0.0000000000000000E+000
   0.0000000000000000E+000
        20736  9.7105469789162796E-007  0.0000000000000000E+000
   0.0000000000000000E+000
        20928  6.3842307889167303E-007  0.0000000000000000E+000
   0.0000000000000000E+000
        21120  4.4910068411971541E-007  0.0000000000000000E+000
   0.0000000000000000E+000
        21312  3.5380928639427718E-007  0.0000000000000000E+000
   0.0000000000000000E+000
        21504  3.2701833720315188E-007  0.0000000000000000E+000
   0.0000000000000000E+000
        21696  3.6034766882267824E-007  0.0000000000000000E+000
   0.0000000000000000E+000
        21888  4.5647835477424702E-007  0.0000000000000000E+000
   0.0000000000000000E+000
        22080  6.3072013766114325E-007  0.0000000000000000E+000
   0.0000000000000000E+000
        22272  9.2439114440892819E-007  0.0000000000000000E+000
   0.0000000000000000E+000
        22464  1.4075021800133896E-006  0.0000000000000000E+000
   0.0000000000000000E+000
        22656  2.2100237356055471E-006  0.0000000000000000E+000
   0.0000000000000000E+000
        22848  3.6394065564414718E-006  0.0000000000000000E+000
   0.0000000000000000E+000
        23040  6.4606566689880993E-006  0.0000000000000000E+000
   0.0000000000000000E+000
        23232  1.1954892836261781E-005  0.0000000000000000E+000
   0.0000000000000000E+000
        23424  2.2836259404189453E-005  0.0000000000000000E+000
   0.0000000000000000E+000
        23616  4.5595898572383283E-005  0.0000000000000000E+000
   0.0000000000000000E+000
        23808  9.0323515445191231E-005  0.0000000000000000E+000
   0.0000000000000000E+000
        24000  1.7589281737833846E-004  0.0000000000000000E+000
   0.0000000000000000E+000
        24192  3.2865738849510923E-004  0.0000000000000000E+000
   0.0000000000000000E+000
        24384  5.8671854145275152E-004  0.0000000000000000E+000
   0.0000000000000000E+000
        24576  9.8004211460764280E-004  0.0000000000000000E+000
   0.0000000000000000E+000
        24768  1.4119064936477972E-003  0.0000000000000000E+000
   0.0000000000000000E+000
        24960  1.6984761446323365E-003  0.0000000000000000E+000
   0.0000000000000000E+000
        25152  5.7041004265990212E-004  0.0000000000000000E+000
   0.0000000000000000E+000
        25344  2.3946406307618463E-004  0.0000000000000000E+000
   0.0000000000000000E+000
        25536  2.0257892984610449E-004  0.0000000000000000E+000
   0.0000000000000000E+000
        25728  1.4685381162949461E-004  0.0000000000000000E+000
   0.0000000000000000E+000
        25920  1.1965479478135368E-004  0.0000000000000000E+000
   0.0000000000000000E+000
        26112  1.1648419303832756E-004  0.0000000000000000E+000
   0.0000000000000000E+000
        26304  1.1237307319093328E-004  0.0000000000000000E+000
   0.0000000000000000E+000
        26496  1.0388632113040811E-004  0.0000000000000000E+000
   0.0000000000000000E+000
        26688  9.5271040854551258E-005  0.0000000000000000E+000
   0.0000000000000000E+000
        26880  8.9819040802759136E-005  0.0000000000000000E+000
   0.0000000000000000E+000
        27072  8.8453763260874224E-005  0.0000000000000000E+000
   0.0000000000000000E+000
        27264  9.2281137987200353E-005  0.0000000000000000E+000
   0.0000000000000000E+000
        27456  1.0427788179012026E-004  0.0000000000000000E+000
   0.0000000000000000E+000
        27648  1.2730577081206460E-004  0.0000000000000000E+000
   0.0000000000000000E+000
        27840  1.6274566098783741E-004  0.0000000000000000E+000
   0.0000000000000000E+000
        28032  2.1457395188272810E-004  0.0000000000000000E+000
   0.0000000000000000E+000
        28224  2.7017963357718562E-004  0.0000000000000000E+000
   0.0000000000000000E+000
        28416  3.0915178518027878E-004  0.0000000000000000E+000
   0.0000000000000000E+000
        28608  3.3001986957557807E-004  0.0000000000000000E+000
   0.0000000000000000E+000
        28800  3.5665373641306010E-004  0.0000000000000000E+000
   0.0000000000000000E+000
        28992  3.7131435174947842E-004  0.0000000000000000E+000
   0.0000000000000000E+000
        29184  3.7138285715694071E-004  0.0000000000000000E+000
   0.0000000000000000E+000
        29376  3.6060646226011958E-004  0.0000000000000000E+000
   0.0000000000000000E+000
        29568  3.4518543811200178E-004  0.0000000000000000E+000
   0.0000000000000000E+000
        29760  3.2334312256340579E-004  0.0000000000000000E+000
   0.0000000000000000E+000
        29952  2.8640050473739497E-004  0.0000000000000000E+000
   0.0000000000000000E+000
        30144  2.3503939052864304E-004  0.0000000000000000E+000
   0.0000000000000000E+000
        30336  1.7504661218340991E-004  0.0000000000000000E+000
   0.0000000000000000E+000
        30528  1.2386736938592948E-004  0.0000000000000000E+000
   0.0000000000000000E+000
        30720  8.9148116014633021E-005  0.0000000000000000E+000
   0.0000000000000000E+000
        30912  6.7463893286382433E-005  0.0000000000000000E+000
   0.0000000000000000E+000
        31104  5.4384640018193309E-005  0.0000000000000000E+000
   0.0000000000000000E+000
        31296  4.6899354335566794E-005  0.0000000000000000E+000
   0.0000000000000000E+000
        31488  4.4749963847709065E-005  0.0000000000000000E+000
   0.0000000000000000E+000
        31680  4.8570737074481084E-005  0.0000000000000000E+000
   0.0000000000000000E+000
        31872  5.7371651415239394E-005  0.0000000000000000E+000
   0.0000000000000000E+000
        32064  7.2401756121206581E-005  0.0000000000000000E+000
   0.0000000000000000E+000
        32256  9.8324187194143313E-005  0.0000000000000000E+000
   0.0000000000000000E+000
        32448  1.3741969544318037E-004  0.0000000000000000E+000
   0.0000000000000000E+000
        32640  1.9050029190590247E-004  0.0000000000000000E+000
   0.0000000000000000E+000
        32832  2.5163317130734734E-004  0.0000000000000000E+000
   0.0000000000000000E+000
        33024  3.0966174971487907E-004  0.0000000000000000E+000
   0.0000000000000000E+000
        33216  3.3739095718173759E-004  0.0000000000000000E+000
   0.0000000000000000E+000
        33408  3.1159212522166482E-004  0.0000000000000000E+000
   0.0000000000000000E+000
        33600  2.5778638112526609E-004  0.0000000000000000E+000
   0.0000000000000000E+000
        33792  2.1960759805733166E-004  0.0000000000000000E+000
   0.0000000000000000E+000
        33984  2.0276349575899894E-004  0.0000000000000000E+000
   0.0000000000000000E+000
        34176  1.9890287941557106E-004  0.0000000000000000E+000
   0.0000000000000000E+000
        34368  2.0770674882749154E-004  0.0000000000000000E+000
   0.0000000000000000E+000
        34560  2.2839663175929975E-004  0.0000000000000000E+000
   0.0000000000000000E+000
        34752  2.5855312067208210E-004  0.0000000000000000E+000
   0.0000000000000000E+000
        34944  2.9749590086552529E-004  0.0000000000000000E+000
   0.0000000000000000E+000
        35136  3.5248140199480921E-004  0.0000000000000000E+000
   0.0000000000000000E+000
        35328  4.3431079391487664E-004  0.0000000000000000E+000
   0.0000000000000000E+000
        35520  5.5939935849690786E-004  0.0000000000000000E+000
   0.0000000000000000E+000
        35712  7.4286268564798484E-004  0.0000000000000000E+000
   0.0000000000000000E+000
        35904  9.6847397527082002E-004  0.0000000000000000E+000
   0.0000000000000000E+000
        36096  1.1559879121864776E-003  0.0000000000000000E+000
   0.0000000000000000E+000
        36288  9.6222354221400883E-004  0.0000000000000000E+000
   0.0000000000000000E+000
        36480  3.2980512498261856E-004  0.0000000000000000E+000
   0.0000000000000000E+000
        36672  1.1198399059513945E-004  0.0000000000000000E+000
   0.0000000000000000E+000
        36864  5.8072700892110967E-005  0.0000000000000000E+000
   0.0000000000000000E+000
        37056  3.3181884252438408E-005  0.0000000000000000E+000
   0.0000000000000000E+000
        37248  2.0868234202729178E-005  0.0000000000000000E+000
   0.0000000000000000E+000
        37440  1.5718607328267125E-005  0.0000000000000000E+000
   0.0000000000000000E+000
        37632  1.3474981154881584E-005  0.0000000000000000E+000
   0.0000000000000000E+000
        37824  1.3032050047883720E-005  0.0000000000000000E+000
   0.0000000000000000E+000
        38016  1.4066667506766377E-005  0.0000000000000000E+000
   0.0000000000000000E+000
        38208  1.6644519441056986E-005  0.0000000000000000E+000
   0.0000000000000000E+000
        38400  2.1109286910423524E-005  0.0000000000000000E+000
   0.0000000000000000E+000
        38592  2.8142852587965589E-005  0.0000000000000000E+000
   0.0000000000000000E+000
        38784  3.8658332117341192E-005  0.0000000000000000E+000
   0.0000000000000000E+000
        38976  5.2808993554374149E-005  0.0000000000000000E+000
   0.0000000000000000E+000
        39168  7.1496017746114129E-005  0.0000000000000000E+000
   0.0000000000000000E+000
        39360  9.6004867311011148E-005  0.0000000000000000E+000
   0.0000000000000000E+000
        39552  1.2833173470513235E-004  0.0000000000000000E+000
   0.0000000000000000E+000
        39744  1.6896576005713448E-004  0.0000000000000000E+000
   0.0000000000000000E+000
        39936  2.1520138372588751E-004  0.0000000000000000E+000
   0.0000000000000000E+000
        40128  2.6214176798269645E-004  0.0000000000000000E+000
   0.0000000000000000E+000
        40320  3.0462893015263475E-004  0.0000000000000000E+000
   0.0000000000000000E+000
        40512  2.9333950654156704E-004  0.0000000000000000E+000
   0.0000000000000000E+000
        40704  1.9927359778119380E-004  0.0000000000000000E+000
   0.0000000000000000E+000
        40896  1.1239759509583042E-004  0.0000000000000000E+000
   0.0000000000000000E+000
        41088  7.2919731634677265E-005  0.0000000000000000E+000
   0.0000000000000000E+000
        41280  5.6780594920607950E-005  0.0000000000000000E+000
   0.0000000000000000E+000
        41472  5.3322128188166640E-005  0.0000000000000000E+000
   0.0000000000000000E+000
        41664  5.5138753516856902E-005  0.0000000000000000E+000
   0.0000000000000000E+000
        41856  6.2791843397888599E-005  0.0000000000000000E+000
   0.0000000000000000E+000
        42048  7.7520079104926524E-005  0.0000000000000000E+000
   0.0000000000000000E+000
        42240  1.0080086512118870E-004  0.0000000000000000E+000
   0.0000000000000000E+000
        42432  1.3370116537143802E-004  0.0000000000000000E+000
   0.0000000000000000E+000
        42624  1.7720965928595019E-004  0.0000000000000000E+000
   0.0000000000000000E+000
        42816  2.2931563554492179E-004  0.0000000000000000E+000
   0.0000000000000000E+000
        43008  2.8184443363566856E-004  0.0000000000000000E+000
   0.0000000000000000E+000
        43200  3.1995718198159635E-004  0.0000000000000000E+000
   0.0000000000000000E+000
        43392  3.3003627574462800E-004  0.0000000000000000E+000
   0.0000000000000000E+000
        43584  3.0605698062458655E-004  0.0000000000000000E+000
   0.0000000000000000E+000
        43776  2.6837304701076738E-004  0.0000000000000000E+000
   0.0000000000000000E+000
        43968  2.3666406507048631E-004  0.0000000000000000E+000
   0.0000000000000000E+000
        44160  2.0905096245105395E-004  0.0000000000000000E+000
   0.0000000000000000E+000
        44352  1.7771031613537065E-004  0.0000000000000000E+000
   0.0000000000000000E+000
        44544  1.4178588824897081E-004  0.0000000000000000E+000
   0.0000000000000000E+000
        44736  1.0801682026979057E-004  0.0000000000000000E+000
   0.0000000000000000E+000
        44928  8.2629864959588313E-005  0.0000000000000000E+000
   0.0000000000000000E+000
        45120  6.5573421104490989E-005  0.0000000000000000E+000
   0.0000000000000000E+000
        45312  5.5421983488426545E-005  0.0000000000000000E+000
   0.0000000000000000E+000
        45504  4.8819965273549962E-005  0.0000000000000000E+000
   0.0000000000000000E+000
        45696  4.3505372857015659E-005  0.0000000000000000E+000
   0.0000000000000000E+000
        45888  3.9803265899213656E-005  0.0000000000000000E+000
   0.0000000000000000E+000
        46080  4.0119111515123375E-005  0.0000000000000000E+000
   0.0000000000000000E+000
        46272  4.2583118549040785E-005  0.0000000000000000E+000
   0.0000000000000000E+000
        46464  4.7062173306182764E-005  0.0000000000000000E+000
   0.0000000000000000E+000
        46656  5.3811699531165141E-005  0.0000000000000000E+000
   0.0000000000000000E+000
        46848  6.3138187674857118E-005  0.0000000000000000E+000
   0.0000000000000000E+000
        47040  7.5100123609041740E-005  0.0000000000000000E+000
   0.0000000000000000E+000
        47232  8.9487140504186321E-005  0.0000000000000000E+000
   0.0000000000000000E+000
        47424  1.0509325621049433E-004  0.0000000000000000E+000
   0.0000000000000000E+000
        47616  1.1866910095475488E-004  0.0000000000000000E+000
   0.0000000000000000E+000
        47808  1.2945907945706268E-004  0.0000000000000000E+000
   0.0000000000000000E+000
        48000  1.3648924987183874E-004  0.0000000000000000E+000
   0.0000000000000000E+000
        48192  1.3908342094658092E-004  0.0000000000000000E+000
   0.0000000000000000E+000
        48384  1.3560005417496271E-004  0.0000000000000000E+000
   0.0000000000000000E+000
        48576  1.2523220242858816E-004  0.0000000000000000E+000
   0.0000000000000000E+000
        48768  1.1196459856910903E-004  0.0000000000000000E+000
   0.0000000000000000E+000
        48960  1.0300853297410476E-004  0.0000000000000000E+000
   0.0000000000000000E+000
        49152  9.5861339801000376E-005  0.0000000000000000E+000
   0.0000000000000000E+000
        49344  9.1951322350905396E-005  0.0000000000000000E+000
   0.0000000000000000E+000
        49536  9.5439358276151225E-005  0.0000000000000000E+000
   0.0000000000000000E+000
        49728  1.0627529038232812E-004  0.0000000000000000E+000
   0.0000000000000000E+000
        49920  1.2407809358940439E-004  0.0000000000000000E+000
   0.0000000000000000E+000
        50112  1.4875141763177663E-004  0.0000000000000000E+000
   0.0000000000000000E+000
        50304  1.8278245777345400E-004  0.0000000000000000E+000
   0.0000000000000000E+000
        50496  2.2781530952914071E-004  0.0000000000000000E+000
   0.0000000000000000E+000
        50688  2.8642364814502561E-004  0.0000000000000000E+000
   0.0000000000000000E+000
        50880  3.6557937734242390E-004  0.0000000000000000E+000
   0.0000000000000000E+000
        51072  4.6708186589163421E-004  0.0000000000000000E+000
   0.0000000000000000E+000
        51264  6.0219661067466388E-004  0.0000000000000000E+000
   0.0000000000000000E+000
        51456  7.9309500182292057E-004  0.0000000000000000E+000
   0.0000000000000000E+000
        51648  1.0736921870949355E-003  0.0000000000000000E+000
   0.0000000000000000E+000
        51840  1.4533737991885567E-003  0.0000000000000000E+000
   0.0000000000000000E+000
        52032  1.8902342093900704E-003  0.0000000000000000E+000
   0.0000000000000000E+000
        52224  2.3063911501381368E-003  0.0000000000000000E+000
   0.0000000000000000E+000
        52416  2.6598278658424186E-003  0.0000000000000000E+000
   0.0000000000000000E+000
        52608  2.6314978718686875E-003  0.0000000000000000E+000
   0.0000000000000000E+000
        52800  8.5008359324365923E-004  0.0000000000000000E+000
   0.0000000000000000E+000
        52992  3.6484275484589482E-004  0.0000000000000000E+000
   0.0000000000000000E+000
        53184  2.4165378948904964E-004  0.0000000000000000E+000
   0.0000000000000000E+000
        53376  1.4888209101816084E-004  0.0000000000000000E+000
   0.0000000000000000E+000
        53568  8.6360757073486956E-005  0.0000000000000000E+000
   0.0000000000000000E+000
        53760  4.7500338820950750E-005  0.0000000000000000E+000
   0.0000000000000000E+000
        53952  2.6505530081594912E-005  0.0000000000000000E+000
   0.0000000000000000E+000
        54144  1.4675476961096643E-005  0.0000000000000000E+000
   0.0000000000000000E+000
        54336  8.0659726715165232E-006  0.0000000000000000E+000
   0.0000000000000000E+000
        54528  4.4307065689996148E-006  0.0000000000000000E+000
   0.0000000000000000E+000
        54720  2.7072497084668380E-006  0.0000000000000000E+000
   0.0000000000000000E+000
        54912  1.7003130100002393E-006  0.0000000000000000E+000
   0.0000000000000000E+000
        55104  1.1171716544890232E-006  0.0000000000000000E+000
   0.0000000000000000E+000
        55296  7.9760880091581683E-007  0.0000000000000000E+000
   0.0000000000000000E+000
        55488  6.4907121971391182E-007  0.0000000000000000E+000
   0.0000000000000000E+000
        55680  6.2698353364362886E-007  0.0000000000000000E+000
   0.0000000000000000E+000
        55872  7.2359562304123287E-007  0.0000000000000000E+000
   0.0000000000000000E+000
        56064  9.6051402257616726E-007  0.0000000000000000E+000
   0.0000000000000000E+000
        56256  1.3753950311589638E-006  0.0000000000000000E+000
   0.0000000000000000E+000
        56448  2.0373484008624784E-006  0.0000000000000000E+000
   0.0000000000000000E+000
        56640  3.0693612590683805E-006  0.0000000000000000E+000
   0.0000000000000000E+000
        56832  4.7142927162929330E-006  0.0000000000000000E+000
   0.0000000000000000E+000
        57024  7.3655400350604626E-006  0.0000000000000000E+000
   0.0000000000000000E+000
        57216  1.1693784894425067E-005  0.0000000000000000E+000
   0.0000000000000000E+000
        57408  1.9347697939948866E-005  0.0000000000000000E+000
   0.0000000000000000E+000
        57600  3.4274317906035248E-005  0.0000000000000000E+000
   0.0000000000000000E+000
        57792  6.2788946207614928E-005  0.0000000000000000E+000
   0.0000000000000000E+000
        57984  1.1735009663957032E-004  0.0000000000000000E+000
   0.0000000000000000E+000
        58176  2.2518628731874374E-004  0.0000000000000000E+000
   0.0000000000000000E+000
        58368  4.1519092261997344E-004  0.0000000000000000E+000
   0.0000000000000000E+000
        58560  7.1245908406370362E-004  0.0000000000000000E+000
   0.0000000000000000E+000
        58752  1.0707774776943372E-003  0.0000000000000000E+000
   0.0000000000000000E+000
        58944  1.3587137197657272E-003  0.0000000000000000E+000
   0.0000000000000000E+000
        59136  1.1314630573411681E-003  0.0000000000000000E+000
   0.0000000000000000E+000
        59328  2.2894385900703297E-004  0.0000000000000000E+000
   0.0000000000000000E+000
        59520  1.5722649514900502E-004  0.0000000000000000E+000
   0.0000000000000000E+000
        59712  1.1892258158549676E-004  0.0000000000000000E+000
   0.0000000000000000E+000
        59904  9.4220482834531664E-005  0.0000000000000000E+000
   0.0000000000000000E+000
        60096  9.3308138397512033E-005  0.0000000000000000E+000
   0.0000000000000000E+000
        60288  9.8965974201084385E-005  0.0000000000000000E+000
   0.0000000000000000E+000
        60480  1.0186931848091630E-004  0.0000000000000000E+000
   0.0000000000000000E+000
        60672  1.0247228598338940E-004  0.0000000000000000E+000
   0.0000000000000000E+000
        60864  1.0286515178378264E-004  0.0000000000000000E+000
   0.0000000000000000E+000
        61056  1.0236755052903987E-004  0.0000000000000000E+000
   0.0000000000000000E+000
        61248  1.0090088864028851E-004  0.0000000000000000E+000
   0.0000000000000000E+000
        61440  1.0142657242765377E-004  0.0000000000000000E+000
   0.0000000000000000E+000
        61632  1.0776017483363628E-004  0.0000000000000000E+000
   0.0000000000000000E+000
        61824  1.2373942338047631E-004  0.0000000000000000E+000
   0.0000000000000000E+000
        62016  1.5414691694668706E-004  0.0000000000000000E+000
   0.0000000000000000E+000
        62208  2.0265128426461682E-004  0.0000000000000000E+000
   0.0000000000000000E+000
        62400  2.6999434443350018E-004  0.0000000000000000E+000
   0.0000000000000000E+000
        62592  3.5718728415705988E-004  0.0000000000000000E+000
   0.0000000000000000E+000
        62784  4.3502208302821378E-004  0.0000000000000000E+000
   0.0000000000000000E+000
        62976  4.5827356420388097E-004  0.0000000000000000E+000
   0.0000000000000000E+000
        63168  4.1936415931903494E-004  0.0000000000000000E+000
   0.0000000000000000E+000
        63360  3.5765557637383610E-004  0.0000000000000000E+000
   0.0000000000000000E+000
        63552  2.7559070612044893E-004  0.0000000000000000E+000
   0.0000000000000000E+000
        63744  2.0771217266093769E-004  0.0000000000000000E+000
   0.0000000000000000E+000
        63936  1.6532034641529028E-004  0.0000000000000000E+000
   0.0000000000000000E+000
        64128  1.3915063626242002E-004  0.0000000000000000E+000
   0.0000000000000000E+000
        64320  1.2158555209002498E-004  0.0000000000000000E+000
   0.0000000000000000E+000
        64512  1.0919238521841180E-004  0.0000000000000000E+000
   0.0000000000000000E+000
        64704  1.0018803387141573E-004  0.0000000000000000E+000
   0.0000000000000000E+000
        64896  9.3834725149140641E-005  0.0000000000000000E+000
   0.0000000000000000E+000
        65088  8.9735840876612203E-005  0.0000000000000000E+000
   0.0000000000000000E+000
        65280  8.7370025460499173E-005  0.0000000000000000E+000
   0.0000000000000000E+000
        65472  8.6731098030974797E-005  0.0000000000000000E+000
   0.0000000000000000E+000
        65664  8.7768377397449735E-005  0.0000000000000000E+000
   0.0000000000000000E+000
        65856  9.0491115051107257E-005  0.0000000000000000E+000
   0.0000000000000000E+000
        66048  9.8302395984979190E-005  0.0000000000000000E+000
   0.0000000000000000E+000
        66240  1.1653049998281751E-004  0.0000000000000000E+000
   0.0000000000000000E+000
        66432  1.4448145311601545E-004  0.0000000000000000E+000
   0.0000000000000000E+000
        66624  1.8574996475870356E-004  0.0000000000000000E+000
   0.0000000000000000E+000
        66816  2.5590641448142496E-004  0.0000000000000000E+000
   0.0000000000000000E+000
        67008  3.6182747497051301E-004  0.0000000000000000E+000
   0.0000000000000000E+000
        67200  5.2756208017316810E-004  0.0000000000000000E+000
   0.0000000000000000E+000
        67392  7.7832330226565904E-004  0.0000000000000000E+000
   0.0000000000000000E+000
        67584  1.0448759572951394E-003  0.0000000000000000E+000
   0.0000000000000000E+000
        67776  1.0421121021355307E-003  0.0000000000000000E+000
   0.0000000000000000E+000
        67968  6.1164814275451633E-004  0.0000000000000000E+000
   0.0000000000000000E+000
        68160  3.3940965806733309E-004  0.0000000000000000E+000
   0.0000000000000000E+000
        68352  2.6479937498267737E-004  0.0000000000000000E+000
   0.0000000000000000E+000
        68544  2.3802328447436469E-004  0.0000000000000000E+000
   0.0000000000000000E+000
        68736  2.2396843698904056E-004  0.0000000000000000E+000
   0.0000000000000000E+000
        68928  2.1912218409526167E-004  0.0000000000000000E+000
   0.0000000000000000E+000
        69120  2.1689532147604052E-004  0.0000000000000000E+000
   0.0000000000000000E+000
        69312  2.1379596009999343E-004  0.0000000000000000E+000
   0.0000000000000000E+000
        69504  2.0609827793518744E-004  0.0000000000000000E+000
   0.0000000000000000E+000
        69696  1.9042473701164691E-004  0.0000000000000000E+000
   0.0000000000000000E+000
        69888  1.7130689244608408E-004  0.0000000000000000E+000
   0.0000000000000000E+000
        70080  1.5665956744667815E-004  0.0000000000000000E+000
   0.0000000000000000E+000
        70272  1.5071678824418543E-004  0.0000000000000000E+000
   0.0000000000000000E+000
        70464  1.5603997706640512E-004  0.0000000000000000E+000
   0.0000000000000000E+000
        70656  1.7690481597990769E-004  0.0000000000000000E+000
   0.0000000000000000E+000
        70848  2.1783720871261381E-004  0.0000000000000000E+000
   0.0000000000000000E+000
        71040  2.7962927141413383E-004  0.0000000000000000E+000
   0.0000000000000000E+000
        71232  3.5115690990293900E-004  0.0000000000000000E+000
   0.0000000000000000E+000
        71424  3.8605134093326198E-004  0.0000000000000000E+000
   0.0000000000000000E+000
        71616  3.3264515913703489E-004  0.0000000000000000E+000
   0.0000000000000000E+000
        71808  1.8308402146798169E-004  0.0000000000000000E+000
   0.0000000000000000E+000
        72000  8.5805418167562978E-005  0.0000000000000000E+000
   0.0000000000000000E+000
        72192  4.9757058572775087E-005  0.0000000000000000E+000
   0.0000000000000000E+000
        72384  3.5596074615431404E-005  0.0000000000000000E+000
   0.0000000000000000E+000
        72576  2.8678724903224028E-005  0.0000000000000000E+000
   0.0000000000000000E+000
        72768  2.4906714281183369E-005  0.0000000000000000E+000
   0.0000000000000000E+000
        72960  2.2845843483965226E-005  0.0000000000000000E+000
   0.0000000000000000E+000
        73152  2.1935484027937444E-005  0.0000000000000000E+000
   0.0000000000000000E+000
        73344  2.1907057584295648E-005  0.0000000000000000E+000
   0.0000000000000000E+000
        73536  2.2716842535243346E-005  0.0000000000000000E+000
   0.0000000000000000E+000
        73728  2.4330047473883764E-005  0.0000000000000000E+000
   0.0000000000000000E+000
        73920  2.6788850958818823E-005  0.0000000000000000E+000
   0.0000000000000000E+000
        74112  3.0397586909108299E-005  0.0000000000000000E+000
   0.0000000000000000E+000
        74304  3.5554070455497304E-005  0.0000000000000000E+000
   0.0000000000000000E+000
        74496  4.2727027122328566E-005  0.0000000000000000E+000
   0.0000000000000000E+000
        74688  5.4587141493546478E-005  0.0000000000000000E+000
   0.0000000000000000E+000
        74880  7.6387406859154940E-005  0.0000000000000000E+000
   0.0000000000000000E+000
        75072  1.1199871174154926E-004  0.0000000000000000E+000
   0.0000000000000000E+000
        75264  1.6889604070886033E-004  0.0000000000000000E+000
   0.0000000000000000E+000
        75456  2.6440495912918177E-004  0.0000000000000000E+000
   0.0000000000000000E+000
        75648  4.0367220833630838E-004  0.0000000000000000E+000
   0.0000000000000000E+000
        75840  5.9425981812987806E-004  0.0000000000000000E+000
   0.0000000000000000E+000
        76032  8.5669623354116752E-004  0.0000000000000000E+000
   0.0000000000000000E+000
        76224  9.6074454892153857E-004  0.0000000000000000E+000
   0.0000000000000000E+000
        76416  6.8147170188784072E-004  0.0000000000000000E+000
   0.0000000000000000E+000
        76608  5.4317395220809307E-004  0.0000000000000000E+000
   0.0000000000000000E+000
        76800  5.7979419317091027E-004  0.0000000000000000E+000
   0.0000000000000000E+000
        76992  6.6093972549953635E-004  0.0000000000000000E+000
   0.0000000000000000E+000
        77184  7.6040369719286994E-004  0.0000000000000000E+000
   0.0000000000000000E+000
        77376  8.2119721165910210E-004  0.0000000000000000E+000
   0.0000000000000000E+000
        77568  7.3376865263171623E-004  0.0000000000000000E+000
   0.0000000000000000E+000
        77760  5.0043785397331812E-004  0.0000000000000000E+000
   0.0000000000000000E+000
        77952  3.1209536411596646E-004  0.0000000000000000E+000
   0.0000000000000000E+000
        78144  2.1810845429580243E-004  0.0000000000000000E+000
   0.0000000000000000E+000
        78336  1.6641744786860606E-004  0.0000000000000000E+000
   0.0000000000000000E+000
        78528  1.3235941835128674E-004  0.0000000000000000E+000
   0.0000000000000000E+000
        78720  1.1045122415796749E-004  0.0000000000000000E+000
   0.0000000000000000E+000
        78912  9.7330225302312510E-005  0.0000000000000000E+000
   0.0000000000000000E+000
        79104  8.9987995954365153E-005  0.0000000000000000E+000
   0.0000000000000000E+000
        79296  8.6834107609676340E-005  0.0000000000000000E+000
   0.0000000000000000E+000
        79488  8.7124365096659219E-005  0.0000000000000000E+000
   0.0000000000000000E+000
        79680  9.1528150738013578E-005  0.0000000000000000E+000
   0.0000000000000000E+000
        79872  1.0494578915824489E-004  0.0000000000000000E+000
   0.0000000000000000E+000
        80064  1.2675393825005858E-004  0.0000000000000000E+000
   0.0000000000000000E+000
        80256  1.5413109030068664E-004  0.0000000000000000E+000
   0.0000000000000000E+000
        80448  1.8717506850750984E-004  0.0000000000000000E+000
   0.0000000000000000E+000
        80640  2.3376736986675220E-004  0.0000000000000000E+000
   0.0000000000000000E+000
        80832  2.7658124437738581E-004  0.0000000000000000E+000
   0.0000000000000000E+000
        81024  2.9255599608900149E-004  0.0000000000000000E+000
   0.0000000000000000E+000
        81216  2.4943588498758696E-004  0.0000000000000000E+000
   0.0000000000000000E+000
        81408  1.4877603531754884E-004  0.0000000000000000E+000
   0.0000000000000000E+000
        81600  7.2721724282561102E-005  0.0000000000000000E+000
   0.0000000000000000E+000
        81792  4.1517003779578195E-005  0.0000000000000000E+000
   0.0000000000000000E+000
        81984  2.8930609904754755E-005  0.0000000000000000E+000
   0.0000000000000000E+000
        82176  2.2879303355006065E-005  0.0000000000000000E+000
   0.0000000000000000E+000
        82368  1.9485500746823127E-005  0.0000000000000000E+000
   0.0000000000000000E+000
        82560  1.7859424056765508E-005  0.0000000000000000E+000
   0.0000000000000000E+000
        82752  1.7552411297176493E-005  0.0000000000000000E+000
   0.0000000000000000E+000
        82944  1.8417505259088918E-005  0.0000000000000000E+000
   0.0000000000000000E+000
        83136  2.0518246661752102E-005  0.0000000000000000E+000
   0.0000000000000000E+000
        83328  2.4859059898481049E-005  0.0000000000000000E+000
   0.0000000000000000E+000
        83520  3.3750988308873535E-005  0.0000000000000000E+000
   0.0000000000000000E+000
        83712  4.9029113551256852E-005  0.0000000000000000E+000
   0.0000000000000000E+000
        83904  7.4869826466289588E-005  0.0000000000000000E+000
   0.0000000000000000E+000
        84096  1.2115529598424616E-004  0.0000000000000000E+000
   0.0000000000000000E+000
        84288  1.9616593171448493E-004  0.0000000000000000E+000
   0.0000000000000000E+000
        84480  3.0606331207303373E-004  0.0000000000000000E+000
   0.0000000000000000E+000
        84672  4.3888499968222221E-004  0.0000000000000000E+000
   0.0000000000000000E+000
        84864  5.6754297700822246E-004  0.0000000000000000E+000
   0.0000000000000000E+000
        85056  6.1660187209129191E-004  0.0000000000000000E+000
   0.0000000000000000E+000
        85248  4.3967538291032128E-004  0.0000000000000000E+000
   0.0000000000000000E+000
        85440  3.1903626625846121E-004  0.0000000000000000E+000
   0.0000000000000000E+000
        85632  3.1588871271057552E-004  0.0000000000000000E+000
   0.0000000000000000E+000
        85824  3.5561301038163290E-004  0.0000000000000000E+000
   0.0000000000000000E+000
        86016  4.3371814775772298E-004  0.0000000000000000E+000
   0.0000000000000000E+000
        86208  5.7098728574728967E-004  0.0000000000000000E+000
   0.0000000000000000E+000
        86400  7.9875924253677876E-004  0.0000000000000000E+000
   0.0000000000000000E+000
        86592  1.1416175266103093E-003  0.0000000000000000E+000
   0.0000000000000000E+000
        86784  1.5297378975662954E-003  0.0000000000000000E+000
   0.0000000000000000E+000
        86976  1.6266097232469879E-003  0.0000000000000000E+000
   0.0000000000000000E+000
        87168  8.1399076112696398E-004  0.0000000000000000E+000
   0.0000000000000000E+000
        87360  2.0390519162804841E-004  0.0000000000000000E+000
   0.0000000000000000E+000
        87552  1.1963700587010676E-004  0.0000000000000000E+000
   0.0000000000000000E+000
        87744  8.2095521753305619E-005  0.0000000000000000E+000
   0.0000000000000000E+000
        87936  5.4676639727633046E-005  0.0000000000000000E+000
   0.0000000000000000E+000
        88128  3.5337890598851777E-005  0.0000000000000000E+000
   0.0000000000000000E+000
        88320  2.2578086625235024E-005  0.0000000000000000E+000
   0.0000000000000000E+000
        88512  1.5216171342620251E-005  0.0000000000000000E+000
   0.0000000000000000E+000
        88704  1.0784199570027310E-005  0.0000000000000000E+000
   0.0000000000000000E+000
        88896  8.2012929310727394E-006  0.0000000000000000E+000
   0.0000000000000000E+000
        89088  6.9963318377671497E-006  0.0000000000000000E+000
   0.0000000000000000E+000
        89280  7.3311016437803131E-006  0.0000000000000000E+000
   0.0000000000000000E+000
        89472  8.7585795169352854E-006  0.0000000000000000E+000
   0.0000000000000000E+000
        89664  1.1592301343337233E-005  0.0000000000000000E+000
   0.0000000000000000E+000
        89856  1.6524209287325131E-005  0.0000000000000000E+000
   0.0000000000000000E+000
        90048  2.4735611723355957E-005  0.0000000000000000E+000
   0.0000000000000000E+000
        90240  3.8054802771798328E-005  0.0000000000000000E+000
   0.0000000000000000E+000
        90432  5.9238981264732465E-005  0.0000000000000000E+000
   0.0000000000000000E+000
        90624  9.1859590048800065E-005  0.0000000000000000E+000
   0.0000000000000000E+000
        90816  1.3643492883727860E-004  0.0000000000000000E+000
   0.0000000000000000E+000
        91008  1.9315141030124995E-004  0.0000000000000000E+000
   0.0000000000000000E+000
        91200  2.6082659987856043E-004  0.0000000000000000E+000
   0.0000000000000000E+000
        91392  3.3701181922907869E-004  0.0000000000000000E+000
   0.0000000000000000E+000
        91584  4.0612472693043545E-004  0.0000000000000000E+000
   0.0000000000000000E+000
        91776  4.3324091072354990E-004  0.0000000000000000E+000
   0.0000000000000000E+000
        91968  3.5062695118513227E-004  0.0000000000000000E+000
   0.0000000000000000E+000
        92160  1.5603367074352404E-004  0.0000000000000000E+000
   0.0000000000000000E+000
        92352  6.5721158329121437E-005  0.0000000000000000E+000
   0.0000000000000000E+000
        92544  4.3423276784706958E-005  0.0000000000000000E+000
   0.0000000000000000E+000
        92736  3.7335842287367871E-005  0.0000000000000000E+000
   0.0000000000000000E+000
        92928  3.7143202086354683E-005  0.0000000000000000E+000
   0.0000000000000000E+000
        93120  4.0928433932670109E-005  0.0000000000000000E+000
   0.0000000000000000E+000
        93312  4.8718452598350078E-005  0.0000000000000000E+000
   0.0000000000000000E+000
        93504  6.0107372512395244E-005  0.0000000000000000E+000
   0.0000000000000000E+000
        93696  7.7981534707825446E-005  0.0000000000000000E+000
   0.0000000000000000E+000
        93888  1.0546712489029811E-004  0.0000000000000000E+000
   0.0000000000000000E+000
        94080  1.4539415375604950E-004  0.0000000000000000E+000
   0.0000000000000000E+000
        94272  1.9888498262588935E-004  0.0000000000000000E+000
   0.0000000000000000E+000
        94464  2.6379079522297462E-004  0.0000000000000000E+000
   0.0000000000000000E+000
        94656  3.2924839718974407E-004  0.0000000000000000E+000
   0.0000000000000000E+000
        94848  3.7359475784688642E-004  0.0000000000000000E+000
   0.0000000000000000E+000
        95040  3.7177654843112000E-004  0.0000000000000000E+000
   0.0000000000000000E+000
        95232  3.2638613773770315E-004  0.0000000000000000E+000
   0.0000000000000000E+000
        95424  2.6606282614711460E-004  0.0000000000000000E+000
   0.0000000000000000E+000
        95616  2.0907916806853598E-004  0.0000000000000000E+000
   0.0000000000000000E+000
        95808  1.6431388197993816E-004  0.0000000000000000E+000
   0.0000000000000000E+000
        96000  1.3316724247424365E-004  0.0000000000000000E+000
   0.0000000000000000E+000
        96192  1.1396062156263986E-004  0.0000000000000000E+000
   0.0000000000000000E+000
        96384  1.0446998608201423E-004  0.0000000000000000E+000
   0.0000000000000000E+000
        96576  1.0311287482009204E-004  0.0000000000000000E+000
   0.0000000000000000E+000
        96768  1.0772954361966941E-004  0.0000000000000000E+000
   0.0000000000000000E+000
        96960  1.1538450861704642E-004  0.0000000000000000E+000
   0.0000000000000000E+000
        97152  1.2525599587608351E-004  0.0000000000000000E+000
   0.0000000000000000E+000
        97344  1.3168645743597403E-004  0.0000000000000000E+000
   0.0000000000000000E+000
        97536  1.2953442628158373E-004  0.0000000000000000E+000
   0.0000000000000000E+000
        97728  1.2201750460062518E-004  0.0000000000000000E+000
   0.0000000000000000E+000
        97920  1.1942820451558629E-004  0.0000000000000000E+000
   0.0000000000000000E+000
        98112  1.1706215785156988E-004  0.0000000000000000E+000
   0.0000000000000000E+000
        98304  1.1490808178795205E-004  0.0000000000000000E+000
   0.0000000000000000E+000
        98496  1.1347847168004032E-004  0.0000000000000000E+000
   0.0000000000000000E+000
        98688  1.1299869746277901E-004  0.0000000000000000E+000
   0.0000000000000000E+000
        98880  1.1326486757879264E-004  0.0000000000000000E+000
   0.0000000000000000E+000
        99072  1.1420206129678444E-004  0.0000000000000000E+000
   0.0000000000000000E+000
        99264  1.1552880895540376E-004  0.0000000000000000E+000
   0.0000000000000000E+000
        99456  1.1581558778622306E-004  0.0000000000000000E+000
   0.0000000000000000E+000
        99648  1.1626600615255828E-004  0.0000000000000000E+000
   0.0000000000000000E+000
        99840  1.1739401632753113E-004  0.0000000000000000E+000
   0.0000000000000000E+000
       100032  1.1995325328334283E-004  0.0000000000000000E+000
   0.0000000000000000E+000
       100224  1.2391624240814430E-004  0.0000000000000000E+000
   0.0000000000000000E+000
       100416  1.2896280988923433E-004  0.0000000000000000E+000
   0.0000000000000000E+000
       100608  1.3857648247397314E-004  0.0000000000000000E+000
   0.0000000000000000E+000
       100800  1.5822461436694709E-004  0.0000000000000000E+000
   0.0000000000000000E+000
       100992  1.8436903929217488E-004  0.0000000000000000E+000
   0.0000000000000000E+000
       101184  2.1128375267509623E-004  0.0000000000000000E+000
   0.0000000000000000E+000
       101376  2.3766945084644319E-004  0.0000000000000000E+000
   0.0000000000000000E+000
       101568  2.6179964248359866E-004  0.0000000000000000E+000
   0.0000000000000000E+000
       101760  2.9300620997167298E-004  0.0000000000000000E+000
   0.0000000000000000E+000
       101952  3.3261177688836545E-004  0.0000000000000000E+000
   0.0000000000000000E+000
       102144  4.0579485755630668E-004  0.0000000000000000E+000
   0.0000000000000000E+000
       102336  5.5065157130469592E-004  0.0000000000000000E+000
   0.0000000000000000E+000
       102528  8.0855595915054748E-004  0.0000000000000000E+000
   0.0000000000000000E+000
       102720  1.2048055981724105E-003  0.0000000000000000E+000
   0.0000000000000000E+000
       102912  1.6846844459218102E-003  0.0000000000000000E+000
   0.0000000000000000E+000
       103104  2.1358729070472004E-003  0.0000000000000000E+000
   0.0000000000000000E+000
       103296  2.2481092909232944E-003  0.0000000000000000E+000
   0.0000000000000000E+000
       103488  1.0220569889227956E-003  0.0000000000000000E+000
   0.0000000000000000E+000
       103680  5.6476073698008469E-004  0.0000000000000000E+000
   0.0000000000000000E+000
       103872  4.3271213929596905E-004  0.0000000000000000E+000
   0.0000000000000000E+000
       104064  3.1705956124474319E-004  0.0000000000000000E+000
   0.0000000000000000E+000
       104256  2.1998094598772665E-004  0.0000000000000000E+000
   0.0000000000000000E+000
       104448  1.4605451167710458E-004  0.0000000000000000E+000
   0.0000000000000000E+000
       104640  9.8071407040617456E-005  0.0000000000000000E+000
   0.0000000000000000E+000
       104832  6.8534852509846196E-005  0.0000000000000000E+000
   0.0000000000000000E+000
       105024  5.1289429126405895E-005  0.0000000000000000E+000
   0.0000000000000000E+000
       105216  4.2381077861094152E-005  0.0000000000000000E+000
   0.0000000000000000E+000
       105408  3.9186176795010015E-005  0.0000000000000000E+000
   0.0000000000000000E+000
       105600  4.0146694528185253E-005  0.0000000000000000E+000
   0.0000000000000000E+000
       105792  4.6204071266849125E-005  0.0000000000000000E+000
   0.0000000000000000E+000
       105984  5.7114880096023927E-005  0.0000000000000000E+000
   0.0000000000000000E+000
       106176  7.2612002297107859E-005  0.0000000000000000E+000
   0.0000000000000000E+000
       106368  9.5092070835881001E-005  0.0000000000000000E+000
   0.0000000000000000E+000
       106560  1.3387258776232085E-004  0.0000000000000000E+000
   0.0000000000000000E+000
       106752  1.8940700098817311E-004  0.0000000000000000E+000
   0.0000000000000000E+000
       106944  2.5982336389435124E-004  0.0000000000000000E+000
   0.0000000000000000E+000
       107136  3.3081655202000284E-004  0.0000000000000000E+000
   0.0000000000000000E+000
       107328  3.5836090644793256E-004  0.0000000000000000E+000
   0.0000000000000000E+000
       107520  2.7193135131566059E-004  0.0000000000000000E+000
   0.0000000000000000E+000
       107712  1.2456000591518453E-004  0.0000000000000000E+000
   0.0000000000000000E+000
       107904  5.5453479254356170E-005  0.0000000000000000E+000
   0.0000000000000000E+000
       108096  3.3523312849260946E-005  0.0000000000000000E+000
   0.0000000000000000E+000
       108288  2.2303874678402620E-005  0.0000000000000000E+000
   0.0000000000000000E+000
       108480  1.6612748870476853E-005  0.0000000000000000E+000
   0.0000000000000000E+000
       108672  1.3801929950596954E-005  0.0000000000000000E+000
   0.0000000000000000E+000
       108864  1.2568884085225088E-005  0.0000000000000000E+000
   0.0000000000000000E+000
       109056  1.2428552025006353E-005  0.0000000000000000E+000
   0.0000000000000000E+000
       109248  1.3712665939324316E-005  0.0000000000000000E+000
   0.0000000000000000E+000
       109440  1.7405683660571771E-005  0.0000000000000000E+000
   0.0000000000000000E+000
       109632  2.4301370422991593E-005  0.0000000000000000E+000
   0.0000000000000000E+000
       109824  3.6698491464534860E-005  0.0000000000000000E+000
   0.0000000000000000E+000
       110016  6.0485886583334486E-005  0.0000000000000000E+000
   0.0000000000000000E+000
       110208  1.0276662105794807E-004  0.0000000000000000E+000
   0.0000000000000000E+000
       110400  1.7412873218608263E-004  0.0000000000000000E+000
   0.0000000000000000E+000
       110592  2.8367367900214836E-004  0.0000000000000000E+000
   0.0000000000000000E+000
       110784  4.3304426588299693E-004  0.0000000000000000E+000
   0.0000000000000000E+000
       110976  5.7408652389909838E-004  0.0000000000000000E+000
   0.0000000000000000E+000
       111168  5.4522009602613866E-004  0.0000000000000000E+000
   0.0000000000000000E+000
       111360  3.2519587870172327E-004  0.0000000000000000E+000
   0.0000000000000000E+000
       111552  2.0069355108462249E-004  0.0000000000000000E+000
   0.0000000000000000E+000
       111744  1.5365593966950580E-004  0.0000000000000000E+000
   0.0000000000000000E+000
       111936  1.2577848265172881E-004  0.0000000000000000E+000
   0.0000000000000000E+000
       112128  1.1673067975026548E-004  0.0000000000000000E+000
   0.0000000000000000E+000
       112320  1.1110792500061544E-004  0.0000000000000000E+000
   0.0000000000000000E+000
       112512  1.0327713626405491E-004  0.0000000000000000E+000
   0.0000000000000000E+000
       112704  9.7242183874689890E-005  0.0000000000000000E+000
   0.0000000000000000E+000
       112896  9.6585588153612088E-005  0.0000000000000000E+000
   0.0000000000000000E+000
       113088  1.0372225713162389E-004  0.0000000000000000E+000
   0.0000000000000000E+000
       113280  1.2276176049631036E-004  0.0000000000000000E+000
   0.0000000000000000E+000
       113472  1.5943912067764869E-004  0.0000000000000000E+000
   0.0000000000000000E+000
       113664  2.1944411797864403E-004  0.0000000000000000E+000
   0.0000000000000000E+000
       113856  3.0558617161530259E-004  0.0000000000000000E+000
   0.0000000000000000E+000
       114048  4.0728706187524559E-004  0.0000000000000000E+000
   0.0000000000000000E+000
       114240  4.9270133229848280E-004  0.0000000000000000E+000
   0.0000000000000000E+000
       114432  5.7086166587785219E-004  0.0000000000000000E+000
   0.0000000000000000E+000
       114624  7.0086507921341182E-004  0.0000000000000000E+000
   0.0000000000000000E+000
       114816  7.4335973385324041E-004  0.0000000000000000E+000
   0.0000000000000000E+000
       115008  6.4580209204973698E-004  0.0000000000000000E+000
   0.0000000000000000E+000
       115200  5.1004353270776186E-004  0.0000000000000000E+000
   0.0000000000000000E+000
       115392  3.6764177371340946E-004  0.0000000000000000E+000
   0.0000000000000000E+000
       115584  2.3786721020375979E-004  0.0000000000000000E+000
   0.0000000000000000E+000
       115776  1.4085534471406142E-004  0.0000000000000000E+000
   0.0000000000000000E+000
       115968  8.4584660513747919E-005  0.0000000000000000E+000
   0.0000000000000000E+000
       116160  5.4272720321351257E-005  0.0000000000000000E+000
   0.0000000000000000E+000
       116352  3.7036256489945726E-005  0.0000000000000000E+000
   0.0000000000000000E+000
       116544  2.6485761623420952E-005  0.0000000000000000E+000
   0.0000000000000000E+000
       116736  1.9955121446423449E-005  0.0000000000000000E+000
   0.0000000000000000E+000
       116928  1.5910255828270255E-005  0.0000000000000000E+000
   0.0000000000000000E+000
       117120  1.3508420036928001E-005  0.0000000000000000E+000
   0.0000000000000000E+000
       117312  1.2350943870493981E-005  0.0000000000000000E+000
   0.0000000000000000E+000
       117504  1.2257956356752091E-005  0.0000000000000000E+000
   0.0000000000000000E+000
       117696  1.3229224949560190E-005  0.0000000000000000E+000
   0.0000000000000000E+000
       117888  1.5895921305868356E-005  0.0000000000000000E+000
   0.0000000000000000E+000
       118080  2.1776635572239013E-005  0.0000000000000000E+000
   0.0000000000000000E+000
       118272  3.2360999990211556E-005  0.0000000000000000E+000
   0.0000000000000000E+000
       118464  5.1203790737175863E-005  0.0000000000000000E+000
   0.0000000000000000E+000
       118656  8.7120070074818445E-005  0.0000000000000000E+000
   0.0000000000000000E+000
       118848  1.5007309579816467E-004  0.0000000000000000E+000
   0.0000000000000000E+000
       119040  2.5385615050917674E-004  0.0000000000000000E+000
   0.0000000000000000E+000
       119232  4.0679859233966884E-004  0.0000000000000000E+000
   0.0000000000000000E+000
       119424  6.2420612359723019E-004  0.0000000000000000E+000
   0.0000000000000000E+000
       119616  9.8970134909626942E-004  0.0000000000000000E+000
   0.0000000000000000E+000
       119808  1.1625087183953524E-003  0.0000000000000000E+000
   0.0000000000000000E+000
       120000  6.6529055948854070E-004  0.0000000000000000E+000
   0.0000000000000000E+000
       120192  4.2716740834603553E-004  0.0000000000000000E+000
   0.0000000000000000E+000
       120384  4.0738660582027061E-004  0.0000000000000000E+000
   0.0000000000000000E+000
       120576  4.0480002184133720E-004  0.0000000000000000E+000
   0.0000000000000000E+000
       120768  4.1504743907036349E-004  0.0000000000000000E+000
   0.0000000000000000E+000
       120960  4.3912655652050272E-004  0.0000000000000000E+000
   0.0000000000000000E+000
       121152  4.6449143494553850E-004  0.0000000000000000E+000
   0.0000000000000000E+000
       121344  4.7687822228477682E-004  0.0000000000000000E+000
   0.0000000000000000E+000
       121536  4.5697951814741499E-004  0.0000000000000000E+000
   0.0000000000000000E+000
       121728  4.0360839476217538E-004  0.0000000000000000E+000
   0.0000000000000000E+000
       121920  3.4025199582892119E-004  0.0000000000000000E+000
   0.0000000000000000E+000
       122112  2.8718666881024448E-004  0.0000000000000000E+000
   0.0000000000000000E+000
       122304  2.4607704324758280E-004  0.0000000000000000E+000
   0.0000000000000000E+000
       122496  2.0973441968948382E-004  0.0000000000000000E+000
   0.0000000000000000E+000
       122688  1.7035481187028704E-004  0.0000000000000000E+000
   0.0000000000000000E+000
       122880  1.2861846314921047E-004  0.0000000000000000E+000
   0.0000000000000000E+000
       123072  9.5371466359847799E-005  0.0000000000000000E+000
   0.0000000000000000E+000
       123264  7.1961921445185369E-005  0.0000000000000000E+000
   0.0000000000000000E+000
       123456  5.7208734317651402E-005  0.0000000000000000E+000
   0.0000000000000000E+000
       123648  5.0639691813925612E-005  0.0000000000000000E+000
   0.0000000000000000E+000
       123840  5.3499361186862053E-005  0.0000000000000000E+000
   0.0000000000000000E+000
       124032  6.2668866592484299E-005  0.0000000000000000E+000
   0.0000000000000000E+000
       124224  7.8437151452039056E-005  0.0000000000000000E+000
   0.0000000000000000E+000
       124416  1.0203570721742295E-004  0.0000000000000000E+000
   0.0000000000000000E+000
       124608  1.3476734186295905E-004  0.0000000000000000E+000
   0.0000000000000000E+000
       124800  1.7700905526012753E-004  0.0000000000000000E+000
   0.0000000000000000E+000
       124992  2.2852625716473132E-004  0.0000000000000000E+000
   0.0000000000000000E+000
       125184  2.8639300895033366E-004  0.0000000000000000E+000
   0.0000000000000000E+000
       125376  2.9808443194357011E-004  0.0000000000000000E+000
   0.0000000000000000E+000
       125568  2.3128400110919810E-004  0.0000000000000000E+000
   0.0000000000000000E+000
       125760  1.3232540624156860E-004  0.0000000000000000E+000
   0.0000000000000000E+000
       125952  6.3972205902067725E-005  0.0000000000000000E+000
   0.0000000000000000E+000
       126144  3.2814968010041321E-005  0.0000000000000000E+000
   0.0000000000000000E+000
       126336  1.9950159448367792E-005  0.0000000000000000E+000
   0.0000000000000000E+000
       126528  1.4675281036990606E-005  0.0000000000000000E+000
   0.0000000000000000E+000
       126720  1.3203944861457608E-005  0.0000000000000000E+000
   0.0000000000000000E+000
       126912  1.3613935518518848E-005  0.0000000000000000E+000
   0.0000000000000000E+000
       127104  1.5717492963905999E-005  0.0000000000000000E+000
   0.0000000000000000E+000
       127296  2.0760307616727898E-005  0.0000000000000000E+000
   0.0000000000000000E+000
       127488  3.0103433486146839E-005  0.0000000000000000E+000
   0.0000000000000000E+000
       127680  4.5834788595564780E-005  0.0000000000000000E+000
   0.0000000000000000E+000
       127872  7.1327781445268117E-005  0.0000000000000000E+000
   0.0000000000000000E+000
       128064  1.1232883209080412E-004  0.0000000000000000E+000
   0.0000000000000000E+000
       128256  1.7596093094434561E-004  0.0000000000000000E+000
   0.0000000000000000E+000
       128448  2.6839936084839652E-004  0.0000000000000000E+000
   0.0000000000000000E+000
       128640  3.8944954844921892E-004  0.0000000000000000E+000
   0.0000000000000000E+000
       128832  5.2840549982726413E-004  0.0000000000000000E+000
   0.0000000000000000E+000
       129024  6.3459422220096156E-004  0.0000000000000000E+000
   0.0000000000000000E+000
       129216  5.6331010693188763E-004  0.0000000000000000E+000
   0.0000000000000000E+000
       129408  4.1847912986553611E-004  0.0000000000000000E+000
   0.0000000000000000E+000
       129600  3.4713460442618914E-004  0.0000000000000000E+000
   0.0000000000000000E+000
       129792  3.5631221688239845E-004  0.0000000000000000E+000
   0.0000000000000000E+000
       129984  4.2328960779980770E-004  0.0000000000000000E+000
   0.0000000000000000E+000
       130176  5.3730795002751022E-004  0.0000000000000000E+000
   0.0000000000000000E+000
       130368  7.1611587683916163E-004  0.0000000000000000E+000
   0.0000000000000000E+000
       130560  9.6434364349670871E-004  0.0000000000000000E+000
   0.0000000000000000E+000
       130752  1.2260108735875513E-003  0.0000000000000000E+000
   0.0000000000000000E+000
       130944  1.2869808673955654E-003  0.0000000000000000E+000
   0.0000000000000000E+000
       131136  6.7059957997504251E-004  0.0000000000000000E+000
   0.0000000000000000E+000
       131328  1.1976239179317615E-004  0.0000000000000000E+000
   0.0000000000000000E+000
       131520  4.8247133486935617E-005  0.0000000000000000E+000
   0.0000000000000000E+000
       131712  2.7079421339296819E-005  0.0000000000000000E+000
   0.0000000000000000E+000
       131904  1.5670303859312167E-005  0.0000000000000000E+000
   0.0000000000000000E+000
       132096  9.1668810262783145E-006  0.0000000000000000E+000
   0.0000000000000000E+000
       132288  5.6231859654081746E-006  0.0000000000000000E+000
   0.0000000000000000E+000
       132480  4.0816884541707365E-006  0.0000000000000000E+000
   0.0000000000000000E+000
       132672  3.3820607405185808E-006  0.0000000000000000E+000
   0.0000000000000000E+000
       132864  3.3086731946329722E-006  0.0000000000000000E+000
   0.0000000000000000E+000
       133056  3.8241363872734327E-006  0.0000000000000000E+000
   0.0000000000000000E+000
       133248  5.0295137589238733E-006  0.0000000000000000E+000
   0.0000000000000000E+000
       133440  7.1794287207788741E-006  0.0000000000000000E+000
   0.0000000000000000E+000
       133632  1.0747605874649554E-005  0.0000000000000000E+000
   0.0000000000000000E+000
       133824  1.6485756310340140E-005  0.0000000000000000E+000
   0.0000000000000000E+000
       134016  2.5003416222878579E-005  0.0000000000000000E+000
   0.0000000000000000E+000
       134208  3.7084173402845142E-005  0.0000000000000000E+000
   0.0000000000000000E+000
       134400  5.4369117602403043E-005  0.0000000000000000E+000
   0.0000000000000000E+000
       134592  7.9859013344453630E-005  0.0000000000000000E+000
   0.0000000000000000E+000
       134784  1.1678183349970516E-004  0.0000000000000000E+000
   0.0000000000000000E+000
       134976  1.6951972003229323E-004  0.0000000000000000E+000
   0.0000000000000000E+000
       135168  2.4578193332958472E-004  0.0000000000000000E+000
   0.0000000000000000E+000
       135360  3.5868599421979604E-004  0.0000000000000000E+000
   0.0000000000000000E+000
       135552  4.9542561508769808E-004  0.0000000000000000E+000
   0.0000000000000000E+000
       135744  6.5065170631318906E-004  0.0000000000000000E+000
   0.0000000000000000E+000
       135936  4.6895491908442613E-004  0.0000000000000000E+000
   0.0000000000000000E+000
       136128  1.1536573463570615E-004  0.0000000000000000E+000
   0.0000000000000000E+000
       136320  3.5994047232433975E-005  0.0000000000000000E+000
   0.0000000000000000E+000
       136512  2.6543148259788198E-005  0.0000000000000000E+000
   0.0000000000000000E+000
       136704  2.3275349563411816E-005  0.0000000000000000E+000
   0.0000000000000000E+000
       136896  2.4827173024981280E-005  0.0000000000000000E+000
   0.0000000000000000E+000
       137088  3.0265076695429486E-005  0.0000000000000000E+000
   0.0000000000000000E+000
       137280  4.0042895462288975E-005  0.0000000000000000E+000
   0.0000000000000000E+000
       137472  5.4974853882068181E-005  0.0000000000000000E+000
   0.0000000000000000E+000
       137664  7.7496557646961612E-005  0.0000000000000000E+000
   0.0000000000000000E+000
       137856  1.1062533482463231E-004  0.0000000000000000E+000
   0.0000000000000000E+000
       138048  1.5614917146817230E-004  0.0000000000000000E+000
   0.0000000000000000E+000
       138240  2.1157102113018058E-004  0.0000000000000000E+000
   0.0000000000000000E+000
       138432  2.7116301279665831E-004  0.0000000000000000E+000
   0.0000000000000000E+000
       138624  3.2152391202257421E-004  0.0000000000000000E+000
   0.0000000000000000E+000
       138816  3.4013648088162152E-004  0.0000000000000000E+000
   0.0000000000000000E+000
       139008  3.2024904831949987E-004  0.0000000000000000E+000
   0.0000000000000000E+000
       139200  2.9595508105768653E-004  0.0000000000000000E+000
   0.0000000000000000E+000
       139392  3.0133101447213264E-004  0.0000000000000000E+000
   0.0000000000000000E+000
       139584  3.1805669870712931E-004  0.0000000000000000E+000
   0.0000000000000000E+000
       139776  2.7908110666980817E-004  0.0000000000000000E+000
   0.0000000000000000E+000
       139968  1.6792864447777466E-004  0.0000000000000000E+000
   0.0000000000000000E+000
       140160  8.3232337059729742E-005  0.0000000000000000E+000
   0.0000000000000000E+000
       140352  5.1159991657567588E-005  0.0000000000000000E+000
   0.0000000000000000E+000
       140544  3.9293328733734154E-005  0.0000000000000000E+000
   0.0000000000000000E+000
       140736  3.2860259634247072E-005  0.0000000000000000E+000
   0.0000000000000000E+000
       140928  2.8888546264411244E-005  0.0000000000000000E+000
   0.0000000000000000E+000
       141120  2.8228561339017971E-005  0.0000000000000000E+000
   0.0000000000000000E+000
       141312  2.8793077865796805E-005  0.0000000000000000E+000
   0.0000000000000000E+000
       141504  3.0305152782345310E-005  0.0000000000000000E+000
   0.0000000000000000E+000
       141696  3.2821310134216725E-005  0.0000000000000000E+000
   0.0000000000000000E+000
       141888  3.6469661729805458E-005  0.0000000000000000E+000
   0.0000000000000000E+000
       142080  4.1376106397583199E-005  0.0000000000000000E+000
   0.0000000000000000E+000
       142272  4.7815016941008413E-005  0.0000000000000000E+000
   0.0000000000000000E+000
       142464  5.6103524570823988E-005  0.0000000000000000E+000
   0.0000000000000000E+000
       142656  6.6229852814261706E-005  0.0000000000000000E+000
   0.0000000000000000E+000
       142848  7.8234805938314820E-005  0.0000000000000000E+000
   0.0000000000000000E+000
       143040  9.2786624054343156E-005  0.0000000000000000E+000
   0.0000000000000000E+000
       143232  1.1129869750696383E-004  0.0000000000000000E+000
   0.0000000000000000E+000
       143424  1.3481882965109919E-004  0.0000000000000000E+000
   0.0000000000000000E+000
       143616  1.6446614473079321E-004  0.0000000000000000E+000
   0.0000000000000000E+000
       143808  2.0643602437345245E-004  0.0000000000000000E+000
   0.0000000000000000E+000
       144000  2.7460146813179789E-004  0.0000000000000000E+000
   0.0000000000000000E+000
       144192  3.8578234212790049E-004  0.0000000000000000E+000
   0.0000000000000000E+000
       144384  5.1568564413613353E-004  0.0000000000000000E+000
   0.0000000000000000E+000
       144576  5.2121295136304993E-004  0.0000000000000000E+000
   0.0000000000000000E+000
       144768  3.4668840131018978E-004  0.0000000000000000E+000
   0.0000000000000000E+000
       144960  2.4976649893096637E-004  0.0000000000000000E+000
   0.0000000000000000E+000
       145152  2.4473713193555100E-004  0.0000000000000000E+000
   0.0000000000000000E+000
       145344  2.8958929094998338E-004  0.0000000000000000E+000
   0.0000000000000000E+000
       145536  3.8385082974404445E-004  0.0000000000000000E+000
   0.0000000000000000E+000
       145728  5.5692359336396806E-004  0.0000000000000000E+000
   0.0000000000000000E+000
       145920  8.7061757441337479E-004  0.0000000000000000E+000
   0.0000000000000000E+000
       146112  1.3506501885858380E-003  0.0000000000000000E+000
   0.0000000000000000E+000
       146304  1.9099427806938561E-003  0.0000000000000000E+000
   0.0000000000000000E+000
       146496  2.3500977761738160E-003  0.0000000000000000E+000
   0.0000000000000000E+000
       146688  1.7162931076960286E-003  0.0000000000000000E+000
   0.0000000000000000E+000
       146880  6.2698933972616842E-004  0.0000000000000000E+000
   0.0000000000000000E+000
       147072  4.5888962218639364E-004  0.0000000000000000E+000
   0.0000000000000000E+000
       147264  3.3353757937846335E-004  0.0000000000000000E+000
   0.0000000000000000E+000
       147456  2.3341771289342821E-004  0.0000000000000000E+000
   0.0000000000000000E+000
       147648  1.5318802992145798E-004  0.0000000000000000E+000
   0.0000000000000000E+000
       147840  1.0060464774016988E-004  0.0000000000000000E+000
   0.0000000000000000E+000
       148032  6.7496706746243836E-005  0.0000000000000000E+000
   0.0000000000000000E+000
       148224  4.7606825846301776E-005  0.0000000000000000E+000
   0.0000000000000000E+000
       148416  3.6826661719000608E-005  0.0000000000000000E+000
   0.0000000000000000E+000
       148608  3.2283926936928387E-005  0.0000000000000000E+000
   0.0000000000000000E+000
       148800  3.2188232215084880E-005  0.0000000000000000E+000
   0.0000000000000000E+000
       148992  3.6778173122477575E-005  0.0000000000000000E+000
   0.0000000000000000E+000
       149184  4.5673074636071623E-005  0.0000000000000000E+000
   0.0000000000000000E+000
       149376  5.8630372092808638E-005  0.0000000000000000E+000
   0.0000000000000000E+000
       149568  7.7745861618764152E-005  0.0000000000000000E+000
   0.0000000000000000E+000
       149760  1.1130869512180482E-004  0.0000000000000000E+000
   0.0000000000000000E+000
       149952  1.6147355282401622E-004  0.0000000000000000E+000
   0.0000000000000000E+000
       150144  2.3036329135671840E-004  0.0000000000000000E+000
   0.0000000000000000E+000
       150336  3.1368819250706672E-004  0.0000000000000000E+000
   0.0000000000000000E+000
       150528  3.8797454508027624E-004  0.0000000000000000E+000
   0.0000000000000000E+000
       150720  3.8852139680175011E-004  0.0000000000000000E+000
   0.0000000000000000E+000
       150912  2.4225947199783192E-004  0.0000000000000000E+000
   0.0000000000000000E+000
       151104  9.0529978156811300E-005  0.0000000000000000E+000
   0.0000000000000000E+000
       151296  4.2228077322267956E-005  0.0000000000000000E+000
   0.0000000000000000E+000
       151488  2.3943064519254588E-005  0.0000000000000000E+000
   0.0000000000000000E+000
       151680  1.5647283085930258E-005  0.0000000000000000E+000
   0.0000000000000000E+000
       151872  1.1799875186503928E-005  0.0000000000000000E+000
   0.0000000000000000E+000
       152064  9.8877065882928777E-006  0.0000000000000000E+000
   0.0000000000000000E+000
       152256  9.0253670317978504E-006  0.0000000000000000E+000
   0.0000000000000000E+000
       152448  9.1968772785475288E-006  0.0000000000000000E+000
   0.0000000000000000E+000
       152640  1.0848878834284068E-005  0.0000000000000000E+000
   0.0000000000000000E+000
       152832  1.4196813015958492E-005  0.0000000000000000E+000
   0.0000000000000000E+000
       153024  2.0372400543258626E-005  0.0000000000000000E+000
   0.0000000000000000E+000
       153216  3.2608001700716198E-005  0.0000000000000000E+000
   0.0000000000000000E+000
       153408  5.5114749825528383E-005  0.0000000000000000E+000
   0.0000000000000000E+000
       153600  9.4803968086258950E-005  0.0000000000000000E+000
   0.0000000000000000E+000
       153792  1.6106208215686864E-004  0.0000000000000000E+000
   0.0000000000000000E+000
       153984  2.6799083234095453E-004  0.0000000000000000E+000
   0.0000000000000000E+000
       154176  4.2325126483839555E-004  0.0000000000000000E+000
   0.0000000000000000E+000
       154368  5.8964238595057535E-004  0.0000000000000000E+000
   0.0000000000000000E+000
       154560  6.1728142844007065E-004  0.0000000000000000E+000
   0.0000000000000000E+000
       154752  3.9787629418195421E-004  0.0000000000000000E+000
   0.0000000000000000E+000
       154944  2.2939446658836244E-004  0.0000000000000000E+000
   0.0000000000000000E+000
       155136  1.6824250902396898E-004  0.0000000000000000E+000
   0.0000000000000000E+000
       155328  1.3114383404956925E-004  0.0000000000000000E+000
   0.0000000000000000E+000
       155520  1.1610723401784670E-004  0.0000000000000000E+000
   0.0000000000000000E+000
       155712  1.0523001611016265E-004  0.0000000000000000E+000
   0.0000000000000000E+000
       155904  9.2150599930606119E-005  0.0000000000000000E+000
   0.0000000000000000E+000
       156096  8.0365050642499167E-005  0.0000000000000000E+000
   0.0000000000000000E+000
       156288  7.2986158139736043E-005  0.0000000000000000E+000
   0.0000000000000000E+000
       156480  7.1274327658387004E-005  0.0000000000000000E+000
   0.0000000000000000E+000
       156672  7.6221339400818391E-005  0.0000000000000000E+000
   0.0000000000000000E+000
       156864  8.9869535772084755E-005  0.0000000000000000E+000
   0.0000000000000000E+000
       157056  1.1593059108410860E-004  0.0000000000000000E+000
   0.0000000000000000E+000
       157248  1.5758358818990714E-004  0.0000000000000000E+000
   0.0000000000000000E+000
       157440  2.1455334362986927E-004  0.0000000000000000E+000
   0.0000000000000000E+000
       157632  2.8580813921530039E-004  0.0000000000000000E+000
   0.0000000000000000E+000
       157824  3.4878617459968212E-004  0.0000000000000000E+000
   0.0000000000000000E+000
       158016  3.7845572029208919E-004  0.0000000000000000E+000
   0.0000000000000000E+000
       158208  3.9476646193352627E-004  0.0000000000000000E+000
   0.0000000000000000E+000
       158400  4.3122595367507829E-004  0.0000000000000000E+000
   0.0000000000000000E+000
       158592  4.0623380449279317E-004  0.0000000000000000E+000
   0.0000000000000000E+000
       158784  3.2192761260207780E-004  0.0000000000000000E+000
   0.0000000000000000E+000
       158976  2.4799815128242857E-004  0.0000000000000000E+000
   0.0000000000000000E+000
       159168  2.0577939375604796E-004  0.0000000000000000E+000
   0.0000000000000000E+000
       159360  1.8063723562492957E-004  0.0000000000000000E+000
   0.0000000000000000E+000
       159552  1.6365649699669695E-004  0.0000000000000000E+000
   0.0000000000000000E+000
       159744  1.5102542772823794E-004  0.0000000000000000E+000
   0.0000000000000000E+000
       159936  1.3982779595542291E-004  0.0000000000000000E+000
   0.0000000000000000E+000
       160128  1.2991230161757132E-004  0.0000000000000000E+000
   0.0000000000000000E+000
       160320  1.2196891154024257E-004  0.0000000000000000E+000
   0.0000000000000000E+000
       160512  1.1601325231001211E-004  0.0000000000000000E+000
   0.0000000000000000E+000
       160704  1.1189451722053455E-004  0.0000000000000000E+000
   0.0000000000000000E+000
       160896  1.0933025618052150E-004  0.0000000000000000E+000
   0.0000000000000000E+000
       161088  1.1183167683201770E-004  0.0000000000000000E+000
   0.0000000000000000E+000
       161280  1.2466926513874003E-004  0.0000000000000000E+000
   0.0000000000000000E+000
       161472  1.4607014342975699E-004  0.0000000000000000E+000
   0.0000000000000000E+000
       161664  1.8086061940086049E-004  0.0000000000000000E+000
   0.0000000000000000E+000
       161856  2.5001912582042068E-004  0.0000000000000000E+000
   0.0000000000000000E+000
       162048  3.6634977568587293E-004  0.0000000000000000E+000
   0.0000000000000000E+000
       162240  5.5755516128884550E-004  0.0000000000000000E+000
   0.0000000000000000E+000
       162432  8.1439074276878334E-004  0.0000000000000000E+000
   0.0000000000000000E+000
       162624  1.0593287300036797E-003  0.0000000000000000E+000
   0.0000000000000000E+000
       162816  1.0029812757049203E-003  0.0000000000000000E+000
   0.0000000000000000E+000
       163008  5.2437167655791270E-004  0.0000000000000000E+000
   0.0000000000000000E+000
       163200  2.8098204959525741E-004  0.0000000000000000E+000
   0.0000000000000000E+000
       163392  2.4055393654083513E-004  0.0000000000000000E+000
   0.0000000000000000E+000
       163584  2.3369155337865004E-004  0.0000000000000000E+000
   0.0000000000000000E+000
       163776  2.2914151701923584E-004  0.0000000000000000E+000
   0.0000000000000000E+000
       163968  2.2644677121984799E-004  0.0000000000000000E+000
   0.0000000000000000E+000
       164160  2.2351052930790041E-004  0.0000000000000000E+000
   0.0000000000000000E+000
       164352  2.1725233909780908E-004  0.0000000000000000E+000
   0.0000000000000000E+000
       164544  2.0294884724283321E-004  0.0000000000000000E+000
   0.0000000000000000E+000
       164736  1.8018572083443578E-004  0.0000000000000000E+000
   0.0000000000000000E+000
       164928  1.5675126491039565E-004  0.0000000000000000E+000
   0.0000000000000000E+000
       165120  1.4090258481541836E-004  0.0000000000000000E+000
   0.0000000000000000E+000
       165312  1.3539728238142311E-004  0.0000000000000000E+000
   0.0000000000000000E+000
       165504  1.4233576805958197E-004  0.0000000000000000E+000
   0.0000000000000000E+000
       165696  1.6656026579251138E-004  0.0000000000000000E+000
   0.0000000000000000E+000
       165888  2.1435240367494908E-004  0.0000000000000000E+000
   0.0000000000000000E+000
       166080  2.8560993503479832E-004  0.0000000000000000E+000
   0.0000000000000000E+000
       166272  3.5588225831376899E-004  0.0000000000000000E+000
   0.0000000000000000E+000
       166464  3.5579157164541568E-004  0.0000000000000000E+000
   0.0000000000000000E+000
       166656  2.2588240893993872E-004  0.0000000000000000E+000
   0.0000000000000000E+000
       166848  8.2668227521296808E-005  0.0000000000000000E+000
   0.0000000000000000E+000
       167040  3.3438730296603309E-005  0.0000000000000000E+000
   0.0000000000000000E+000
       167232  1.9382132541025994E-005  0.0000000000000000E+000
   0.0000000000000000E+000
       167424  1.3998845377559914E-005  0.0000000000000000E+000
   0.0000000000000000E+000
       167616  1.1437179529206350E-005  0.0000000000000000E+000
   0.0000000000000000E+000
       167808  1.0155027532321245E-005  0.0000000000000000E+000
   0.0000000000000000E+000
       168000  9.6069171747256727E-006  0.0000000000000000E+000
   0.0000000000000000E+000
       168192  9.5969217699238995E-006  0.0000000000000000E+000
   0.0000000000000000E+000
       168384  1.0059511194305588E-005  0.0000000000000000E+000
   0.0000000000000000E+000
       168576  1.1051859344215851E-005  0.0000000000000000E+000
   0.0000000000000000E+000
       168768  1.2673905522842184E-005  0.0000000000000000E+000
   0.0000000000000000E+000
       168960  1.5050412244319229E-005  0.0000000000000000E+000
   0.0000000000000000E+000
       169152  1.8539423563203178E-005  0.0000000000000000E+000
   0.0000000000000000E+000
       169344  2.3733247888459205E-005  0.0000000000000000E+000
   0.0000000000000000E+000
       169536  3.1444322420297958E-005  0.0000000000000000E+000
   0.0000000000000000E+000
       169728  4.4057086543291524E-005  0.0000000000000000E+000
   0.0000000000000000E+000
       169920  6.7043174378807809E-005  0.0000000000000000E+000
   0.0000000000000000E+000
       170112  1.0602415825307449E-004  0.0000000000000000E+000
   0.0000000000000000E+000
       170304  1.7046446947451363E-004  0.0000000000000000E+000
   0.0000000000000000E+000
       170496  2.7878877454234576E-004  0.0000000000000000E+000
   0.0000000000000000E+000
       170688  4.3186327035172684E-004  0.0000000000000000E+000
   0.0000000000000000E+000
       170880  6.2068948066150388E-004  0.0000000000000000E+000
   0.0000000000000000E+000
       171072  7.9254170560593253E-004  0.0000000000000000E+000
   0.0000000000000000E+000
       171264  6.0836047772298992E-004  0.0000000000000000E+000
   0.0000000000000000E+000
       171456  2.9589731439817285E-004  0.0000000000000000E+000
   0.0000000000000000E+000
       171648  2.4707922783712692E-004  0.0000000000000000E+000
   0.0000000000000000E+000
       171840  2.7032035401221445E-004  0.0000000000000000E+000
   0.0000000000000000E+000
       172032  3.1909153096834110E-004  0.0000000000000000E+000
   0.0000000000000000E+000
       172224  4.0174350147271506E-004  0.0000000000000000E+000
   0.0000000000000000E+000
       172416  5.4041022267935397E-004  0.0000000000000000E+000
   0.0000000000000000E+000
       172608  7.7550941985163324E-004  0.0000000000000000E+000
   0.0000000000000000E+000
       172800  1.1383814864955565E-003  0.0000000000000000E+000
   0.0000000000000000E+000
