          192  2.3580854083865501E-004  0.0000000000000000E+000
   0.0000000000000000E+000
          384  3.9083127080439243E-004  0.0000000000000000E+000
   0.0000000000000000E+000
          576  4.8816488497733086E-004  0.0000000000000000E+000
   0.0000000000000000E+000
          768  4.6757428002120556E-004  0.0000000000000000E+000
   0.0000000000000000E+000
          960  4.5068325892886469E-004  0.0000000000000000E+000
   0.0000000000000000E+000
         1152  4.6357474226845754E-004  0.0000000000000000E+000
   0.0000000000000000E+000
         1344  4.7033672248028281E-004  0.0000000000000000E+000
   0.0000000000000000E+000
         1536  5.1293553443481331E-004  0.0000000000000000E+000
   0.0000000000000000E+000
         1728  6.1568391980806685E-004  0.0000000000000000E+000
   0.0000000000000000E+000
         1920  7.1172045244070198E-004  0.0000000000000000E+000
   0.0000000000000000E+000
         2112  6.1784881644852104E-004  0.0000000000000000E+000
   0.0000000000000000E+000
         2304  4.5268680434401554E-004  0.0000000000000000E+000
   0.0000000000000000E+000
         2496  3.4228652464919949E-004  0.0000000000000000E+000
   0.0000000000000000E+000
         2688  2.7410823023032635E-004  0.0000000000000000E+000
   0.0000000000000000E+000
         2880  2.6000058836116039E-004  0.0000000000000000E+000
   0.0000000000000000E+000
         3072  2.8847618669684372E-004  0.0000000000000000E+000
   0.0000000000000000E+000
         3264  3.3251030699885245E-004  0.0000000000000000E+000
   0.0000000000000000E+000
         3456  3.5583274671885330E-004  0.0000000000000000E+000
   0.0000000000000000E+000
         3648  3.5215516713911921E-004  0.0000000000000000E+000
   0.0000000000000000E+000
         3840  3.4690100577937214E-004  0.0000000000000000E+000
   0.0000000000000000E+000
         4032  3.5473240285237138E-004  0.0000000000000000E+000
   0.0000000000000000E+000
         4224  3.8609179610397715E-004  0.0000000000000000E+000
   0.0000000000000000E+000
         4416  4.4902855087342573E-004  0.0000000000000000E+000
   0.0000000000000000E+000
         4608  5.1716554592535092E-004  0.0000000000000000E+000
   0.0000000000000000E+000
         4800  5.6911138957735927E-004  0.0000000000000000E+000
   0.0000000000000000E+000
         4992  5.6446975047056574E-004  0.0000000000000000E+000
   0.0000000000000000E+000
         5184  5.3047179705341982E-004  0.0000000000000000E+000
   0.0000000000000000E+000
         5376  5.0374704637679674E-004  0.0000000000000000E+000
   0.0000000000000000E+000
         5568  4.8735963966742518E-004  0.0000000000000000E+000
   0.0000000000000000E+000
         5760  4.8462069711159599E-004  0.0000000000000000E+000
   0.0000000000000000E+000
         5952  4.8790836138185375E-004  0.0000000000000000E+000
   0.0000000000000000E+000
         6144  4.8802632116542967E-004  0.0000000000000000E+000
   0.0000000000000000E+000
         6336  4.7766537549282000E-004  0.0000000000000000E+000
   0.0000000000000000E+000
         6528  4.5190404454744255E-004  0.0000000000000000E+000
   0.0000000000000000E+000
         6720  4.1576439350019662E-004  0.0000000000000000E+000
   0.0000000000000000E+000
         6912  3.7515257942281926E-004  0.0000000000000000E+000
   0.0000000000000000E+000
         7104  3.5138959351193759E-004  0.0000000000000000E+000
   0.0000000000000000E+000
         7296  3.4755107600949501E-004  0.0000000000000000E+000
   0.0000000000000000E+000
         7488  3.5077857131233787E-004  0.0000000000000000E+000
   0.0000000000000000E+000
         7680  3.5544574548741114E-004  0.0000000000000000E+000
   0.0000000000000000E+000
         7872  3.6794610588512886E-004  0.0000000000000000E+000
   0.0000000000000000E+000
         8064  3.8822130576818194E-004  0.0000000000000000E+000
   0.0000000000000000E+000
         8256  4.1699688322311123E-004  0.0000000000000000E+000
   0.0000000000000000E+000
         8448  4.1883453801586182E-004  0.0000000000000000E+000
   0.0000000000000000E+000
         8640  4.6061051723094381E-004  0.0000000000000000E+000
   0.0000000000000000E+000
         8832  5.3288377526255527E-004  0.0000000000000000E+000
   0.0000000000000000E+000
         9024  6.2318406300743362E-004  0.0000000000000000E+000
   0.0000000000000000E+000
         9216  6.8362337564249829E-004  0.0000000000000000E+000
   0.0000000000000000E+000
         9408  6.9421677022837717E-004  0.0000000000000000E+000
   0.0000000000000000E+000
         9600  6.9509837646701685E-004  0.0000000000000000E+000
   0.0000000000000000E+000
         9792  6.8329859133742742E-004  0.0000000000000000E+000
   0.0000000000000000E+000
         9984  7.1485216326057951E-004  0.0000000000000000E+000
   0.0000000000000000E+000
        10176  7.6594584099777389E-004  0.0000000000000000E+000
   0.0000000000000000E+000
        10368  8.4423335692038030E-004  0.0000000000000000E+000
   0.0000000000000000E+000
        10560  9.3191712788899918E-004  0.0000000000000000E+000
   0.0000000000000000E+000
        10752  8.1426760164016621E-004  0.0000000000000000E+000
   0.0000000000000000E+000
        10944  5.6480356177416669E-004  0.0000000000000000E+000
   0.0000000000000000E+000
        11136  4.8772366625824971E-004  0.0000000000000000E+000
   0.0000000000000000E+000
        11328  4.2122808632347452E-004  0.0000000000000000E+000
   0.0000000000000000E+000
        11520  4.0863687491624864E-004  0.0000000000000000E+000
   0.0000000000000000E+000
        11712  4.2556148199141615E-004  0.0000000000000000E+000
   0.0000000000000000E+000
        11904  4.2486165073957085E-004  0.0000000000000000E+000
   0.0000000000000000E+000
        12096  4.1975801366293857E-004  0.0000000000000000E+000
   0.0000000000000000E+000
        12288  4.3028705966027071E-004  0.0000000000000000E+000
   0.0000000000000000E+000
        12480  4.3976038798193687E-004  0.0000000000000000E+000
   0.0000000000000000E+000
        12672  4.3735188479078604E-004  0.0000000000000000E+000
   0.0000000000000000E+000
        12864  4.4175206284748140E-004  0.0000000000000000E+000
   0.0000000000000000E+000
        13056  4.7906371978676145E-004  0.0000000000000000E+000
   0.0000000000000000E+000
        13248  5.2996942040773622E-004  0.0000000000000000E+000
   0.0000000000000000E+000
        13440  5.7834156671607252E-004  0.0000000000000000E+000
   0.0000000000000000E+000
        13632  5.8249215724574636E-004  0.0000000000000000E+000
   0.0000000000000000E+000
        13824  5.5618395567093629E-004  0.0000000000000000E+000
   0.0000000000000000E+000
        14016  5.4334879782396393E-004  0.0000000000000000E+000
   0.0000000000000000E+000
        14208  5.4388927842128482E-004  0.0000000000000000E+000
   0.0000000000000000E+000
        14400  5.4676178351695736E-004  0.0000000000000000E+000
   0.0000000000000000E+000
        14592  5.3897637368345629E-004  0.0000000000000000E+000
   0.0000000000000000E+000
        14784  5.2213770299036567E-004  0.0000000000000000E+000
   0.0000000000000000E+000
        14976  4.9752130862278305E-004  0.0000000000000000E+000
   0.0000000000000000E+000
        15168  4.6165292450996707E-004  0.0000000000000000E+000
   0.0000000000000000E+000
        15360  4.2262483259491952E-004  0.0000000000000000E+000
   0.0000000000000000E+000
        15552  3.8791755200497774E-004  0.0000000000000000E+000
   0.0000000000000000E+000
        15744  3.6367259464753157E-004  0.0000000000000000E+000
   0.0000000000000000E+000
        15936  3.5581058809861779E-004  0.0000000000000000E+000
   0.0000000000000000E+000
        16128  3.5747294699431143E-004  0.0000000000000000E+000
   0.0000000000000000E+000
        16320  3.6581763552402164E-004  0.0000000000000000E+000
   0.0000000000000000E+000
        16512  3.9266214818166220E-004  0.0000000000000000E+000
   0.0000000000000000E+000
        16704  4.1816596940221759E-004  0.0000000000000000E+000
   0.0000000000000000E+000
        16896  4.5689480569356981E-004  0.0000000000000000E+000
   0.0000000000000000E+000
        17088  4.4853007688827048E-004  0.0000000000000000E+000
   0.0000000000000000E+000
        17280  5.0376403966632813E-004  0.0000000000000000E+000
   0.0000000000000000E+000
        17472  5.8982669016408474E-004  0.0000000000000000E+000
   0.0000000000000000E+000
        17664  6.7425287431302765E-004  0.0000000000000000E+000
   0.0000000000000000E+000
        17856  7.4203629969522248E-004  0.0000000000000000E+000
   0.0000000000000000E+000
        18048  7.9023044108373405E-004  0.0000000000000000E+000
   0.0000000000000000E+000
        18240  8.0098554237394799E-004  0.0000000000000000E+000
   0.0000000000000000E+000
        18432  8.1056670818482033E-004  0.0000000000000000E+000
   0.0000000000000000E+000
        18624  8.7873194647119287E-004  0.0000000000000000E+000
   0.0000000000000000E+000
        18816  9.8723229916947109E-004  0.0000000000000000E+000
   0.0000000000000000E+000
        19008  1.0679884612259055E-003  0.0000000000000000E+000
   0.0000000000000000E+000
        19200  1.0949432581625969E-003  0.0000000000000000E+000
   0.0000000000000000E+000
        19392  8.9147126245379038E-004  0.0000000000000000E+000
   0.0000000000000000E+000
        19584  5.6723433238099763E-004  0.0000000000000000E+000
   0.0000000000000000E+000
        19776  4.7249411410413950E-004  0.0000000000000000E+000
   0.0000000000000000E+000
        19968  4.1782139258811254E-004  0.0000000000000000E+000
   0.0000000000000000E+000
        20160  4.0845305330443170E-004  0.0000000000000000E+000
   0.0000000000000000E+000
        20352  4.2439910299250282E-004  0.0000000000000000E+000
   0.0000000000000000E+000
        20544  4.3409677955135752E-004  0.0000000000000000E+000
   0.0000000000000000E+000
        20736  4.2777196041079594E-004  0.0000000000000000E+000
   0.0000000000000000E+000
        20928  4.3194249525557293E-004  0.0000000000000000E+000
   0.0000000000000000E+000
        21120  4.4041456701718600E-004  0.0000000000000000E+000
   0.0000000000000000E+000
        21312  4.4380017202544743E-004  0.0000000000000000E+000
   0.0000000000000000E+000
        21504  4.5309284478915231E-004  0.0000000000000000E+000
   0.0000000000000000E+000
        21696  4.8965091415884194E-004  0.0000000000000000E+000
   0.0000000000000000E+000
        21888  5.3871873412989543E-004  0.0000000000000000E+000
   0.0000000000000000E+000
        22080  5.8405565385367996E-004  0.0000000000000000E+000
   0.0000000000000000E+000
        22272  5.8489133008709647E-004  0.0000000000000000E+000
   0.0000000000000000E+000
        22464  5.6470174159615365E-004  0.0000000000000000E+000
   0.0000000000000000E+000
        22656  5.6157248939088088E-004  0.0000000000000000E+000
   0.0000000000000000E+000
        22848  5.6919661228627670E-004  0.0000000000000000E+000
   0.0000000000000000E+000
        23040  5.6996340869822049E-004  0.0000000000000000E+000
   0.0000000000000000E+000
        23232  5.5656346533627856E-004  0.0000000000000000E+000
   0.0000000000000000E+000
        23424  5.3336836662841826E-004  0.0000000000000000E+000
   0.0000000000000000E+000
        23616  5.0464547075124817E-004  0.0000000000000000E+000
   0.0000000000000000E+000
        23808  4.6641034861814716E-004  0.0000000000000000E+000
   0.0000000000000000E+000
        24000  4.2649316624276772E-004  0.0000000000000000E+000
   0.0000000000000000E+000
        24192  3.8991949018222675E-004  0.0000000000000000E+000
   0.0000000000000000E+000
        24384  3.6048548639952506E-004  0.0000000000000000E+000
   0.0000000000000000E+000
        24576  3.5208714416536905E-004  0.0000000000000000E+000
   0.0000000000000000E+000
        24768  3.5988336017139279E-004  0.0000000000000000E+000
   0.0000000000000000E+000
        24960  3.7640063722780436E-004  0.0000000000000000E+000
   0.0000000000000000E+000
        25152  4.0938440189690220E-004  0.0000000000000000E+000
   0.0000000000000000E+000
        25344  4.3693615456324167E-004  0.0000000000000000E+000
   0.0000000000000000E+000
        25536  4.6885251458548812E-004  0.0000000000000000E+000
   0.0000000000000000E+000
        25728  4.4986852296896839E-004  0.0000000000000000E+000
   0.0000000000000000E+000
        25920  5.2017185607020923E-004  0.0000000000000000E+000
   0.0000000000000000E+000
        26112  6.2273301227309139E-004  0.0000000000000000E+000
   0.0000000000000000E+000
        26304  7.1545495160653351E-004  0.0000000000000000E+000
   0.0000000000000000E+000
        26496  7.8708364234878609E-004  0.0000000000000000E+000
   0.0000000000000000E+000
        26688  8.2342878685800070E-004  0.0000000000000000E+000
   0.0000000000000000E+000
        26880  8.0700226360767271E-004  0.0000000000000000E+000
   0.0000000000000000E+000
        27072  8.0612003446839690E-004  0.0000000000000000E+000
   0.0000000000000000E+000
        27264  9.2024329045390892E-004  0.0000000000000000E+000
   0.0000000000000000E+000
        27456  1.0898873992823913E-003  0.0000000000000000E+000
   0.0000000000000000E+000
        27648  1.2471786034230141E-003  0.0000000000000000E+000
   0.0000000000000000E+000
        27840  1.2252022011712293E-003  0.0000000000000000E+000
   0.0000000000000000E+000
        28032  9.5559739595839604E-004  0.0000000000000000E+000
   0.0000000000000000E+000
        28224  5.6571764378917093E-004  0.0000000000000000E+000
   0.0000000000000000E+000
        28416  4.5782519081916405E-004  0.0000000000000000E+000
   0.0000000000000000E+000
        28608  4.1856528776694203E-004  0.0000000000000000E+000
   0.0000000000000000E+000
        28800  4.1313404839211221E-004  0.0000000000000000E+000
   0.0000000000000000E+000
        28992  4.2656404090034544E-004  0.0000000000000000E+000
   0.0000000000000000E+000
        29184  4.3421625069345110E-004  0.0000000000000000E+000
   0.0000000000000000E+000
        29376  4.3245294034700767E-004  0.0000000000000000E+000
   0.0000000000000000E+000
        29568  4.3161014442969783E-004  0.0000000000000000E+000
   0.0000000000000000E+000
        29760  4.3868630229066693E-004  0.0000000000000000E+000
   0.0000000000000000E+000
        29952  4.4407640886152413E-004  0.0000000000000000E+000
   0.0000000000000000E+000
        30144  4.5416092721122582E-004  0.0000000000000000E+000
   0.0000000000000000E+000
        30336  4.8979167072102359E-004  0.0000000000000000E+000
   0.0000000000000000E+000
        30528  5.3940898395396443E-004  0.0000000000000000E+000
   0.0000000000000000E+000
        30720  5.8951769190734719E-004  0.0000000000000000E+000
   0.0000000000000000E+000
        30912  5.9236082671187658E-004  0.0000000000000000E+000
   0.0000000000000000E+000
        31104  5.5992784693692304E-004  0.0000000000000000E+000
   0.0000000000000000E+000
        31296  5.5145456507908264E-004  0.0000000000000000E+000
   0.0000000000000000E+000
        31488  5.6227455910451017E-004  0.0000000000000000E+000
   0.0000000000000000E+000
        31680  5.6968401479443433E-004  0.0000000000000000E+000
   0.0000000000000000E+000
        31872  5.6164431820328114E-004  0.0000000000000000E+000
   0.0000000000000000E+000
        32064  5.4020331965332882E-004  0.0000000000000000E+000
   0.0000000000000000E+000
        32256  5.0955754002907745E-004  0.0000000000000000E+000
   0.0000000000000000E+000
        32448  4.6822575107088334E-004  0.0000000000000000E+000
   0.0000000000000000E+000
        32640  4.2605106738129812E-004  0.0000000000000000E+000
   0.0000000000000000E+000
        32832  3.8706685652240778E-004  0.0000000000000000E+000
   0.0000000000000000E+000
        33024  3.5662514621364781E-004  0.0000000000000000E+000
   0.0000000000000000E+000
        33216  3.4809513671849078E-004  0.0000000000000000E+000
   0.0000000000000000E+000
        33408  3.5664443734638999E-004  0.0000000000000000E+000
   0.0000000000000000E+000
        33600  3.7387946336290558E-004  0.0000000000000000E+000
   0.0000000000000000E+000
        33792  4.0644639463092259E-004  0.0000000000000000E+000
   0.0000000000000000E+000
        33984  4.4183527322315137E-004  0.0000000000000000E+000
   0.0000000000000000E+000
        34176  4.7456714848983356E-004  0.0000000000000000E+000
   0.0000000000000000E+000
        34368  4.4950812061343617E-004  0.0000000000000000E+000
   0.0000000000000000E+000
        34560  5.1853764964373444E-004  0.0000000000000000E+000
   0.0000000000000000E+000
        34752  6.1363591432486795E-004  0.0000000000000000E+000
   0.0000000000000000E+000
        34944  7.0628410527146825E-004  0.0000000000000000E+000
   0.0000000000000000E+000
        35136  7.7894647035590253E-004  0.0000000000000000E+000
   0.0000000000000000E+000
        35328  8.2101368587367198E-004  0.0000000000000000E+000
   0.0000000000000000E+000
        35520  8.0746354205663267E-004  0.0000000000000000E+000
   0.0000000000000000E+000
        35712  8.0030351850563126E-004  0.0000000000000000E+000
   0.0000000000000000E+000
        35904  9.1982860445294432E-004  0.0000000000000000E+000
   0.0000000000000000E+000
        36096  1.1831008559465375E-003  0.0000000000000000E+000
   0.0000000000000000E+000
        36288  1.3556526347382114E-003  0.0000000000000000E+000
   0.0000000000000000E+000
        36480  1.3580494489304647E-003  0.0000000000000000E+000
   0.0000000000000000E+000
        36672  1.0433700138973261E-003  0.0000000000000000E+000
   0.0000000000000000E+000
        36864  5.8140252244866773E-004  0.0000000000000000E+000
   0.0000000000000000E+000
        37056  4.6235094409171246E-004  0.0000000000000000E+000
   0.0000000000000000E+000
        37248  4.2194970000983593E-004  0.0000000000000000E+000
   0.0000000000000000E+000
        37440  4.2003324270534209E-004  0.0000000000000000E+000
   0.0000000000000000E+000
        37632  4.3081035592119476E-004  0.0000000000000000E+000
   0.0000000000000000E+000
        37824  4.3203408401408343E-004  0.0000000000000000E+000
   0.0000000000000000E+000
        38016  4.2752142968143414E-004  0.0000000000000000E+000
   0.0000000000000000E+000
        38208  4.2594321305487563E-004  0.0000000000000000E+000
   0.0000000000000000E+000
        38400  4.3277848141563455E-004  0.0000000000000000E+000
   0.0000000000000000E+000
        38592  4.3985869654577608E-004  0.0000000000000000E+000
   0.0000000000000000E+000
        38784  4.5223138845818894E-004  0.0000000000000000E+000
   0.0000000000000000E+000
        38976  4.8896363557789687E-004  0.0000000000000000E+000
   0.0000000000000000E+000
        39168  5.3812625216760775E-004  0.0000000000000000E+000
   0.0000000000000000E+000
        39360  5.8653088499242075E-004  0.0000000000000000E+000
   0.0000000000000000E+000
        39552  5.9437541945287886E-004  0.0000000000000000E+000
   0.0000000000000000E+000
        39744  5.6401271372470241E-004  0.0000000000000000E+000
   0.0000000000000000E+000
        39936  5.4544246976215240E-004  0.0000000000000000E+000
   0.0000000000000000E+000
        40128  5.5227327115850563E-004  0.0000000000000000E+000
   0.0000000000000000E+000
        40320  5.6196696096261634E-004  0.0000000000000000E+000
   0.0000000000000000E+000
        40512  5.5724697567696040E-004  0.0000000000000000E+000
   0.0000000000000000E+000
        40704  5.3914047785963654E-004  0.0000000000000000E+000
   0.0000000000000000E+000
        40896  5.0945603014438095E-004  0.0000000000000000E+000
   0.0000000000000000E+000
        41088  4.6768996383837313E-004  0.0000000000000000E+000
   0.0000000000000000E+000
        41280  4.2478855687692153E-004  0.0000000000000000E+000
   0.0000000000000000E+000
        41472  3.8600298140201937E-004  0.0000000000000000E+000
   0.0000000000000000E+000
        41664  3.5555871831451021E-004  0.0000000000000000E+000
   0.0000000000000000E+000
        41856  3.4661026603744394E-004  0.0000000000000000E+000
   0.0000000000000000E+000
        42048  3.5321312842479397E-004  0.0000000000000000E+000
   0.0000000000000000E+000
        42240  3.6828778673450954E-004  0.0000000000000000E+000
   0.0000000000000000E+000
        42432  3.9856826914372480E-004  0.0000000000000000E+000
   0.0000000000000000E+000
        42624  4.3807338622597582E-004  0.0000000000000000E+000
   0.0000000000000000E+000
        42816  4.7451127747981657E-004  0.0000000000000000E+000
   0.0000000000000000E+000
        43008  4.4909492985464004E-004  0.0000000000000000E+000
   0.0000000000000000E+000
        43200  5.1144434032885711E-004  0.0000000000000000E+000
   0.0000000000000000E+000
        43392  5.9924761131764106E-004  0.0000000000000000E+000
   0.0000000000000000E+000
        43584  6.8407676347653616E-004  0.0000000000000000E+000
   0.0000000000000000E+000
        43776  7.5440670159673752E-004  0.0000000000000000E+000
   0.0000000000000000E+000
        43968  7.9989602707863634E-004  0.0000000000000000E+000
   0.0000000000000000E+000
        44160  7.9698925734136936E-004  0.0000000000000000E+000
   0.0000000000000000E+000
        44352  7.8323706564433361E-004  0.0000000000000000E+000
   0.0000000000000000E+000
        44544  8.8400722495521138E-004  0.0000000000000000E+000
   0.0000000000000000E+000
        44736  1.1495283097587711E-003  0.0000000000000000E+000
   0.0000000000000000E+000
        44928  1.4197672969870311E-003  0.0000000000000000E+000
   0.0000000000000000E+000
        45120  1.5300358091805074E-003  0.0000000000000000E+000
   0.0000000000000000E+000
        45312  1.1422722371913891E-003  0.0000000000000000E+000
   0.0000000000000000E+000
        45504  5.9608164918991573E-004  0.0000000000000000E+000
   0.0000000000000000E+000
        45696  4.7636124742007983E-004  0.0000000000000000E+000
   0.0000000000000000E+000
        45888  4.3148898899077670E-004  0.0000000000000000E+000
   0.0000000000000000E+000
        46080  4.3332341054456633E-004  0.0000000000000000E+000
   0.0000000000000000E+000
        46272  4.3501344889649505E-004  0.0000000000000000E+000
   0.0000000000000000E+000
        46464  4.2414402010236503E-004  0.0000000000000000E+000
   0.0000000000000000E+000
        46656  4.1321245839188200E-004  0.0000000000000000E+000
   0.0000000000000000E+000
        46848  4.1232292819591180E-004  0.0000000000000000E+000
   0.0000000000000000E+000
        47040  4.2061622077901970E-004  0.0000000000000000E+000
   0.0000000000000000E+000
        47232  4.3130705596946628E-004  0.0000000000000000E+000
   0.0000000000000000E+000
        47424  4.4976931928700605E-004  0.0000000000000000E+000
   0.0000000000000000E+000
        47616  4.9213358205740592E-004  0.0000000000000000E+000
   0.0000000000000000E+000
        47808  5.4329715979897200E-004  0.0000000000000000E+000
   0.0000000000000000E+000
        48000  5.8849343097602943E-004  0.0000000000000000E+000
   0.0000000000000000E+000
        48192  5.9387723927770749E-004  0.0000000000000000E+000
   0.0000000000000000E+000
        48384  5.7018936602372297E-004  0.0000000000000000E+000
   0.0000000000000000E+000
        48576  5.4443473137967351E-004  0.0000000000000000E+000
   0.0000000000000000E+000
        48768  5.4113201154472887E-004  0.0000000000000000E+000
   0.0000000000000000E+000
        48960  5.4898273026516902E-004  0.0000000000000000E+000
   0.0000000000000000E+000
        49152  5.4538793703630536E-004  0.0000000000000000E+000
   0.0000000000000000E+000
        49344  5.3016258565547847E-004  0.0000000000000000E+000
   0.0000000000000000E+000
        49536  5.0337751519695416E-004  0.0000000000000000E+000
   0.0000000000000000E+000
        49728  4.6386968704129527E-004  0.0000000000000000E+000
   0.0000000000000000E+000
        49920  4.2218456252923211E-004  0.0000000000000000E+000
   0.0000000000000000E+000
        50112  3.8550807977492799E-004  0.0000000000000000E+000
   0.0000000000000000E+000
        50304  3.5633445770750675E-004  0.0000000000000000E+000
   0.0000000000000000E+000
        50496  3.4789558665163306E-004  0.0000000000000000E+000
   0.0000000000000000E+000
        50688  3.5136525883766026E-004  0.0000000000000000E+000
   0.0000000000000000E+000
        50880  3.6248930012999900E-004  0.0000000000000000E+000
   0.0000000000000000E+000
        51072  3.8927237622265462E-004  0.0000000000000000E+000
   0.0000000000000000E+000
        51264  4.2900313013454752E-004  0.0000000000000000E+000
   0.0000000000000000E+000
        51456  4.6919095137842957E-004  0.0000000000000000E+000
   0.0000000000000000E+000
        51648  4.4618788258097517E-004  0.0000000000000000E+000
   0.0000000000000000E+000
        51840  5.0140671196745334E-004  0.0000000000000000E+000
   0.0000000000000000E+000
        52032  5.6928787567668039E-004  0.0000000000000000E+000
   0.0000000000000000E+000
        52224  6.4771755088723309E-004  0.0000000000000000E+000
   0.0000000000000000E+000
        52416  7.1745155073770839E-004  0.0000000000000000E+000
   0.0000000000000000E+000
        52608  7.7283455175680097E-004  0.0000000000000000E+000
   0.0000000000000000E+000
        52800  7.8459206767609029E-004  0.0000000000000000E+000
   0.0000000000000000E+000
        52992  7.7718359424458320E-004  0.0000000000000000E+000
   0.0000000000000000E+000
        53184  8.7583825258024208E-004  0.0000000000000000E+000
   0.0000000000000000E+000
        53376  1.1616149294243405E-003  0.0000000000000000E+000
   0.0000000000000000E+000
        53568  1.4560554201840611E-003  0.0000000000000000E+000
   0.0000000000000000E+000
        53760  1.6093914988295354E-003  0.0000000000000000E+000
   0.0000000000000000E+000
        53952  1.2136863789707802E-003  0.0000000000000000E+000
   0.0000000000000000E+000
        54144  6.2018393292010224E-004  0.0000000000000000E+000
   0.0000000000000000E+000
        54336  4.9359310310308202E-004  0.0000000000000000E+000
   0.0000000000000000E+000
        54528  4.4147958005380858E-004  0.0000000000000000E+000
   0.0000000000000000E+000
        54720  4.4058911600511726E-004  0.0000000000000000E+000
   0.0000000000000000E+000
        54912  4.3734031363455456E-004  0.0000000000000000E+000
   0.0000000000000000E+000
        55104  4.2123227707581467E-004  0.0000000000000000E+000
   0.0000000000000000E+000
        55296  4.0444504659577647E-004  0.0000000000000000E+000
   0.0000000000000000E+000
        55488  4.0202148205149087E-004  0.0000000000000000E+000
   0.0000000000000000E+000
        55680  4.0959087259213314E-004  0.0000000000000000E+000
   0.0000000000000000E+000
        55872  4.2101131519253304E-004  0.0000000000000000E+000
   0.0000000000000000E+000
        56064  4.4237794594322835E-004  0.0000000000000000E+000
   0.0000000000000000E+000
        56256  4.8878947683913599E-004  0.0000000000000000E+000
   0.0000000000000000E+000
        56448  5.4322372734469122E-004  0.0000000000000000E+000
   0.0000000000000000E+000
        56640  5.8824804156408755E-004  0.0000000000000000E+000
   0.0000000000000000E+000
        56832  5.9102305568477155E-004  0.0000000000000000E+000
   0.0000000000000000E+000
        57024  5.6683231427312149E-004  0.0000000000000000E+000
   0.0000000000000000E+000
        57216  5.4284005139603549E-004  0.0000000000000000E+000
   0.0000000000000000E+000
        57408  5.3422661124794804E-004  0.0000000000000000E+000
   0.0000000000000000E+000
        57600  5.4012923090788459E-004  0.0000000000000000E+000
   0.0000000000000000E+000
        57792  5.3762754215858001E-004  0.0000000000000000E+000
   0.0000000000000000E+000
        57984  5.2344676077433882E-004  0.0000000000000000E+000
   0.0000000000000000E+000
        58176  4.9741506719974660E-004  0.0000000000000000E+000
   0.0000000000000000E+000
        58368  4.5906496773068624E-004  0.0000000000000000E+000
   0.0000000000000000E+000
        58560  4.1852974922699810E-004  0.0000000000000000E+000
   0.0000000000000000E+000
        58752  3.8356517465434236E-004  0.0000000000000000E+000
   0.0000000000000000E+000
        58944  3.5759123469873450E-004  0.0000000000000000E+000
   0.0000000000000000E+000
        59136  3.5013034424674362E-004  0.0000000000000000E+000
   0.0000000000000000E+000
        59328  3.5137187249600118E-004  0.0000000000000000E+000
   0.0000000000000000E+000
        59520  3.5839206957998768E-004  0.0000000000000000E+000
   0.0000000000000000E+000
        59712  3.8185573423075026E-004  0.0000000000000000E+000
   0.0000000000000000E+000
        59904  4.1928718651830266E-004  0.0000000000000000E+000
   0.0000000000000000E+000
        60096  4.6149777541741469E-004  0.0000000000000000E+000
   0.0000000000000000E+000
        60288  4.4195492522352788E-004  0.0000000000000000E+000
   0.0000000000000000E+000
        60480  4.9297566875964238E-004  0.0000000000000000E+000
   0.0000000000000000E+000
        60672  5.5357710000694638E-004  0.0000000000000000E+000
   0.0000000000000000E+000
        60864  6.1499376878765158E-004  0.0000000000000000E+000
   0.0000000000000000E+000
        61056  6.7770798647063331E-004  0.0000000000000000E+000
   0.0000000000000000E+000
        61248  7.3317998634643414E-004  0.0000000000000000E+000
   0.0000000000000000E+000
        61440  7.6147655737103179E-004  0.0000000000000000E+000
   0.0000000000000000E+000
        61632  7.6283856274813320E-004  0.0000000000000000E+000
   0.0000000000000000E+000
        61824  8.2936839292167949E-004  0.0000000000000000E+000
   0.0000000000000000E+000
        62016  1.0572143888720618E-003  0.0000000000000000E+000
   0.0000000000000000E+000
        62208  1.3842803542924616E-003  0.0000000000000000E+000
   0.0000000000000000E+000
        62400  1.6299312424879796E-003  0.0000000000000000E+000
   0.0000000000000000E+000
        62592  1.3029069139800780E-003  0.0000000000000000E+000
   0.0000000000000000E+000
        62784  6.4810421517886348E-004  0.0000000000000000E+000
   0.0000000000000000E+000
        62976  5.2924407368885114E-004  0.0000000000000000E+000
   0.0000000000000000E+000
        63168  4.6185215845209336E-004  0.0000000000000000E+000
   0.0000000000000000E+000
        63360  4.4892955698132411E-004  0.0000000000000000E+000
   0.0000000000000000E+000
        63552  4.3284639797736907E-004  0.0000000000000000E+000
   0.0000000000000000E+000
        63744  4.0999417832606583E-004  0.0000000000000000E+000
   0.0000000000000000E+000
        63936  3.9450894715059023E-004  0.0000000000000000E+000
   0.0000000000000000E+000
        64128  3.9328758771423641E-004  0.0000000000000000E+000
   0.0000000000000000E+000
        64320  4.0046733059620688E-004  0.0000000000000000E+000
   0.0000000000000000E+000
        64512  4.1133540907898740E-004  0.0000000000000000E+000
   0.0000000000000000E+000
        64704  4.3204060606869752E-004  0.0000000000000000E+000
   0.0000000000000000E+000
        64896  4.8183934537919927E-004  0.0000000000000000E+000
   0.0000000000000000E+000
        65088  5.4208619182398237E-004  0.0000000000000000E+000
   0.0000000000000000E+000
        65280  5.9041193451782879E-004  0.0000000000000000E+000
   0.0000000000000000E+000
        65472  5.9175412594252897E-004  0.0000000000000000E+000
   0.0000000000000000E+000
        65664  5.6392162794044931E-004  0.0000000000000000E+000
   0.0000000000000000E+000
        65856  5.3867596482233754E-004  0.0000000000000000E+000
   0.0000000000000000E+000
        66048  5.2790952743776492E-004  0.0000000000000000E+000
   0.0000000000000000E+000
        66240  5.3165402490876342E-004  0.0000000000000000E+000
   0.0000000000000000E+000
        66432  5.3104775668345568E-004  0.0000000000000000E+000
   0.0000000000000000E+000
        66624  5.1698573461818917E-004  0.0000000000000000E+000
   0.0000000000000000E+000
        66816  4.9045504897807257E-004  0.0000000000000000E+000
   0.0000000000000000E+000
        67008  4.5235089739797821E-004  0.0000000000000000E+000
   0.0000000000000000E+000
        67200  4.1291538165976643E-004  0.0000000000000000E+000
   0.0000000000000000E+000
        67392  3.7943126284249149E-004  0.0000000000000000E+000
   0.0000000000000000E+000
        67584  3.5739013421264086E-004  0.0000000000000000E+000
   0.0000000000000000E+000
        67776  3.5092662765244428E-004  0.0000000000000000E+000
   0.0000000000000000E+000
        67968  3.5282656172128162E-004  0.0000000000000000E+000
   0.0000000000000000E+000
        68160  3.5626702933169534E-004  0.0000000000000000E+000
   0.0000000000000000E+000
        68352  3.7609366145450801E-004  0.0000000000000000E+000
   0.0000000000000000E+000
        68544  4.0713122568704325E-004  0.0000000000000000E+000
   0.0000000000000000E+000
        68736  4.5171408452323740E-004  0.0000000000000000E+000
   0.0000000000000000E+000
        68928  4.3789590733481237E-004  0.0000000000000000E+000
   0.0000000000000000E+000
        69120  4.8812944308827274E-004  0.0000000000000000E+000
   0.0000000000000000E+000
        69312  5.4089411747007782E-004  0.0000000000000000E+000
   0.0000000000000000E+000
        69504  5.8569567527420928E-004  0.0000000000000000E+000
   0.0000000000000000E+000
        69696  6.3691261410116413E-004  0.0000000000000000E+000
   0.0000000000000000E+000
        69888  6.9113913836455247E-004  0.0000000000000000E+000
   0.0000000000000000E+000
        70080  7.3297112106904586E-004  0.0000000000000000E+000
   0.0000000000000000E+000
        70272  7.4010656004770063E-004  0.0000000000000000E+000
   0.0000000000000000E+000
        70464  7.7117230456497771E-004  0.0000000000000000E+000
   0.0000000000000000E+000
        70656  9.6485539209266186E-004  0.0000000000000000E+000
   0.0000000000000000E+000
        70848  1.2503529669603620E-003  0.0000000000000000E+000
   0.0000000000000000E+000
        71040  1.5431025177091960E-003  0.0000000000000000E+000
   0.0000000000000000E+000
        71232  1.3927845093930113E-003  0.0000000000000000E+000
   0.0000000000000000E+000
        71424  7.0169410723361673E-004  0.0000000000000000E+000
   0.0000000000000000E+000
        71616  5.5358368635917779E-004  0.0000000000000000E+000
   0.0000000000000000E+000
        71808  4.7719738730975811E-004  0.0000000000000000E+000
   0.0000000000000000E+000
        72000  4.7215671363608035E-004  0.0000000000000000E+000
   0.0000000000000000E+000
        72192  4.5228608144020212E-004  0.0000000000000000E+000
   0.0000000000000000E+000
        72384  4.1281145298528493E-004  0.0000000000000000E+000
   0.0000000000000000E+000
        72576  3.8641772501156772E-004  0.0000000000000000E+000
   0.0000000000000000E+000
        72768  3.8084036946419233E-004  0.0000000000000000E+000
   0.0000000000000000E+000
        72960  3.8350614813348571E-004  0.0000000000000000E+000
   0.0000000000000000E+000
        73152  3.8561512046558056E-004  0.0000000000000000E+000
   0.0000000000000000E+000
        73344  4.0697721853902752E-004  0.0000000000000000E+000
   0.0000000000000000E+000
        73536  4.6342078269069137E-004  0.0000000000000000E+000
   0.0000000000000000E+000
        73728  5.3577547633180294E-004  0.0000000000000000E+000
   0.0000000000000000E+000
        73920  5.9397776683762485E-004  0.0000000000000000E+000
   0.0000000000000000E+000
        74112  5.9690276129451437E-004  0.0000000000000000E+000
   0.0000000000000000E+000
        74304  5.6089003275181805E-004  0.0000000000000000E+000
   0.0000000000000000E+000
        74496  5.3465844027868897E-004  0.0000000000000000E+000
   0.0000000000000000E+000
        74688  5.2630736561751885E-004  0.0000000000000000E+000
   0.0000000000000000E+000
        74880  5.2929668180223745E-004  0.0000000000000000E+000
   0.0000000000000000E+000
        75072  5.2821033999678245E-004  0.0000000000000000E+000
   0.0000000000000000E+000
        75264  5.1380397448843934E-004  0.0000000000000000E+000
   0.0000000000000000E+000
        75456  4.8708904136921194E-004  0.0000000000000000E+000
   0.0000000000000000E+000
        75648  4.4887340703691695E-004  0.0000000000000000E+000
   0.0000000000000000E+000
        75840  4.0974682014776822E-004  0.0000000000000000E+000
   0.0000000000000000E+000
        76032  3.7649963173999368E-004  0.0000000000000000E+000
   0.0000000000000000E+000
        76224  3.5588275889213448E-004  0.0000000000000000E+000
   0.0000000000000000E+000
        76416  3.4912191277588507E-004  0.0000000000000000E+000
   0.0000000000000000E+000
        76608  3.5242096414622118E-004  0.0000000000000000E+000
   0.0000000000000000E+000
        76800  3.5705277676158979E-004  0.0000000000000000E+000
   0.0000000000000000E+000
        76992  3.7545340332091934E-004  0.0000000000000000E+000
   0.0000000000000000E+000
        77184  3.9842291897051118E-004  0.0000000000000000E+000
   0.0000000000000000E+000
        77376  4.4571059149821330E-004  0.0000000000000000E+000
   0.0000000000000000E+000
        77568  4.3622772423575033E-004  0.0000000000000000E+000
   0.0000000000000000E+000
        77760  4.8775482011640834E-004  0.0000000000000000E+000
   0.0000000000000000E+000
        77952  5.3858238945352576E-004  0.0000000000000000E+000
   0.0000000000000000E+000
        78144  5.8209833856389347E-004  0.0000000000000000E+000
   0.0000000000000000E+000
        78336  6.2797987620530338E-004  0.0000000000000000E+000
   0.0000000000000000E+000
        78528  6.7915191597520781E-004  0.0000000000000000E+000
   0.0000000000000000E+000
        78720  7.1955547758885039E-004  0.0000000000000000E+000
   0.0000000000000000E+000
        78912  7.3075220382322879E-004  0.0000000000000000E+000
   0.0000000000000000E+000
        79104  7.7624098121729435E-004  0.0000000000000000E+000
   0.0000000000000000E+000
        79296  9.9451209630207300E-004  0.0000000000000000E+000
   0.0000000000000000E+000
        79488  1.2631366330886520E-003  0.0000000000000000E+000
   0.0000000000000000E+000
        79680  1.5473346708599694E-003  0.0000000000000000E+000
   0.0000000000000000E+000
        79872  1.4053597968322238E-003  0.0000000000000000E+000
   0.0000000000000000E+000
        80064  6.9273595304201541E-004  0.0000000000000000E+000
   0.0000000000000000E+000
        80256  5.4940948722260411E-004  0.0000000000000000E+000
   0.0000000000000000E+000
        80448  4.7886351023122782E-004  0.0000000000000000E+000
   0.0000000000000000E+000
        80640  4.7342519748034878E-004  0.0000000000000000E+000
   0.0000000000000000E+000
        80832  4.5092318553247501E-004  0.0000000000000000E+000
   0.0000000000000000E+000
        81024  4.1422815794479634E-004  0.0000000000000000E+000
   0.0000000000000000E+000
        81216  3.8989138850035581E-004  0.0000000000000000E+000
   0.0000000000000000E+000
        81408  3.8335270521617381E-004  0.0000000000000000E+000
   0.0000000000000000E+000
        81600  3.7923995685700364E-004  0.0000000000000000E+000
   0.0000000000000000E+000
        81792  3.8204903612827575E-004  0.0000000000000000E+000
   0.0000000000000000E+000
        81984  4.0482683814607989E-004  0.0000000000000000E+000
   0.0000000000000000E+000
        82176  4.6198578639245830E-004  0.0000000000000000E+000
   0.0000000000000000E+000
        82368  5.3409873278446949E-004  0.0000000000000000E+000
   0.0000000000000000E+000
        82560  5.9355370929225701E-004  0.0000000000000000E+000
   0.0000000000000000E+000
        82752  5.9489999171179837E-004  0.0000000000000000E+000
   0.0000000000000000E+000
        82944  5.5932774243677371E-004  0.0000000000000000E+000
   0.0000000000000000E+000
        83136  5.3418865127090461E-004  0.0000000000000000E+000
   0.0000000000000000E+000
        83328  5.2552940910258444E-004  0.0000000000000000E+000
   0.0000000000000000E+000
        83520  5.2762391480964260E-004  0.0000000000000000E+000
   0.0000000000000000E+000
        83712  5.2770294137565149E-004  0.0000000000000000E+000
   0.0000000000000000E+000
        83904  5.1422839622198766E-004  0.0000000000000000E+000
   0.0000000000000000E+000
        84096  4.8635269638034868E-004  0.0000000000000000E+000
   0.0000000000000000E+000
        84288  4.4666437986977305E-004  0.0000000000000000E+000
   0.0000000000000000E+000
        84480  4.0693842536790596E-004  0.0000000000000000E+000
   0.0000000000000000E+000
        84672  3.7374976110673372E-004  0.0000000000000000E+000
   0.0000000000000000E+000
        84864  3.5451750914267533E-004  0.0000000000000000E+000
   0.0000000000000000E+000
        85056  3.4802986763038916E-004  0.0000000000000000E+000
   0.0000000000000000E+000
        85248  3.5096938766068011E-004  0.0000000000000000E+000
   0.0000000000000000E+000
        85440  3.5811263733506846E-004  0.0000000000000000E+000
   0.0000000000000000E+000
        85632  3.7615209081665258E-004  0.0000000000000000E+000
   0.0000000000000000E+000
        85824  3.9008924462578701E-004  0.0000000000000000E+000
   0.0000000000000000E+000
        86016  4.4102824916317636E-004  0.0000000000000000E+000
   0.0000000000000000E+000
        86208  4.3412131247137645E-004  0.0000000000000000E+000
   0.0000000000000000E+000
        86400  4.8630035547717060E-004  0.0000000000000000E+000
   0.0000000000000000E+000
        86592  5.3353058416498965E-004  0.0000000000000000E+000
   0.0000000000000000E+000
        86784  5.7040720485650935E-004  0.0000000000000000E+000
   0.0000000000000000E+000
        86976  6.0824568162339292E-004  0.0000000000000000E+000
   0.0000000000000000E+000
        87168  6.5013694990473945E-004  0.0000000000000000E+000
   0.0000000000000000E+000
        87360  6.9490133969417290E-004  0.0000000000000000E+000
   0.0000000000000000E+000
        87552  7.2151285642242256E-004  0.0000000000000000E+000
   0.0000000000000000E+000
        87744  7.6004249188171087E-004  0.0000000000000000E+000
   0.0000000000000000E+000
        87936  9.3752227071604527E-004  0.0000000000000000E+000
   0.0000000000000000E+000
        88128  1.2140221817771406E-003  0.0000000000000000E+000
   0.0000000000000000E+000
        88320  1.4676220305796031E-003  0.0000000000000000E+000
   0.0000000000000000E+000
        88512  1.4712632445244400E-003  0.0000000000000000E+000
   0.0000000000000000E+000
        88704  7.3834227485114110E-004  0.0000000000000000E+000
   0.0000000000000000E+000
        88896  5.7693153528543927E-004  0.0000000000000000E+000
   0.0000000000000000E+000
        89088  4.9924781664688659E-004  0.0000000000000000E+000
   0.0000000000000000E+000
        89280  4.9362509261568989E-004  0.0000000000000000E+000
   0.0000000000000000E+000
        89472  4.6990479886394965E-004  0.0000000000000000E+000
   0.0000000000000000E+000
        89664  4.2390833320369746E-004  0.0000000000000000E+000
   0.0000000000000000E+000
        89856  3.9283747481668314E-004  0.0000000000000000E+000
   0.0000000000000000E+000
        90048  3.8206228594075915E-004  0.0000000000000000E+000
   0.0000000000000000E+000
        90240  3.7449914900361168E-004  0.0000000000000000E+000
   0.0000000000000000E+000
        90432  3.7372706123669082E-004  0.0000000000000000E+000
   0.0000000000000000E+000
        90624  3.9431811295661086E-004  0.0000000000000000E+000
   0.0000000000000000E+000
        90816  4.5065649923363150E-004  0.0000000000000000E+000
   0.0000000000000000E+000
        91008  5.2605355575008892E-004  0.0000000000000000E+000
   0.0000000000000000E+000
        91200  5.9061045825643148E-004  0.0000000000000000E+000
   0.0000000000000000E+000
        91392  5.9609669616284694E-004  0.0000000000000000E+000
   0.0000000000000000E+000
        91584  5.6215002833741692E-004  0.0000000000000000E+000
   0.0000000000000000E+000
        91776  5.3800601151775740E-004  0.0000000000000000E+000
   0.0000000000000000E+000
        91968  5.2896058658823293E-004  0.0000000000000000E+000
   0.0000000000000000E+000
        92160  5.2974749496134590E-004  0.0000000000000000E+000
   0.0000000000000000E+000
        92352  5.2849317417356099E-004  0.0000000000000000E+000
   0.0000000000000000E+000
        92544  5.1459387394600415E-004  0.0000000000000000E+000
   0.0000000000000000E+000
        92736  4.8663770196392297E-004  0.0000000000000000E+000
   0.0000000000000000E+000
        92928  4.4673233828227256E-004  0.0000000000000000E+000
   0.0000000000000000E+000
        93120  4.0683218919003520E-004  0.0000000000000000E+000
   0.0000000000000000E+000
        93312  3.7355383003645780E-004  0.0000000000000000E+000
   0.0000000000000000E+000
        93504  3.5439061793673206E-004  0.0000000000000000E+000
   0.0000000000000000E+000
        93696  3.4793870065124601E-004  0.0000000000000000E+000
   0.0000000000000000E+000
        93888  3.5081121546035038E-004  0.0000000000000000E+000
   0.0000000000000000E+000
        94080  3.5794676608456307E-004  0.0000000000000000E+000
   0.0000000000000000E+000
        94272  3.7597024698318666E-004  0.0000000000000000E+000
   0.0000000000000000E+000
        94464  3.8966212619485192E-004  0.0000000000000000E+000
   0.0000000000000000E+000
        94656  4.4100394399616518E-004  0.0000000000000000E+000
   0.0000000000000000E+000
        94848  4.3481407859289169E-004  0.0000000000000000E+000
   0.0000000000000000E+000
        95040  4.8682717131914990E-004  0.0000000000000000E+000
   0.0000000000000000E+000
        95232  5.3627292095192731E-004  0.0000000000000000E+000
   0.0000000000000000E+000
        95424  5.7261553517264270E-004  0.0000000000000000E+000
   0.0000000000000000E+000
        95616  6.1118741499646147E-004  0.0000000000000000E+000
   0.0000000000000000E+000
        95808  6.5608846063994382E-004  0.0000000000000000E+000
   0.0000000000000000E+000
        96000  6.9896127250111716E-004  0.0000000000000000E+000
   0.0000000000000000E+000
        96192  7.2360262822861632E-004  0.0000000000000000E+000
   0.0000000000000000E+000
        96384  7.6919229046729554E-004  0.0000000000000000E+000
   0.0000000000000000E+000
        96576  9.3931574153332999E-004  0.0000000000000000E+000
   0.0000000000000000E+000
        96768  1.2169260964462489E-003  0.0000000000000000E+000
   0.0000000000000000E+000
        96960  1.4911745116143553E-003  0.0000000000000000E+000
   0.0000000000000000E+000
        97152  1.4545853245069996E-003  0.0000000000000000E+000
   0.0000000000000000E+000
        97344  7.3137541727803844E-004  0.0000000000000000E+000
   0.0000000000000000E+000
        97536  5.7968806980902821E-004  0.0000000000000000E+000
   0.0000000000000000E+000
        97728  5.0762419395610121E-004  0.0000000000000000E+000
   0.0000000000000000E+000
        97920  4.9474582465990069E-004  0.0000000000000000E+000
   0.0000000000000000E+000
        98112  4.6064800823369630E-004  0.0000000000000000E+000
   0.0000000000000000E+000
        98304  4.1759847824068754E-004  0.0000000000000000E+000
   0.0000000000000000E+000
        98496  3.9136223693192799E-004  0.0000000000000000E+000
   0.0000000000000000E+000
        98688  3.8044631498818272E-004  0.0000000000000000E+000
   0.0000000000000000E+000
        98880  3.7268787361253530E-004  0.0000000000000000E+000
   0.0000000000000000E+000
        99072  3.7442239849001482E-004  0.0000000000000000E+000
   0.0000000000000000E+000
        99264  3.9686371886767189E-004  0.0000000000000000E+000
   0.0000000000000000E+000
        99456  4.5510642102429723E-004  0.0000000000000000E+000
   0.0000000000000000E+000
        99648  5.3088921808212689E-004  0.0000000000000000E+000
   0.0000000000000000E+000
        99840  5.9547843168737170E-004  0.0000000000000000E+000
   0.0000000000000000E+000
       100032  6.0013872449301555E-004  0.0000000000000000E+000
   0.0000000000000000E+000
       100224  5.6506564467986202E-004  0.0000000000000000E+000
   0.0000000000000000E+000
       100416  5.3924650717650853E-004  0.0000000000000000E+000
   0.0000000000000000E+000
       100608  5.2836137340590687E-004  0.0000000000000000E+000
   0.0000000000000000E+000
       100800  5.2773309084747566E-004  0.0000000000000000E+000
   0.0000000000000000E+000
       100992  5.2683692836871115E-004  0.0000000000000000E+000
   0.0000000000000000E+000
       101184  5.1367846504844262E-004  0.0000000000000000E+000
   0.0000000000000000E+000
       101376  4.8508613555514721E-004  0.0000000000000000E+000
   0.0000000000000000E+000
       101568  4.4461148005517864E-004  0.0000000000000000E+000
   0.0000000000000000E+000
       101760  4.0480666550724796E-004  0.0000000000000000E+000
   0.0000000000000000E+000
       101952  3.7200870461007396E-004  0.0000000000000000E+000
   0.0000000000000000E+000
       102144  3.5383541335604155E-004  0.0000000000000000E+000
   0.0000000000000000E+000
       102336  3.4780425980308362E-004  0.0000000000000000E+000
   0.0000000000000000E+000
       102528  3.5042461178333076E-004  0.0000000000000000E+000
   0.0000000000000000E+000
       102720  3.5792818909921928E-004  0.0000000000000000E+000
   0.0000000000000000E+000
       102912  3.7633388541173733E-004  0.0000000000000000E+000
   0.0000000000000000E+000
       103104  3.8609666432907097E-004  0.0000000000000000E+000
   0.0000000000000000E+000
       103296  4.3912554080711709E-004  0.0000000000000000E+000
   0.0000000000000000E+000
       103488  4.3331606533525847E-004  0.0000000000000000E+000
   0.0000000000000000E+000
       103680  4.8587691622003723E-004  0.0000000000000000E+000
   0.0000000000000000E+000
       103872  5.3091548902337309E-004  0.0000000000000000E+000
   0.0000000000000000E+000
       104064  5.6266779670646598E-004  0.0000000000000000E+000
   0.0000000000000000E+000
       104256  5.9567451007415937E-004  0.0000000000000000E+000
   0.0000000000000000E+000
       104448  6.3389744357498026E-004  0.0000000000000000E+000
   0.0000000000000000E+000
       104640  6.8106994954919000E-004  0.0000000000000000E+000
   0.0000000000000000E+000
       104832  7.0873729870742769E-004  0.0000000000000000E+000
   0.0000000000000000E+000
       105024  7.6034018286023528E-004  0.0000000000000000E+000
   0.0000000000000000E+000
       105216  8.9377138686528353E-004  0.0000000000000000E+000
   0.0000000000000000E+000
       105408  1.1690947468243435E-003  0.0000000000000000E+000
   0.0000000000000000E+000
       105600  1.4609080049313424E-003  0.0000000000000000E+000
   0.0000000000000000E+000
       105792  1.5343934132601117E-003  0.0000000000000000E+000
   0.0000000000000000E+000
       105984  7.7984706331153827E-004  0.0000000000000000E+000
   0.0000000000000000E+000
       106176  6.1034306994017513E-004  0.0000000000000000E+000
   0.0000000000000000E+000
       106368  5.3136497474745104E-004  0.0000000000000000E+000
   0.0000000000000000E+000
       106560  5.1618930472332146E-004  0.0000000000000000E+000
   0.0000000000000000E+000
       106752  4.7952130347041514E-004  0.0000000000000000E+000
   0.0000000000000000E+000
       106944  4.2525276816620500E-004  0.0000000000000000E+000
   0.0000000000000000E+000
       107136  3.9121651663119199E-004  0.0000000000000000E+000
   0.0000000000000000E+000
       107328  3.7811464551414027E-004  0.0000000000000000E+000
   0.0000000000000000E+000
       107520  3.7002979933454031E-004  0.0000000000000000E+000
   0.0000000000000000E+000
       107712  3.6904913374531797E-004  0.0000000000000000E+000
   0.0000000000000000E+000
       107904  3.8999027142162693E-004  0.0000000000000000E+000
   0.0000000000000000E+000
       108096  4.4824160975332682E-004  0.0000000000000000E+000
   0.0000000000000000E+000
       108288  5.2759267161638004E-004  0.0000000000000000E+000
   0.0000000000000000E+000
       108480  5.9654348079368335E-004  0.0000000000000000E+000
   0.0000000000000000E+000
       108672  6.0371676943746623E-004  0.0000000000000000E+000
   0.0000000000000000E+000
       108864  5.6885676735729215E-004  0.0000000000000000E+000
   0.0000000000000000E+000
       109056  5.4323637933718861E-004  0.0000000000000000E+000
   0.0000000000000000E+000
       109248  5.3164745569261624E-004  0.0000000000000000E+000
   0.0000000000000000E+000
       109440  5.2971166866570883E-004  0.0000000000000000E+000
   0.0000000000000000E+000
       109632  5.2714960682483092E-004  0.0000000000000000E+000
   0.0000000000000000E+000
       109824  5.1278976326399599E-004  0.0000000000000000E+000
   0.0000000000000000E+000
       110016  4.8442964480066721E-004  0.0000000000000000E+000
   0.0000000000000000E+000
       110208  4.4466015617643131E-004  0.0000000000000000E+000
   0.0000000000000000E+000
       110400  4.0542709617089143E-004  0.0000000000000000E+000
   0.0000000000000000E+000
       110592  3.7295192868774113E-004  0.0000000000000000E+000
   0.0000000000000000E+000
       110784  3.5452440955037663E-004  0.0000000000000000E+000
   0.0000000000000000E+000
       110976  3.4837513797761111E-004  0.0000000000000000E+000
   0.0000000000000000E+000
       111168  3.5116547419285563E-004  0.0000000000000000E+000
   0.0000000000000000E+000
       111360  3.5838035012122622E-004  0.0000000000000000E+000
   0.0000000000000000E+000
       111552  3.7628841353989678E-004  0.0000000000000000E+000
   0.0000000000000000E+000
       111744  3.8837572401068766E-004  0.0000000000000000E+000
   0.0000000000000000E+000
       111936  4.4025372423250159E-004  0.0000000000000000E+000
   0.0000000000000000E+000
       112128  4.3491295016750839E-004  0.0000000000000000E+000
   0.0000000000000000E+000
       112320  4.8723229390225083E-004  0.0000000000000000E+000
   0.0000000000000000E+000
       112512  5.2861659374329995E-004  0.0000000000000000E+000
   0.0000000000000000E+000
       112704  5.6387801928586281E-004  0.0000000000000000E+000
   0.0000000000000000E+000
       112896  6.0064706998890459E-004  0.0000000000000000E+000
   0.0000000000000000E+000
       113088  6.4735795128195424E-004  0.0000000000000000E+000
   0.0000000000000000E+000
       113280  6.9452108417776429E-004  0.0000000000000000E+000
   0.0000000000000000E+000
       113472  7.1972852281658374E-004  0.0000000000000000E+000
   0.0000000000000000E+000
       113664  7.5952977179964459E-004  0.0000000000000000E+000
   0.0000000000000000E+000
       113856  8.9859045437923075E-004  0.0000000000000000E+000
   0.0000000000000000E+000
       114048  1.1652284509323892E-003  0.0000000000000000E+000
   0.0000000000000000E+000
       114240  1.5288391604066553E-003  0.0000000000000000E+000
   0.0000000000000000E+000
       114432  1.5345096970057267E-003  0.0000000000000000E+000
   0.0000000000000000E+000
       114624  8.0332902181169024E-004  0.0000000000000000E+000
   0.0000000000000000E+000
       114816  6.0642225026857660E-004  0.0000000000000000E+000
   0.0000000000000000E+000
       115008  5.2352157120979658E-004  0.0000000000000000E+000
   0.0000000000000000E+000
       115200  5.0887891156239083E-004  0.0000000000000000E+000
   0.0000000000000000E+000
       115392  4.7513693052972161E-004  0.0000000000000000E+000
   0.0000000000000000E+000
       115584  4.2655338891136604E-004  0.0000000000000000E+000
   0.0000000000000000E+000
       115776  3.9420217984676673E-004  0.0000000000000000E+000
   0.0000000000000000E+000
       115968  3.8094253005455293E-004  0.0000000000000000E+000
   0.0000000000000000E+000
       116160  3.7252350801945700E-004  0.0000000000000000E+000
   0.0000000000000000E+000
       116352  3.7179631195744417E-004  0.0000000000000000E+000
   0.0000000000000000E+000
       116544  3.9271036887603746E-004  0.0000000000000000E+000
   0.0000000000000000E+000
       116736  4.5013452234075668E-004  0.0000000000000000E+000
   0.0000000000000000E+000
       116928  5.2841240508832781E-004  0.0000000000000000E+000
   0.0000000000000000E+000
       117120  5.9620130462859717E-004  0.0000000000000000E+000
   0.0000000000000000E+000
       117312  6.0259155696606916E-004  0.0000000000000000E+000
   0.0000000000000000E+000
       117504  5.6734467378934366E-004  0.0000000000000000E+000
   0.0000000000000000E+000
       117696  5.4178487137679842E-004  0.0000000000000000E+000
   0.0000000000000000E+000
       117888  5.3067094018106832E-004  0.0000000000000000E+000
   0.0000000000000000E+000
       118080  5.2943220544434191E-004  0.0000000000000000E+000
   0.0000000000000000E+000
       118272  5.2752676537612874E-004  0.0000000000000000E+000
   0.0000000000000000E+000
       118464  5.1360010553059491E-004  0.0000000000000000E+000
   0.0000000000000000E+000
       118656  4.8510917668876242E-004  0.0000000000000000E+000
   0.0000000000000000E+000
       118848  4.4498381506915792E-004  0.0000000000000000E+000
   0.0000000000000000E+000
       119040  4.0548173799926995E-004  0.0000000000000000E+000
   0.0000000000000000E+000
       119232  3.7288703707592167E-004  0.0000000000000000E+000
   0.0000000000000000E+000
       119424  3.5454169841934974E-004  0.0000000000000000E+000
   0.0000000000000000E+000
       119616  3.4841511168668077E-004  0.0000000000000000E+000
   0.0000000000000000E+000
       119808  3.5114356350902324E-004  0.0000000000000000E+000
   0.0000000000000000E+000
       120000  3.5850429781154690E-004  0.0000000000000000E+000
   0.0000000000000000E+000
       120192  3.7648118934763259E-004  0.0000000000000000E+000
   0.0000000000000000E+000
       120384  3.8808759047030656E-004  0.0000000000000000E+000
   0.0000000000000000E+000
       120576  4.4030682511951265E-004  0.0000000000000000E+000
   0.0000000000000000E+000
       120768  4.3467961764560186E-004  0.0000000000000000E+000
   0.0000000000000000E+000
       120960  4.8706127733212813E-004  0.0000000000000000E+000
   0.0000000000000000E+000
       121152  5.3242867320484944E-004  0.0000000000000000E+000
   0.0000000000000000E+000
       121344  5.6423498849416786E-004  0.0000000000000000E+000
   0.0000000000000000E+000
       121536  5.9817713493956774E-004  0.0000000000000000E+000
   0.0000000000000000E+000
       121728  6.4041797523312831E-004  0.0000000000000000E+000
   0.0000000000000000E+000
       121920  6.8810366571984928E-004  0.0000000000000000E+000
   0.0000000000000000E+000
       122112  7.1529515559226316E-004  0.0000000000000000E+000
   0.0000000000000000E+000
       122304  7.4362476307418589E-004  0.0000000000000000E+000
   0.0000000000000000E+000
       122496  9.6932758943406771E-004  0.0000000000000000E+000
   0.0000000000000000E+000
       122688  1.2207160498837590E-003  0.0000000000000000E+000
   0.0000000000000000E+000
       122880  1.5112698508422439E-003  0.0000000000000000E+000
   0.0000000000000000E+000
       123072  1.5389441959532948E-003  0.0000000000000000E+000
   0.0000000000000000E+000
       123264  7.9606872529976885E-004  0.0000000000000000E+000
   0.0000000000000000E+000
       123456  6.0621054678647529E-004  0.0000000000000000E+000
   0.0000000000000000E+000
       123648  5.2199632992059523E-004  0.0000000000000000E+000
   0.0000000000000000E+000
       123840  5.1425795173774228E-004  0.0000000000000000E+000
   0.0000000000000000E+000
       124032  4.8317598804346483E-004  0.0000000000000000E+000
   0.0000000000000000E+000
       124224  4.3347886067460315E-004  0.0000000000000000E+000
   0.0000000000000000E+000
       124416  3.9853814620865785E-004  0.0000000000000000E+000
   0.0000000000000000E+000
       124608  3.8185015644002130E-004  0.0000000000000000E+000
   0.0000000000000000E+000
       124800  3.7147336186358596E-004  0.0000000000000000E+000
   0.0000000000000000E+000
       124992  3.7124253128983448E-004  0.0000000000000000E+000
   0.0000000000000000E+000
       125184  3.9220827385307456E-004  0.0000000000000000E+000
   0.0000000000000000E+000
       125376  4.4895976562900889E-004  0.0000000000000000E+000
   0.0000000000000000E+000
       125568  5.2708857328777781E-004  0.0000000000000000E+000
   0.0000000000000000E+000
       125760  5.9594976317769446E-004  0.0000000000000000E+000
   0.0000000000000000E+000
       125952  6.0369736268697273E-004  0.0000000000000000E+000
   0.0000000000000000E+000
       126144  5.6913167060103375E-004  0.0000000000000000E+000
   0.0000000000000000E+000
       126336  5.4357853019292891E-004  0.0000000000000000E+000
   0.0000000000000000E+000
       126528  5.3187073883237206E-004  0.0000000000000000E+000
   0.0000000000000000E+000
       126720  5.2973151819147874E-004  0.0000000000000000E+000
   0.0000000000000000E+000
       126912  5.2759313052010582E-004  0.0000000000000000E+000
   0.0000000000000000E+000
       127104  5.1420507297283470E-004  0.0000000000000000E+000
   0.0000000000000000E+000
       127296  4.8537402137392840E-004  0.0000000000000000E+000
   0.0000000000000000E+000
       127488  4.4458088967400838E-004  0.0000000000000000E+000
   0.0000000000000000E+000
       127680  4.0475767393678848E-004  0.0000000000000000E+000
   0.0000000000000000E+000
       127872  3.7220128328931010E-004  0.0000000000000000E+000
   0.0000000000000000E+000
       128064  3.5440722655552759E-004  0.0000000000000000E+000
   0.0000000000000000E+000
       128256  3.4853372185324595E-004  0.0000000000000000E+000
   0.0000000000000000E+000
       128448  3.5104392714003255E-004  0.0000000000000000E+000
   0.0000000000000000E+000
       128640  3.5871045612600159E-004  0.0000000000000000E+000
   0.0000000000000000E+000
       128832  3.7677432001455920E-004  0.0000000000000000E+000
   0.0000000000000000E+000
       129024  3.8592337300112861E-004  0.0000000000000000E+000
   0.0000000000000000E+000
       129216  4.3953386428106179E-004  0.0000000000000000E+000
   0.0000000000000000E+000
       129408  4.3463244038098115E-004  0.0000000000000000E+000
   0.0000000000000000E+000
       129600  4.8717051792171451E-004  0.0000000000000000E+000
   0.0000000000000000E+000
       129792  5.3064029628526019E-004  0.0000000000000000E+000
   0.0000000000000000E+000
       129984  5.5953352300556363E-004  0.0000000000000000E+000
   0.0000000000000000E+000
       130176  5.8890021406544034E-004  0.0000000000000000E+000
   0.0000000000000000E+000
       130368  6.3171744623829811E-004  0.0000000000000000E+000
   0.0000000000000000E+000
       130560  6.8080564471486617E-004  0.0000000000000000E+000
   0.0000000000000000E+000
       130752  7.0876090845197848E-004  0.0000000000000000E+000
   0.0000000000000000E+000
       130944  7.5156516408558024E-004  0.0000000000000000E+000
   0.0000000000000000E+000
       131136  9.1475320272881749E-004  0.0000000000000000E+000
   0.0000000000000000E+000
       131328  1.1859243571023218E-003  0.0000000000000000E+000
   0.0000000000000000E+000
       131520  1.4997595564608219E-003  0.0000000000000000E+000
   0.0000000000000000E+000
       131712  1.5491848000602796E-003  0.0000000000000000E+000
   0.0000000000000000E+000
       131904  8.0480969062850217E-004  0.0000000000000000E+000
   0.0000000000000000E+000
       132096  6.1490997755755256E-004  0.0000000000000000E+000
   0.0000000000000000E+000
       132288  5.2900901156139137E-004  0.0000000000000000E+000
   0.0000000000000000E+000
       132480  5.1796172051951238E-004  0.0000000000000000E+000
   0.0000000000000000E+000
       132672  4.8414614451679325E-004  0.0000000000000000E+000
   0.0000000000000000E+000
       132864  4.3330892743504931E-004  0.0000000000000000E+000
   0.0000000000000000E+000
       133056  3.9839533537154868E-004  0.0000000000000000E+000
   0.0000000000000000E+000
       133248  3.8059530242636548E-004  0.0000000000000000E+000
   0.0000000000000000E+000
       133440  3.7021597057262375E-004  0.0000000000000000E+000
   0.0000000000000000E+000
       133632  3.7050733059837171E-004  0.0000000000000000E+000
   0.0000000000000000E+000
       133824  3.9168307833177947E-004  0.0000000000000000E+000
   0.0000000000000000E+000
       134016  4.4826389999310696E-004  0.0000000000000000E+000
   0.0000000000000000E+000
       134208  5.2640328994279194E-004  0.0000000000000000E+000
   0.0000000000000000E+000
       134400  5.9596456187618733E-004  0.0000000000000000E+000
   0.0000000000000000E+000
       134592  6.0454658045635884E-004  0.0000000000000000E+000
   0.0000000000000000E+000
       134784  5.7031008204352798E-004  0.0000000000000000E+000
   0.0000000000000000E+000
       134976  5.4455246966857412E-004  0.0000000000000000E+000
   0.0000000000000000E+000
       135168  5.3225993148148265E-004  0.0000000000000000E+000
   0.0000000000000000E+000
       135360  5.2942884324109921E-004  0.0000000000000000E+000
   0.0000000000000000E+000
       135552  5.2705606182104376E-004  0.0000000000000000E+000
   0.0000000000000000E+000
       135744  5.1416074442742416E-004  0.0000000000000000E+000
   0.0000000000000000E+000
       135936  4.8528339261907916E-004  0.0000000000000000E+000
   0.0000000000000000E+000
       136128  4.4417663349136598E-004  0.0000000000000000E+000
   0.0000000000000000E+000
       136320  4.0416453611315700E-004  0.0000000000000000E+000
   0.0000000000000000E+000
       136512  3.7158659829473589E-004  0.0000000000000000E+000
   0.0000000000000000E+000
       136704  3.5411113551408677E-004  0.0000000000000000E+000
   0.0000000000000000E+000
       136896  3.4843080023949131E-004  0.0000000000000000E+000
   0.0000000000000000E+000
       137088  3.5080630322067248E-004  0.0000000000000000E+000
   0.0000000000000000E+000
       137280  3.5865795394422929E-004  0.0000000000000000E+000
   0.0000000000000000E+000
       137472  3.7667470193090117E-004  0.0000000000000000E+000
   0.0000000000000000E+000
       137664  3.8441860212197156E-004  0.0000000000000000E+000
   0.0000000000000000E+000
       137856  4.3902626477769962E-004  0.0000000000000000E+000
   0.0000000000000000E+000
       138048  4.3526605920005037E-004  0.0000000000000000E+000
   0.0000000000000000E+000
       138240  4.8775603778691666E-004  0.0000000000000000E+000
   0.0000000000000000E+000
       138432  5.2993216838390317E-004  0.0000000000000000E+000
   0.0000000000000000E+000
       138624  5.5668306042730789E-004  0.0000000000000000E+000
   0.0000000000000000E+000
       138816  5.8697029076162411E-004  0.0000000000000000E+000
   0.0000000000000000E+000
       139008  6.2852593567419763E-004  0.0000000000000000E+000
   0.0000000000000000E+000
       139200  6.7601613063557082E-004  0.0000000000000000E+000
   0.0000000000000000E+000
       139392  7.0539849236329779E-004  0.0000000000000000E+000
   0.0000000000000000E+000
       139584  7.4495796779188426E-004  0.0000000000000000E+000
   0.0000000000000000E+000
       139776  9.2194387934905336E-004  0.0000000000000000E+000
   0.0000000000000000E+000
       139968  1.2157562550089659E-003  0.0000000000000000E+000
   0.0000000000000000E+000
       140160  1.5811737335941949E-003  0.0000000000000000E+000
   0.0000000000000000E+000
       140352  1.5274796627147643E-003  0.0000000000000000E+000
   0.0000000000000000E+000
       140544  7.9408072388250837E-004  0.0000000000000000E+000
   0.0000000000000000E+000
       140736  6.0420125831753626E-004  0.0000000000000000E+000
   0.0000000000000000E+000
       140928  5.1939975370652344E-004  0.0000000000000000E+000
   0.0000000000000000E+000
       141120  5.1133911713971132E-004  0.0000000000000000E+000
   0.0000000000000000E+000
       141312  4.8475240766767151E-004  0.0000000000000000E+000
   0.0000000000000000E+000
       141504  4.3688879274858642E-004  0.0000000000000000E+000
   0.0000000000000000E+000
       141696  4.0143945794323131E-004  0.0000000000000000E+000
   0.0000000000000000E+000
       141888  3.8209768351410737E-004  0.0000000000000000E+000
   0.0000000000000000E+000
       142080  3.7178404519033943E-004  0.0000000000000000E+000
   0.0000000000000000E+000
       142272  3.7234518230978261E-004  0.0000000000000000E+000
   0.0000000000000000E+000
       142464  3.9336995827257454E-004  0.0000000000000000E+000
   0.0000000000000000E+000
       142656  4.4928990331325917E-004  0.0000000000000000E+000
   0.0000000000000000E+000
       142848  5.2632061943700412E-004  0.0000000000000000E+000
   0.0000000000000000E+000
       143040  5.9497605602035555E-004  0.0000000000000000E+000
   0.0000000000000000E+000
       143232  6.0340311976723700E-004  0.0000000000000000E+000
   0.0000000000000000E+000
       143424  5.6930077980048809E-004  0.0000000000000000E+000
   0.0000000000000000E+000
       143616  5.4358136443284719E-004  0.0000000000000000E+000
   0.0000000000000000E+000
       143808  5.3151573613288835E-004  0.0000000000000000E+000
   0.0000000000000000E+000
       144000  5.2904519442023709E-004  0.0000000000000000E+000
   0.0000000000000000E+000
       144192  5.2710909081180458E-004  0.0000000000000000E+000
   0.0000000000000000E+000
       144384  5.1481110157013620E-004  0.0000000000000000E+000
   0.0000000000000000E+000
       144576  4.8595423619581592E-004  0.0000000000000000E+000
   0.0000000000000000E+000
       144768  4.4453442870661574E-004  0.0000000000000000E+000
   0.0000000000000000E+000
       144960  4.0422998969007955E-004  0.0000000000000000E+000
   0.0000000000000000E+000
       145152  3.7147886631523115E-004  0.0000000000000000E+000
   0.0000000000000000E+000
       145344  3.5409281451926494E-004  0.0000000000000000E+000
   0.0000000000000000E+000
       145536  3.4847920188828708E-004  0.0000000000000000E+000
   0.0000000000000000E+000
       145728  3.5075203796627614E-004  0.0000000000000000E+000
   0.0000000000000000E+000
       145920  3.5879370692058982E-004  0.0000000000000000E+000
   0.0000000000000000E+000
       146112  3.7673638225269317E-004  0.0000000000000000E+000
   0.0000000000000000E+000
       146304  3.8382260924630025E-004  0.0000000000000000E+000
   0.0000000000000000E+000
       146496  4.3907358072163257E-004  0.0000000000000000E+000
   0.0000000000000000E+000
       146688  4.3458338841393957E-004  0.0000000000000000E+000
   0.0000000000000000E+000
       146880  4.8722300717344175E-004  0.0000000000000000E+000
   0.0000000000000000E+000
       147072  5.2973942216834487E-004  0.0000000000000000E+000
   0.0000000000000000E+000
       147264  5.5618043192961553E-004  0.0000000000000000E+000
   0.0000000000000000E+000
       147456  5.8312829570165894E-004  0.0000000000000000E+000
   0.0000000000000000E+000
       147648  6.2124363355309914E-004  0.0000000000000000E+000
   0.0000000000000000E+000
       147840  6.7129903676977796E-004  0.0000000000000000E+000
   0.0000000000000000E+000
       148032  7.0438608627821893E-004  0.0000000000000000E+000
   0.0000000000000000E+000
       148224  7.4595105248796494E-004  0.0000000000000000E+000
   0.0000000000000000E+000
       148416  9.6163563254810696E-004  0.0000000000000000E+000
   0.0000000000000000E+000
       148608  1.2381433688080873E-003  0.0000000000000000E+000
   0.0000000000000000E+000
       148800  1.5600182893277116E-003  0.0000000000000000E+000
   0.0000000000000000E+000
       148992  1.5169118330454147E-003  0.0000000000000000E+000
   0.0000000000000000E+000
       149184  7.9610860069011550E-004  0.0000000000000000E+000
   0.0000000000000000E+000
       149376  6.0763966260653040E-004  0.0000000000000000E+000
   0.0000000000000000E+000
       149568  5.2269788821816354E-004  0.0000000000000000E+000
   0.0000000000000000E+000
       149760  5.0995464354295901E-004  0.0000000000000000E+000
   0.0000000000000000E+000
       149952  4.8126951337542544E-004  0.0000000000000000E+000
   0.0000000000000000E+000
       150144  4.3557728707564525E-004  0.0000000000000000E+000
   0.0000000000000000E+000
       150336  4.0242731070502357E-004  0.0000000000000000E+000
   0.0000000000000000E+000
       150528  3.8255657942100221E-004  0.0000000000000000E+000
   0.0000000000000000E+000
       150720  3.7278455490044431E-004  0.0000000000000000E+000
   0.0000000000000000E+000
       150912  3.7371270378111135E-004  0.0000000000000000E+000
   0.0000000000000000E+000
       151104  3.9466716861120938E-004  0.0000000000000000E+000
   0.0000000000000000E+000
       151296  4.5000399925821831E-004  0.0000000000000000E+000
   0.0000000000000000E+000
       151488  5.2627839050755796E-004  0.0000000000000000E+000
   0.0000000000000000E+000
       151680  5.9452598148185536E-004  0.0000000000000000E+000
   0.0000000000000000E+000
       151872  6.0287553406851977E-004  0.0000000000000000E+000
   0.0000000000000000E+000
       152064  5.6874014090587430E-004  0.0000000000000000E+000
   0.0000000000000000E+000
       152256  5.4303248447390234E-004  0.0000000000000000E+000
   0.0000000000000000E+000
       152448  5.3106386592849744E-004  0.0000000000000000E+000
   0.0000000000000000E+000
       152640  5.2872789101247387E-004  0.0000000000000000E+000
   0.0000000000000000E+000
       152832  5.2698939738007086E-004  0.0000000000000000E+000
   0.0000000000000000E+000
       153024  5.1517916379395501E-004  0.0000000000000000E+000
   0.0000000000000000E+000
       153216  4.8626949527504201E-004  0.0000000000000000E+000
   0.0000000000000000E+000
       153408  4.4451340790104254E-004  0.0000000000000000E+000
   0.0000000000000000E+000
       153600  4.0393228104786323E-004  0.0000000000000000E+000
   0.0000000000000000E+000
       153792  3.7105824888037341E-004  0.0000000000000000E+000
   0.0000000000000000E+000
       153984  3.5381410519449719E-004  0.0000000000000000E+000
   0.0000000000000000E+000
       154176  3.4832985229940920E-004  0.0000000000000000E+000
   0.0000000000000000E+000
       154368  3.5052886965679814E-004  0.0000000000000000E+000
   0.0000000000000000E+000
       154560  3.5872146374016215E-004  0.0000000000000000E+000
   0.0000000000000000E+000
       154752  3.7655447522739327E-004  0.0000000000000000E+000
   0.0000000000000000E+000
       154944  3.8291762425966732E-004  0.0000000000000000E+000
   0.0000000000000000E+000
       155136  4.3885173331298296E-004  0.0000000000000000E+000
   0.0000000000000000E+000
       155328  4.3450886131745649E-004  0.0000000000000000E+000
   0.0000000000000000E+000
       155520  4.8723280068446885E-004  0.0000000000000000E+000
   0.0000000000000000E+000
       155712  5.2919570440563006E-004  0.0000000000000000E+000
   0.0000000000000000E+000
       155904  5.5441867762573134E-004  0.0000000000000000E+000
   0.0000000000000000E+000
       156096  5.8105804101561177E-004  0.0000000000000000E+000
   0.0000000000000000E+000
       156288  6.1951413270715304E-004  0.0000000000000000E+000
   0.0000000000000000E+000
       156480  6.6779063033882153E-004  0.0000000000000000E+000
   0.0000000000000000E+000
       156672  7.0350299079412844E-004  0.0000000000000000E+000
   0.0000000000000000E+000
       156864  7.4319113964740207E-004  0.0000000000000000E+000
   0.0000000000000000E+000
       157056  9.1860081274845664E-004  0.0000000000000000E+000
   0.0000000000000000E+000
       157248  1.2274949696026638E-003  0.0000000000000000E+000
   0.0000000000000000E+000
       157440  1.5599651274934142E-003  0.0000000000000000E+000
   0.0000000000000000E+000
       157632  1.5345055904318961E-003  0.0000000000000000E+000
   0.0000000000000000E+000
       157824  7.8428704192607247E-004  0.0000000000000000E+000
   0.0000000000000000E+000
       158016  6.1294567078699219E-004  0.0000000000000000E+000
   0.0000000000000000E+000
       158208  5.2792193663702899E-004  0.0000000000000000E+000
   0.0000000000000000E+000
       158400  5.1318583320826149E-004  0.0000000000000000E+000
   0.0000000000000000E+000
       158592  4.8278210459763141E-004  0.0000000000000000E+000
   0.0000000000000000E+000
       158784  4.3547429693117560E-004  0.0000000000000000E+000
   0.0000000000000000E+000
       158976  4.0165805918303065E-004  0.0000000000000000E+000
   0.0000000000000000E+000
       159168  3.8114981798975130E-004  0.0000000000000000E+000
   0.0000000000000000E+000
       159360  3.7171684015894552E-004  0.0000000000000000E+000
   0.0000000000000000E+000
       159552  3.7300600642464039E-004  0.0000000000000000E+000
   0.0000000000000000E+000
       159744  3.9416108713983904E-004  0.0000000000000000E+000
   0.0000000000000000E+000
       159936  4.4957199782323415E-004  0.0000000000000000E+000
   0.0000000000000000E+000
       160128  5.2613310439958633E-004  0.0000000000000000E+000
   0.0000000000000000E+000
       160320  5.9523199424260740E-004  0.0000000000000000E+000
   0.0000000000000000E+000
       160512  6.0441995215276617E-004  0.0000000000000000E+000
   0.0000000000000000E+000
       160704  5.7047560404879371E-004  0.0000000000000000E+000
   0.0000000000000000E+000
       160896  5.4438277137143390E-004  0.0000000000000000E+000
   0.0000000000000000E+000
       161088  5.3165589126147512E-004  0.0000000000000000E+000
   0.0000000000000000E+000
       161280  5.2850139630485754E-004  0.0000000000000000E+000
   0.0000000000000000E+000
       161472  5.2632667050904881E-004  0.0000000000000000E+000
   0.0000000000000000E+000
       161664  5.1490023582260503E-004  0.0000000000000000E+000
   0.0000000000000000E+000
       161856  4.8604700667639954E-004  0.0000000000000000E+000
   0.0000000000000000E+000
       162048  4.4417015140651246E-004  0.0000000000000000E+000
   0.0000000000000000E+000
       162240  4.0353523333607773E-004  0.0000000000000000E+000
   0.0000000000000000E+000
       162432  3.7070031261805369E-004  0.0000000000000000E+000
   0.0000000000000000E+000
       162624  3.5368596516647502E-004  0.0000000000000000E+000
   0.0000000000000000E+000
       162816  3.4837486753895548E-004  0.0000000000000000E+000
   0.0000000000000000E+000
       163008  3.5047591111010012E-004  0.0000000000000000E+000
   0.0000000000000000E+000
       163200  3.5874257739437629E-004  0.0000000000000000E+000
   0.0000000000000000E+000
       163392  3.7635388924312879E-004  0.0000000000000000E+000
   0.0000000000000000E+000
       163584  3.8195884377128749E-004  0.0000000000000000E+000
   0.0000000000000000E+000
       163776  4.3856502926502988E-004  0.0000000000000000E+000
   0.0000000000000000E+000
       163968  4.3507879589601103E-004  0.0000000000000000E+000
   0.0000000000000000E+000
       164160  4.8773670290792968E-004  0.0000000000000000E+000
   0.0000000000000000E+000
       164352  5.2873604779471374E-004  0.0000000000000000E+000
   0.0000000000000000E+000
       164544  5.5234152449216945E-004  0.0000000000000000E+000
   0.0000000000000000E+000
       164736  5.7877544197881142E-004  0.0000000000000000E+000
   0.0000000000000000E+000
       164928  6.1781833125867502E-004  0.0000000000000000E+000
   0.0000000000000000E+000
       165120  6.6610741664345290E-004  0.0000000000000000E+000
   0.0000000000000000E+000
       165312  7.0117343180287571E-004  0.0000000000000000E+000
   0.0000000000000000E+000
       165504  7.2376631320097441E-004  0.0000000000000000E+000
   0.0000000000000000E+000
       165696  9.5981181028996780E-004  0.0000000000000000E+000
   0.0000000000000000E+000
       165888  1.2931601558823173E-003  0.0000000000000000E+000
   0.0000000000000000E+000
       166080  1.6011608590525690E-003  0.0000000000000000E+000
   0.0000000000000000E+000
       166272  1.5091391566565443E-003  0.0000000000000000E+000
   0.0000000000000000E+000
       166464  7.7246896037177592E-004  0.0000000000000000E+000
   0.0000000000000000E+000
       166656  6.0476812869406397E-004  0.0000000000000000E+000
   0.0000000000000000E+000
       166848  5.2728995539979390E-004  0.0000000000000000E+000
   0.0000000000000000E+000
       167040  5.0457178882982155E-004  0.0000000000000000E+000
   0.0000000000000000E+000
       167232  4.7686394662495372E-004  0.0000000000000000E+000
   0.0000000000000000E+000
       167424  4.3429124037835167E-004  0.0000000000000000E+000
   0.0000000000000000E+000
       167616  4.0278439773097478E-004  0.0000000000000000E+000
   0.0000000000000000E+000
       167808  3.8312104808758117E-004  0.0000000000000000E+000
   0.0000000000000000E+000
       168000  3.7429964890722242E-004  0.0000000000000000E+000
   0.0000000000000000E+000
       168192  3.7583363712278097E-004  0.0000000000000000E+000
   0.0000000000000000E+000
       168384  3.9687863951057083E-004  0.0000000000000000E+000
   0.0000000000000000E+000
       168576  4.5178547227598916E-004  0.0000000000000000E+000
   0.0000000000000000E+000
       168768  5.2712039806089930E-004  0.0000000000000000E+000
   0.0000000000000000E+000
       168960  5.9462631929550541E-004  0.0000000000000000E+000
   0.0000000000000000E+000
       169152  6.0269536853338858E-004  0.0000000000000000E+000
   0.0000000000000000E+000
       169344  5.6835774590816869E-004  0.0000000000000000E+000
   0.0000000000000000E+000
       169536  5.4229222802934453E-004  0.0000000000000000E+000
   0.0000000000000000E+000
       169728  5.3010619629790721E-004  0.0000000000000000E+000
   0.0000000000000000E+000
       169920  5.2781102444657843E-004  0.0000000000000000E+000
   0.0000000000000000E+000
       170112  5.2639349310437656E-004  0.0000000000000000E+000
   0.0000000000000000E+000
       170304  5.1538926084418641E-004  0.0000000000000000E+000
   0.0000000000000000E+000
       170496  4.8665816014331923E-004  0.0000000000000000E+000
   0.0000000000000000E+000
       170688  4.4469029299081035E-004  0.0000000000000000E+000
   0.0000000000000000E+000
       170880  4.0387201612411859E-004  0.0000000000000000E+000
   0.0000000000000000E+000
       171072  3.7084622648131377E-004  0.0000000000000000E+000
   0.0000000000000000E+000
       171264  3.5371940371837883E-004  0.0000000000000000E+000
   0.0000000000000000E+000
       171456  3.4835315211497364E-004  0.0000000000000000E+000
   0.0000000000000000E+000
       171648  3.5042655630184019E-004  0.0000000000000000E+000
   0.0000000000000000E+000
       171840  3.5881627404922453E-004  0.0000000000000000E+000
   0.0000000000000000E+000
       172032  3.7638155386881102E-004  0.0000000000000000E+000
   0.0000000000000000E+000
       172224  3.8203283154531267E-004  0.0000000000000000E+000
   0.0000000000000000E+000
       172416  4.3877298633401363E-004  0.0000000000000000E+000
   0.0000000000000000E+000
       172608  4.3447019898748551E-004  0.0000000000000000E+000
   0.0000000000000000E+000
       172800  4.8725070924045955E-004  0.0000000000000000E+000
   0.0000000000000000E+000
