          192 -1.0390719095750920E-004
          384 -7.8649568179043879E-005
          576 -6.5650758862850254E-005
          768 -5.5337663033534078E-005
          960 -4.9938627806203449E-005
         1152 -4.5741897749317480E-005
         1344 -4.1175298931234927E-005
         1536 -3.5360835565386684E-005
         1728 -3.2087255366292707E-005
         1920 -2.8824924261966123E-005
         2112 -2.4051356017246764E-005
         2304 -2.2483796397693121E-005
         2496 -2.2602150526052240E-005
         2688 -2.6397092326778697E-005
         2880 -3.6725149633618862E-005
         3072 -4.6916787242554873E-005
         3264 -5.6155458982701719E-005
         3456 -6.7449516019666122E-005
         3648 -8.1097545131470264E-005
         3840 -9.5035787641915869E-005
         4032 -1.0924869186306399E-004
         4224 -1.2325556637042781E-004
         4416 -1.3666515869624840E-004
         4608 -1.4925361215250321E-004
         4800 -1.5933179378017687E-004
         4992 -1.6014009048387557E-004
         5184 -1.5968929085934398E-004
         5376 -1.5975572753374167E-004
         5568 -1.5657647397986161E-004
         5760 -1.4571373001570024E-004
         5952 -1.3523958738279686E-004
         6144 -1.2550987555973679E-004
         6336 -1.1231028087012596E-004
         6528 -9.6284598075404700E-005
         6720 -8.1487112915340802E-005
         6912 -6.7702200416533680E-005
         7104 -5.4036198086050434E-005
         7296 -5.3408622949127857E-005
         7488 -4.4992839135102969E-005
         7680 -3.3010862037558880E-005
         7872 -2.9526405100857686E-005
         8064 -1.6841099050646361E-005
         8256 -1.1866345459576486E-005
         8448 -2.1050684079147742E-006
         8640  3.9404076288132860E-006
         8832  9.8528673702357887E-006
         9024  1.4364781905012771E-005
         9216  1.7914925721950713E-005
         9408  2.0716510621116278E-005
         9600  1.9495020335326005E-005
         9792  1.9908062286263390E-005
         9984  2.0556825406284884E-005
        10176  2.4897616885085886E-005
        10368  2.4815638957966878E-005
        10560  2.6914564832007101E-005
        10752  3.2046130653161471E-005
        10944  3.2091595817445432E-005
        11136  2.9924618350828620E-005
        11328  2.4389166437429468E-005
        11520  1.2714470022475922E-005
        11712  1.0599724657876925E-006
        11904 -1.0112451421770635E-005
        12096 -2.3865235618038043E-005
        12288 -4.0018982678619631E-005
        12480 -5.5785509373277995E-005
        12672 -7.1209672560865753E-005
        12864 -8.6229008634099977E-005
        13056 -1.0064446994833064E-004
        13248 -1.1429489084652909E-004
        13440 -1.2555348443352637E-004
        13632 -1.2782139285519496E-004
        13824 -1.2870415825331862E-004
        14016 -1.2989301008437955E-004
        14208 -1.2775655272188874E-004
        14400 -1.1800652118622194E-004
        14592 -1.0853432670794878E-004
        14784 -9.9786914385723507E-005
        14976 -8.7707648072374024E-005
        15168 -7.2873959052442461E-005
        15360 -5.9180003986464390E-005
        15552 -4.6359118123402533E-005
        15744 -3.2945777180527112E-005
        15936 -2.8158068799363000E-005
        16128 -1.7941399775666360E-005
        16320 -6.0207499666957808E-006
        16512  3.3562729713124250E-007
        16704  1.2449031760312141E-005
        16896  1.8620900409774072E-005
        17088  2.8157818060136018E-005
        17280  3.4866415672631130E-005
        17472  4.0730921143743833E-005
        17664  4.5308684420652782E-005
        17856  4.8901697279388361E-005
        18048  5.1670469086817260E-005
        18240  5.0872519846556993E-005
        18432  4.1644266896227595E-005
        18624  3.8509576502502014E-005
        18816  4.0209832316584490E-005
        19008  4.1860119481848971E-005
        19200  4.5951632288066388E-005
        19392  5.0977373684773022E-005
        19584  4.9918378654466945E-005
        19776  4.6459604873272906E-005
        19968  3.9858769492704145E-005
        20160  2.7253174217157334E-005
        20352  1.4639352702897560E-005
        20544  2.5633248863465338E-006
        20736 -1.1949380612640975E-005
        20928 -2.8612915165628917E-005
        21120 -4.4476051310734211E-005
        21312 -5.9587881747980400E-005
        21504 -7.4074576230026933E-005
        21696 -8.7990431564103223E-005
        21888 -1.0133105786027494E-004
        22080 -1.1258506508342993E-004
        22272 -1.1528054089368885E-004
        22464 -1.1661830833946495E-004
        22656 -1.1814410045784182E-004
        22848 -1.1634573775459477E-004
        23040 -1.0706313419552173E-004
        23232 -9.8099580905746083E-005
        23424 -8.9869027266246650E-005
        23616 -7.8316205753448906E-005
        23808 -6.3949512136553428E-005
        24000 -5.0606905183113133E-005
        24192 -3.8043056690989971E-005
        24384 -2.4650284180648261E-005
        24576 -1.8550580723217490E-005
        24768 -7.8634038685510771E-006
        24960  4.1725845208100975E-006
        25152  1.1839729815279936E-005
        25344  2.3888386868842966E-005
        25536  3.0943168015400812E-005
        25728  4.0912206458040304E-005
        25920  4.7785725303301770E-005
        26112  5.4084060637543746E-005
        26304  5.9421302019445849E-005
        26496  6.4149766400586127E-005
        26688  6.6933430081494389E-005
        26880  6.7809199132871231E-005
        27072  5.3126961858550686E-005
        27264  4.5615186628006177E-005
        27456  4.6089093203612856E-005
        27648  5.0495868079833267E-005
        27840  5.5071495533916704E-005
        28032  6.0279152582445251E-005
        28224  5.9026842938334158E-005
        28416  5.5031630094968676E-005
        28608  4.7969528357869325E-005
        28800  3.5050445203938451E-005
        28992  2.2196690763871018E-005
        29184  9.9278282250080293E-006
        29376 -4.7284354295410719E-006
        29568 -2.1518394432068509E-005
        29760 -3.7541777320151333E-005
        29952 -5.2862700769489918E-005
        30144 -6.7607879742882321E-005
        30336 -8.1816128767522921E-005
        30528 -9.5425040899644513E-005
        30720 -1.0670891437787980E-004
        30912 -1.0892675550595225E-004
        31104 -1.0992539623982376E-004
        31296 -1.1159120132541304E-004
        31488 -1.1006514615266011E-004
        31680 -1.0103956872378164E-004
        31872 -9.2263846376718718E-005
        32064 -8.4196701073642070E-005
        32256 -7.2831945944097922E-005
        32448 -5.8671350037704532E-005
        32640 -4.5518687514675087E-005
        32832 -3.3121455627179483E-005
        33024 -1.9773516291841502E-005
        33216 -1.2933386400707208E-005
        33408 -1.9488782024931896E-006
        33600  1.0068343904083106E-005
        33792  1.8290817229301639E-005
        33984  3.0192191049577812E-005
        34176  3.7717047978902777E-005
        34368  4.7799003131221899E-005
        34560  5.4848515812368466E-005
        34752  6.1648730816284608E-005
        34944  6.7140454367452203E-005
        35136  7.2357859893652809E-005
        35328  7.4738729836078496E-005
        35520  7.7264485936060702E-005
        35712  6.4437877749155118E-005
        35904  4.8685221868471856E-005
        36096  5.1775825553210697E-005
        36288  5.6035614088224154E-005
        36480  5.9578798066377717E-005
        36672  6.5113785197941644E-005
        36864  6.3927255008173567E-005
        37056  5.9618390973370857E-005
        37248  5.2347114658506816E-005
        37440  3.9324642712555375E-005
        37632  2.6412990533977449E-005
        37824  1.4114311983800950E-005
        38016 -5.4460094793458184E-007
        38208 -1.7331912639573930E-005
        38400 -3.3383908315781559E-005
        38592 -4.8783552188265548E-005
        38784 -6.3668434961986555E-005
        38976 -7.8085431427105557E-005
        39168 -9.1984393215556272E-005
        39360 -1.0364692848515901E-004
        39552 -1.0618884093474689E-004
        39744 -1.0688615827671757E-004
        39936 -1.0834544047906870E-004
        40128 -1.0687369992344173E-004
        40320 -9.7957332340137504E-005
        40512 -8.9238559565770173E-005
        40704 -8.1194400789747089E-005
        40896 -6.9867055125610078E-005
        41088 -5.5780504055182336E-005
        41280 -4.2725225428659641E-005
        41472 -3.0433232458967008E-005
        41664 -1.7125522365354259E-005
        41856 -9.8455027224965082E-006
        42048  1.3390370895240889E-006
        42240  1.3325790004699999E-005
        42432  2.1711027003006425E-005
        42624  3.3442370757656079E-005
        42816  4.1131740752832347E-005
        43008  5.1271493179169680E-005
        43200  5.8394961488371597E-005
        43392  6.5116367684759339E-005
        43584  7.0885152251554513E-005
        43776  7.6747253054257157E-005
        43968  7.9028180977869250E-005
        44160  8.2515536378231725E-005
        44352  7.4976443304607617E-005
        44544  5.1701691909075097E-005
        44736  5.0690979631692563E-005
        44928  5.4292169718044422E-005
        45120  5.8659546215929165E-005
        45312  6.5973060871337593E-005
        45504  6.4879994705403332E-005
        45696  6.0292360636132053E-005
        45888  5.2913200934508073E-005
        46080  3.9912560316738943E-005
        46272  2.7099751852403868E-005
        46464  1.4950999350217001E-005
        46656  4.6770695434410672E-007
        46848 -1.6152003833139187E-005
        47040 -3.2086731283703423E-005
        47232 -4.7451396291817887E-005
        47424 -6.2392607297671212E-005
        47616 -7.6949883458249792E-005
        47808 -9.1077183502320553E-005
        48000 -1.0309557704347778E-004
        48192 -1.0615142742877845E-004
        48384 -1.0706825460269078E-004
        48576 -1.0816931493407890E-004
        48768 -1.0655014755670716E-004
        48960 -9.7608990295460629E-005
        49152 -8.8837818719088473E-005
        49344 -8.0701105651755165E-005
        49536 -6.9280548188695013E-005
        49728 -5.5136173631029993E-005
        49920 -4.2066881519813152E-005
        50112 -2.9798596565487055E-005
        50304 -1.6521767374833419E-005
        50496 -9.0994589692746568E-006
        50688  2.2274295704356777E-006
        50880  1.4150613777946614E-005
        51072  2.2483182215604809E-005
        51264  3.4075143641925077E-005
        51456  4.1696725842516505E-005
        51648  5.1905420958468108E-005
        51840  5.8972651265232007E-005
        52032  6.6029866996041462E-005
        52224  7.1395605649163203E-005
        52416  7.7645252467035457E-005
        52608  8.0117104649095019E-005
        52800  8.4299593369088199E-005
        52992  7.8209107785903585E-005
        53184  5.2950505192786380E-005
        53376  5.0183006733596865E-005
        53568  5.3805883514291537E-005
        53760  5.8419472346152518E-005
        53952  6.6204308818798772E-005
        54144  6.5401308166292783E-005
        54336  6.0790017418431571E-005
        54528  5.3441127178805341E-005
        54720  4.0534739265443832E-005
        54912  2.7835990416776736E-005
        55104  1.5809237560904569E-005
        55296  1.4475375964600271E-006
        55488 -1.5066692659071719E-005
        55680 -3.0934305352579213E-005
        55872 -4.6281941837943044E-005
        56064 -6.1252637711821096E-005
        56256 -7.5874249971605168E-005
        56448 -9.0102717159607564E-005
        56640 -1.0229584964394763E-004
        56832 -1.0568047530797555E-004
        57024 -1.0706361477537107E-004
        57216 -1.0826763046784427E-004
        57408 -1.0658376416901030E-004
        57600 -9.7615603802422428E-005
        57792 -8.8794972911640483E-005
        57984 -8.0569157430950228E-005
        58176 -6.9052390659518585E-005
        58368 -5.4830348882523405E-005
        58560 -4.1710613285111794E-005
        58752 -2.9428186783096822E-005
        58944 -1.6166953596167935E-005
        59136 -8.6464962344666430E-006
        59328  2.8645568818679575E-006
        59520  1.4791627572444154E-005
        59712  2.3073641436384891E-005
        59904  3.4561529781882836E-005
        60096  4.2063590825706136E-005
        60288  5.2258156659666881E-005
        60480  5.9306362474967282E-005
        60672  6.6064587374152175E-005
        60864  7.2017071708315621E-005
        61056  7.8096173696942238E-005
        61248  8.1024808134512382E-005
        61440  8.4777029924103050E-005
        61632  8.3238618976208062E-005
        61824  6.0083770328216817E-005
        62016  4.7816536523870075E-005
        62208  5.0077877311467819E-005
        62400  5.5421164379603831E-005
        62592  6.4953597899983321E-005
        62784  6.4609015515533049E-005
        62976  6.0027839968615848E-005
        63168  5.2693337210893254E-005
        63360  3.9889529306292600E-005
        63552  2.7341453360090393E-005
        63744  1.5498779587048711E-005
        63936  1.3353531154249001E-006
        64128 -1.4993050138915465E-005
        64320 -3.0719394235889256E-005
        64512 -4.5990663393675353E-005
        64704 -6.0993224077428125E-005
        64896 -7.5759784747180857E-005
        65088 -9.0064577013976500E-005
        65280 -1.0230924945945860E-004
        65472 -1.0580575652406480E-004
        65664 -1.0746277831887934E-004
        65856 -1.0899174319011795E-004
        66048 -1.0743596661953390E-004
        66240 -9.8488468102858758E-005
        66432 -8.9621794435982210E-005
        66624 -8.1290060552829219E-005
        66816 -6.9653426119650570E-005
        67008 -5.5325303709920436E-005
        67200 -4.2116713720373094E-005
        67392 -2.9772437569534170E-005
        67584 -1.6498991637086464E-005
        67776 -9.0243665352497246E-006
        67968  2.6147896765419810E-006
        68160  1.4580510457826029E-005
        68352  2.2801796641141211E-005
        68544  3.4221248321295326E-005
        68736  4.1504809034075120E-005
        68928  5.1654212104915083E-005
        69120  5.8662593052682933E-005
        69312  6.5367301171393718E-005
        69504  7.1446119819866235E-005
        69696  7.7070003042874362E-005
        69888  8.0605232126220160E-005
        70080  8.3991319097349295E-005
        70272  8.5405756811262571E-005
        70464  6.5712024575588889E-005
        70656  4.7020605012536523E-005
        70848  4.6147175543219504E-005
        71040  5.0837763088901951E-005
        71232  6.1433479382937920E-005
        71424  6.2739856571572403E-005
        71616  5.8450900238503336E-005
        71808  5.1170934292012855E-005
        72000  3.8392011560035299E-005
        72192  2.5886606037204184E-005
        72384  1.4100621745126880E-005
        72576  2.2070804667913931E-008
        72768 -1.6186949770623443E-005
        72960 -3.1785781965665608E-005
        73152 -4.7198048488348242E-005
        73344 -6.2555532930867161E-005
        73536 -7.7465511714864307E-005
        73728 -9.1644379288082325E-005
        73920 -1.0351748347914640E-004
        74112 -1.0658373221041318E-004
        74304 -1.0816541246486115E-004
        74496 -1.1007644160394355E-004
        74688 -1.0872090329461209E-004
        74880 -9.9766388705255652E-005
        75072 -9.0831424677650439E-005
        75264 -8.2426395630476351E-005
        75456 -7.0714128885943599E-005
        75648 -5.6309563607929633E-005
        75840 -4.3028638291472752E-005
        76032 -3.0621193767542007E-005
        76224 -1.7343026726029359E-005
        76416 -1.0079042307946330E-005
        76608  1.6283323070330698E-006
        76800  1.3553571197584552E-005
        76992  2.1979463159794044E-005
        77184  3.3371342978855450E-005
        77376  4.0567500590874911E-005
        77568  5.0737035669602558E-005
        77760  5.7952383334821226E-005
        77952  6.4980626224342731E-005
        78144  7.0811487952063842E-005
        78336  7.6823993569329180E-005
        78528  8.0040260689182154E-005
        78720  8.3998750762764447E-005
        78912  8.3545582434749519E-005
        79104  5.9764276641285250E-005
        79296  4.8196592637497952E-005
        79488  4.8627144080719469E-005
        79680  5.3484959067646546E-005
        79872  6.3683394548432411E-005
        80064  6.5059176888085141E-005
        80256  6.0751616757842072E-005
        80448  5.3448717978792590E-005
        80640  4.0688345417474985E-005
        80832  2.8243850437399807E-005
        81024  1.6530758026625565E-005
        81216  2.5279450780793342E-006
        81408 -1.3630174254605040E-005
        81600 -2.9434977363220117E-005
        81792 -4.5186950129022196E-005
        81984 -6.0677165706034420E-005
        82176 -7.5583893468518068E-005
        82368 -8.9711658478835974E-005
        82560 -1.0149785108083532E-004
        82752 -1.0455867533062294E-004
        82944 -1.0629882890100372E-004
        83136 -1.0834742675060900E-004
        83328 -1.0710277640249742E-004
        83520 -9.8265527368781872E-005
        83712 -8.9424313289112131E-005
        83904 -8.1058206145279716E-005
        84096 -6.9354677186822595E-005
        84288 -5.4958959374685541E-005
        84480 -4.1686093692447931E-005
        84672 -2.9286316861250654E-005
        84864 -1.5975282401929687E-005
        85056 -8.4351650584318558E-006
        85248  3.3062261429488649E-006
        85440  1.5413706002309582E-005
        85632  2.3946102556538448E-005
        85824  3.5284583324923402E-005
        86016  4.2519217079727977E-005
        86208  5.2718007043049899E-005
        86400  5.9912838293621136E-005
        86592  6.6826658976483651E-005
        86784  7.3037554339092626E-005
        86976  7.8757208228961151E-005
        87168  8.2958872712008062E-005
        87360  8.5404733202927989E-005
        87552  8.7026625792686364E-005
        87744  7.6188142452423578E-005
        87936  5.4088375197918403E-005
        88128  5.0336687377746120E-005
        88320  5.2141116146691563E-005
        88512  6.3019921128459804E-005
        88704  6.5928861111455494E-005
        88896  6.1919946667360849E-005
        89088  5.4595926170476590E-005
        89280  4.1729755935684139E-005
        89472  2.9172950855091639E-005
        89664  1.7345868614655399E-005
        89856  3.2576826409483341E-006
        90048 -1.2931849906469974E-005
        90240 -2.8686902410473237E-005
        90432 -4.4393111335909086E-005
        90624 -5.9874257845359243E-005
        90816 -7.4793104711885430E-005
        91008 -8.8938582602296018E-005
        91200 -1.0073702721802779E-004
        91392 -1.0380607266744951E-004
        91584 -1.0554881804876536E-004
        91776 -1.0759871456022643E-004
        91968 -1.0635985372781108E-004
        92160 -9.7538368229930353E-005
        92352 -8.8718059986576362E-005
        92544 -8.0375750351165074E-005
        92736 -6.8695950988251978E-005
        92928 -5.4321298422279303E-005
        93120 -4.1065707260375110E-005
        93312 -2.8681061020257120E-005
        93504 -1.5383576834005056E-005
        93696 -7.7821633731640836E-006
        93888  4.0494916669714460E-006
        94080  1.6092225383146338E-005
        94272  2.4793799892432731E-005
        94464  3.6092096860547719E-005
        94656  4.3371399966734946E-005
        94848  5.3537625399449851E-005
        95040  6.0859712535262605E-005
        95232  6.7720963152320955E-005
        95424  7.3926909833790295E-005
        95616  7.9769269905623664E-005
        95808  8.3178593363169521E-005
        96000  8.6659120313809532E-005
        96192  8.7769188125237359E-005
        96384  7.2143055897560618E-005
        96576  5.2182460266877260E-005
        96768  5.0655626762343464E-005
        96960  5.3894587987500644E-005
        97152  6.5577085782370030E-005
        97344  6.7965072853025225E-005
        97536  6.3892905073317362E-005
        97728  5.6551429239671938E-005
        97920  4.3714177215631596E-005
        98112  3.1207494498850208E-005
        98304  1.9435375750885826E-005
        98496  5.3959618450140735E-006
        98688 -1.0796900377265827E-005
        98880 -2.6719606971332255E-005
        99072 -4.2545444912845477E-005
        99264 -5.8059076378571451E-005
        99456 -7.2970019149363357E-005
        99648 -8.7104536360597577E-005
        99840 -9.8916049591446658E-005
       100032 -1.0203775507837987E-004
       100224 -1.0384472801040789E-004
       100416 -1.0596187152215975E-004
       100608 -1.0480392223122879E-004
       100800 -9.6083047947998797E-005
       100992 -8.7347081707617766E-005
       101184 -7.9046039553594383E-005
       101376 -6.7383289447828446E-005
       101568 -5.3027355141093975E-005
       101760 -3.9790668089754949E-005
       101952 -2.7422388511359198E-005
       102144 -1.4094067600469528E-005
       102336 -6.2149035624058749E-006
       102528  5.6425275881837116E-006
       102720  1.7860303878511538E-005
       102912  2.6590513799012482E-005
       103104  3.7857999956071004E-005
       103296  4.5229484444966764E-005
       103488  5.5430413146673404E-005
       103680  6.2721932184632082E-005
       103872  6.9730704302896167E-005
       104064  7.6124141538567194E-005
       104256  8.1631118602189611E-005
       104448  8.6092065255883191E-005
       104640  8.8371077622364331E-005
       104832  9.0572580038436728E-005
       105024  8.6727102019551293E-005
       105216  6.0573852274027886E-005
       105408  5.2697183599666673E-005
       105600  5.4040629318579891E-005
       105792  6.5361869084498323E-005
       105984  6.8814931976944385E-005
       106176  6.5026514771845766E-005
       106368  5.7746990007447460E-005
       106560  4.4858605178666264E-005
       106752  3.2246024298629192E-005
       106944  2.0331178858156054E-005
       107136  6.1452999944154578E-006
       107328 -1.0135988395549956E-005
       107520 -2.5938701689094932E-005
       107712 -4.1654489078692236E-005
       107904 -5.7145460678032602E-005
       108096 -7.2083764747549636E-005
       108288 -8.6258512586478078E-005
       108480 -9.8098059694026897E-005
       108672 -1.0123486505082074E-004
       108864 -1.0304689090189876E-004
       109056 -1.0516537645808164E-004
       109248 -1.0400667797603410E-004
       109440 -9.5284664017566685E-005
       109632 -8.6547960706086241E-005
       109824 -7.8261161981805453E-005
       110016 -6.6629749414759865E-005
       110208 -5.2308197998858433E-005
       110400 -3.9101653946282159E-005
       110592 -2.6760414794261853E-005
       110784 -1.3453225877923633E-005
       110976 -5.5018784622515466E-006
       111168  6.4442451002884416E-006
       111360  1.8586417817154543E-005
       111552  2.7467886676660933E-005
       111744  3.8714088007334068E-005
       111936  4.6157183534654568E-005
       112128  5.6324784978817351E-005
       112320  6.3733626592579195E-005
       112512  7.1083723314328162E-005
       112704  7.7034944472849939E-005
       112896  8.2844527011547421E-005
       113088  8.6452840781658154E-005
       113280  8.9703457186369741E-005
       113472  9.2042488076547125E-005
       113664  8.3065634113488923E-005
       113856  5.9164884914345303E-005
       114048  5.3267220323765075E-005
       114240  5.7887103282770245E-005
       114432  6.8794913466904811E-005
       114624  7.1759677082456835E-005
       114816  6.7785258778705728E-005
       115008  6.0436155618111966E-005
       115200  4.7525490931188486E-005
       115392  3.4890823114944212E-005
       115584  2.2948807236499099E-005
       115776  8.7333581948397568E-006
       115968 -7.5891990138756117E-006
       116160 -2.3469231808172333E-005
       116352 -3.9252630949964912E-005
       116544 -5.4786536431825189E-005
       116736 -6.9755689288379736E-005
       116928 -8.3959949362590264E-005
       117120 -9.5838956271272183E-005
       117312 -9.9042243433687763E-005
       117504 -1.0092336427204301E-004
       117696 -1.0310765223406748E-004
       117888 -1.0202099845277382E-004
       118080 -9.3385269950810283E-005
       118272 -8.4723125254714134E-005
       118464 -7.6490867915894760E-005
       118656 -6.4908628206924966E-005
       118848 -5.0638595817310581E-005
       119040 -3.7478892504733411E-005
       119232 -2.5178861926848168E-005
       119424 -1.1870422842620213E-005
       119616 -3.6329401160583667E-006
       119808  8.4294791698437588E-006
       120000  2.0642822049317604E-005
       120192  2.9713283539445407E-005
       120384  4.0896479199602013E-005
       120576  4.8525143931531008E-005
       120768  5.8731083931619796E-005
       120960  6.6262549214864773E-005
       121152  7.3295498714100692E-005
       121344  7.9731017098579767E-005
       121536  8.5617606084187873E-005
       121728  8.9614793632833523E-005
       121920  9.2504348892935492E-005
       122112  9.4448776047247556E-005
       122304  7.8951992634893915E-005
       122496  6.2343278121933723E-005
       122688  5.7680062698697481E-005
       122880  6.0457913536907397E-005
       123072  7.2162513967944950E-005
       123264  7.4930922826290457E-005
       123456  7.0791104597717092E-005
       123648  6.3389329457222136E-005
       123840  5.0478381768943966E-005
       124032  3.7853341214687756E-005
       124224  2.5919457781692735E-005
       124416  1.1707916750325268E-005
       124608 -4.6514103285136800E-006
       124800 -2.0701871275614373E-005
       124992 -3.6612303892353550E-005
       125184 -5.2198708880019765E-005
       125376 -6.7185917733008065E-005
       125568 -8.1405604813731227E-005
       125760 -9.3321009921790897E-005
       125952 -9.6600378399773555E-005
       126144 -9.8564204244051414E-005
       126336 -1.0082928972710630E-004
       126528 -9.9835261963511452E-005
       126720 -9.1315384687536385E-005
       126912 -8.2758266662437733E-005
       127104 -7.4596720592914469E-005
       127296 -6.3063830283608186E-005
       127488 -4.8842311426252392E-005
       127680 -3.5727787973655467E-005
       127872 -2.3467369027259638E-005
       128064 -1.0146060037458526E-005
       128256 -1.5860979116325702E-006
       128448  1.0560119749300108E-005
       128640  2.2866735127621968E-005
       128832  3.2091035946992299E-005
       129024  4.3207169339676032E-005
       129216  5.0956687972955641E-005
       129408  6.1155241242457115E-005
       129600  6.8752839459241210E-005
       129792  7.5813295371971742E-005
       129984  8.2300276041547742E-005
       130176  8.8068487533851327E-005
       130368  9.1681325705315629E-005
       130560  9.4906647936292445E-005
       130752  9.7072076613365129E-005
       130944  8.6329809167690419E-005
       131136  6.3917049050546941E-005
       131328  6.0356150023922887E-005
       131520  6.3583891420956383E-005
       131712  7.5182214713219778E-005
       131904  7.8000074750601324E-005
       132096  7.3773851009124308E-005
       132288  6.6293063910349002E-005
       132480  5.3325534177947578E-005
       132672  4.0653836554509277E-005
       132864  2.8679300892265264E-005
       133056  1.4440287644249096E-005
       133248 -1.9659503792635746E-006
       133440 -1.8115350124019690E-005
       133632 -3.4094115552257374E-005
       133824 -4.9719407894875533E-005
       134016 -6.4733988241932587E-005
       134208 -7.8982159561007511E-005
       134400 -9.0937288895831669E-005
       134592 -9.4282724481499250E-005
       134784 -9.6312889748933732E-005
       134976 -9.8640185469768223E-005
       135168 -9.7717185837818021E-005
       135360 -8.9289066826477774E-005
       135552 -8.0819494854502536E-005
       135744 -7.2728025834286830E-005
       135936 -6.1253643330860363E-005
       136128 -4.7087558449752308E-005
       136320 -3.4022281048472391E-005
       136512 -2.1804603319188546E-005
       136704 -8.4747746803871697E-006
       136896  3.9903909206400318E-007
       137088  1.2638220594187026E-005
       137280  2.5045273586154458E-005
       137472  3.4427724073685315E-005
       137664  4.5487655006999411E-005
       137856  5.3399922587672743E-005
       138048  6.3564147252527829E-005
       138240  7.1299574243582735E-005
       138432  7.8464422316278939E-005
       138624  8.4808678650604943E-005
       138816  9.0579079290315390E-005
       139008  9.4315062566378803E-005
       139200  9.7470672904642719E-005
       139392  9.9671081526722644E-005
       139584  8.4796757768709833E-005
       139776  6.5446372157891360E-005
       139968  6.3496241097705117E-005
       140160  6.8829997385943774E-005
       140352  7.9628236691229974E-005
       140544  8.1639801782521637E-005
       140736  7.7195873450906893E-005
       140928  6.9618742246125941E-005
       141120  5.6616396618136067E-005
       141312  4.3914853020979190E-005
       141504  3.1904776093111988E-005
       141696  1.7627670991715348E-005
       141888  1.1426257497447912E-006
       142080 -1.5116781049144388E-005
       142272 -3.1168231561406094E-005
       142464 -4.6838116085421889E-005
       142656 -6.1888059660066588E-005
       142848 -7.6174821566958988E-005
       143040 -8.8181595088638904E-005
       143232 -9.1608270439021798E-005
       143424 -9.3719146626757328E-005
       143616 -9.6121272831124524E-005
       143808 -9.5280921632753671E-005
       144000 -8.6955913754802099E-005
       144192 -7.8582488888210745E-005
       144384 -7.0569062535604416E-005
       144576 -5.9163351488946404E-005
       144768 -4.5064171966839586E-005
       144960 -3.2058847017632096E-005
       145152 -1.9893530338589912E-005
       145344 -6.5585352276692144E-006
       145536  2.6702936632868795E-006
       145728  1.5021588525138459E-005
       145920  2.7535953658376589E-005
       146112  3.7101828777320300E-005
       146304  4.8093716422933431E-005
       146496  5.6209061070988920E-005
       146688  6.6412273629614437E-005
       146880  7.4250261545202517E-005
       147072  8.1454286416935846E-005
       147264  8.8026925407141271E-005
       147456  9.3922670988197513E-005
       147648  9.7602954885051474E-005
       147840  1.0069058039402688E-004
       148032  1.0265978302889621E-004
       148224  8.6464519200133520E-005
       148416  7.0692648006882494E-005
       148608  6.7921015778175101E-005
       148800  7.2127101939488435E-005
       148992  8.3038118188806046E-005
       149184  8.4930757988502885E-005
       149376  8.0356245856052924E-005
       149568  7.2695396098763470E-005
       149760  5.9649920686177326E-005
       149952  4.6910319640064284E-005
       150144  3.4862171907440864E-005
       150336  2.0552473402499841E-005
       150528  3.9989374358087575E-006
       150720 -1.2345073244486781E-005
       150912 -2.8453617536255910E-005
       151104 -4.4161998458356995E-005
       151296 -5.9245350558664209E-005
       151488 -7.3568647697930836E-005
       151680 -8.5622190376592774E-005
       151872 -8.9121385139498435E-005
       152064 -9.1303870377991024E-005
       152256 -9.3772484377981161E-005
       152448 -9.3006180339052309E-005
       152640 -8.4774633726763393E-005
       152832 -7.6489537971031159E-005
       153024 -6.8550092383706153E-005
       153216 -5.7210808288895128E-005
       153408 -4.3175830442641972E-005
       153600 -3.0227754971856181E-005
       153792 -1.8112398454188744E-005
       153984 -4.7723110875164132E-006
       154176  4.7826640956240293E-006
       154368  1.7223407423276405E-005
       154560  2.9838288473235216E-005
       154752  3.9544754115714061E-005
       154944  5.0478871524100961E-005
       155136  5.8747158578655766E-005
       155328  6.8946052643793798E-005
       155520  7.6869064010391197E-005
       155712  8.4121871061875071E-005
       155904  9.0650283734365248E-005
       156096  9.6499502808038111E-005
       156288  1.0020992883674571E-004
       156480  1.0325115855210038E-004
       156672  1.0498079531445022E-004
       156864  9.1050749098752068E-005
       157056  7.2022318903280949E-005
       157248  7.0860040481557704E-005
       157440  7.5127314110076126E-005
       157632  8.5929989740348919E-005
       157824  8.7849754309348590E-005
       158016  8.3171711095891406E-005
       158208  7.5412762461602944E-005
       158400  6.2304845003959022E-005
       158592  4.9515312187177506E-005
       158784  3.7424832565107892E-005
       158976  2.3083873115136918E-005
       159168  6.4760138812705544E-006
       159360 -9.9303221765947726E-006
       159552 -2.6084861352607010E-005
       159744 -4.1827772520002305E-005
       159936 -5.6942200646078621E-005
       160128 -7.1298352372017044E-005
       160320 -8.3392160998145280E-005
       160512 -8.6953224509700062E-005
       160704 -8.9196930801265279E-005
       160896 -9.1722710324664228E-005
       161088 -9.1020685884442699E-005
       161280 -8.2871125181893144E-005
       161472 -7.4664381800016558E-005
       161664 -6.6790773705438722E-005
       161856 -5.5509413036162618E-005
       162048 -4.1529558382128026E-005
       162240 -2.8630639269631631E-005
       162432 -1.6558198108288698E-005
       162624 -3.2129293533947265E-006
       162816  6.6262004452987816E-006
       163008  1.9144012600541546E-005
       163200  3.1849112298172056E-005
       163392  4.1679783735942639E-005
       163584  5.2567519417204580E-005
       163776  6.0971725215858492E-005
       163968  7.1146695617567291E-005
       164160  7.9177695667996656E-005
       164352  8.6516302170395540E-005
       164544  9.3008624277944444E-005
       164736  9.8818139552274442E-005
       164928  1.0230958619636327E-004
       165120  1.0566467125780287E-004
       165312  1.0755308891752833E-004
       165504  8.9119547933170270E-005
       165696  7.4890809314770876E-005
       165888  7.4936004062051885E-005
       166080  7.9633621997934550E-005
       166272  8.9922717880135949E-005
       166464  9.1311801174196112E-005
       166656  8.6465197771423173E-005
       166848  7.8613573523756035E-005
       167040  6.5443680106516152E-005
       167232  5.2593097467902689E-005
       167424  4.0435765308081198E-005
       167616  2.6029377716565044E-005
       167808  9.3479772421387283E-006
       168000 -7.1251509291142954E-006
       168192 -2.3331439794379023E-005
       168384 -3.9118763108567155E-005
       168576 -5.4276893637458994E-005
       168768 -6.8679317413725279E-005
       168960 -8.0826598456883078E-005
       169152 -8.4464170832823185E-005
       169344 -8.6781850688253545E-005
       169536 -8.9374768640187674E-005
       169728 -8.8744511165886694E-005
       169920 -8.0682452191126785E-005
       170112 -7.2556829298724338E-005
       170304 -6.4755005203644250E-005
       170496 -5.3544715146442039E-005
       170688 -3.9635146460021678E-005
       170880 -2.6798410141241966E-005
       171072 -1.4780370193996909E-005
       171264 -1.4367979428912408E-006
       171456  8.7164814142876990E-006
       171648  2.1330442708883344E-005
       171840  3.4120246331651812E-005
       172032  4.4104964261811345E-005
       172224  5.4937857444418547E-005
       172416  6.3519021320804103E-005
       172608  7.3720021351471947E-005
       172800  8.1832453923000572E-005
