          192 -3.2240908680123492E-005
          384  3.6923420078782000E-005
          576  1.1796360993275481E-004
          768  1.2658010496490978E-004
          960  1.1023291415721084E-004
         1152  1.0015357630678172E-004
         1344  8.9564880296748526E-005
         1536  8.5966051708132591E-005
         1728  8.3415311907110423E-005
         1920  7.8413689849327479E-005
         2112  7.1939249991033113E-005
         2304  6.4992060101401507E-005
         2496  6.8059967543026783E-005
         2688  1.4545765229347858E-004
         2880  2.0715338464083238E-004
         3072  1.8879973393958079E-004
         3264  1.6949086030638129E-004
         3456  1.4925839069936068E-004
         3648  1.2832596263085485E-004
         3840  1.0788905402379096E-004
         4032  8.7857318611171716E-005
         4224  6.3598438786897004E-005
         4416  4.1835251339854977E-005
         4608  4.1804558187248201E-005
         4800  1.1426972409556248E-004
         4992  1.4394681337742715E-004
         5184  1.1325576195602326E-004
         5376  8.1066748664984485E-005
         5568  5.5184130295826482E-005
         5760  4.3817047047059192E-005
         5952  3.8222646741720997E-005
         6144  7.4827049081484977E-005
         6336  1.1992948891837242E-004
         6528  1.1841712767020678E-004
         6720  1.1708508748622276E-004
         6912  1.1651100134747446E-004
         7104  1.2033130374146184E-004
         7296  1.4289851974698433E-004
         7488  1.9267920971728221E-004
         7680  1.9984618464918551E-004
         7872  2.0193629827375669E-004
         8064  2.0394970897954988E-004
         8256  2.0571833329838826E-004
         8448  2.0406297075346334E-004
         8640  2.0799387673438462E-004
         8832  2.1891821513686315E-004
         9024  2.2013238939769665E-004
         9216  2.0787840430943157E-004
         9408  2.0317088772934044E-004
         9600  1.9233727162541877E-004
         9792  1.8571703437844582E-004
         9984  1.8714377785358967E-004
        10176  2.0571224887888260E-004
        10368  2.1603535462380043E-004
        10560  2.0310315283981266E-004
        10752  1.9142809659630457E-004
        10944  1.7694045395988682E-004
        11136  1.6254357237397013E-004
        11328  1.4722682440136451E-004
        11520  1.2954441283150850E-004
        11712  1.1611523446026680E-004
        11904  1.1625514826453024E-004
        12096  1.2781320433149360E-004
        12288  1.4068920049165628E-004
        12480  1.6465123485606687E-004
        12672  2.1403651316891553E-004
        12864  2.2765282434694718E-004
        13056  2.0295867819550650E-004
        13248  1.7381405794127290E-004
        13440  1.4444901572341411E-004
        13632  1.1439427092819825E-004
        13824  8.4409061469107132E-005
        14016  5.4993944397474638E-005
        14208  3.8296022649590747E-005
        14400  9.9335856131992255E-005
        14592  1.3618460574932504E-004
        14784  1.2228614713519442E-004
        14976  1.1519761935237305E-004
        15168  1.1466977673090728E-004
        15360  1.1480914736392749E-004
        15552  1.1577459522234936E-004
        15744  1.2822704804847684E-004
        15936  2.0090230602792510E-004
        16128  2.3766268063034500E-004
        16320  2.4063834849892511E-004
        16512  2.4370063523473348E-004
        16704  2.4834674890979267E-004
        16896  2.4901788482060289E-004
        17088  2.4718916336897523E-004
        17280  2.4406314311240695E-004
        17472  2.4540163682935847E-004
        17664  2.5383987085867609E-004
        17856  2.5645560956137056E-004
        18048  2.5264526038376632E-004
        18240  2.3803101622372699E-004
        18432  2.3059956232537933E-004
        18624  2.1851173090602129E-004
        18816  2.1193364021582491E-004
        19008  2.1956498468215575E-004
        19200  2.5354582385774525E-004
        19392  2.6135216159051372E-004
        19584  2.4605056898372406E-004
        19776  2.3012351026913930E-004
        19968  2.1307099653296128E-004
        20160  1.9324813361578952E-004
        20352  1.7427976379272747E-004
        20544  1.5723017943532590E-004
        20736  1.4381306953775789E-004
        20928  1.4362262962136924E-004
        21120  2.0514103307882814E-004
        21312  2.6934161665544370E-004
        21504  2.4856681558752024E-004
        21696  2.1910933275908018E-004
        21888  1.8932170006277836E-004
        22080  1.5934321473175223E-004
        22272  1.2865029572416592E-004
        22464  9.8075466552849535E-005
        22656  6.8696720361719447E-005
        22848  5.6484531167875211E-005
        23040  1.1730081076815418E-004
        23232  1.5512546817951110E-004
        23424  1.4134689934012449E-004
        23616  1.3382020985721889E-004
        23808  1.3270517167686291E-004
        24000  1.3246462387445180E-004
        24192  1.3392636157903020E-004
        24384  1.4613931220656113E-004
        24576  2.1163315848668265E-004
        24768  2.6412153984579451E-004
        24960  2.6624940367514250E-004
        25152  2.6764200077365269E-004
        25344  2.7003271550181401E-004
        25536  2.6988292227008782E-004
        25728  2.6756294294206725E-004
        25920  2.6346719638202710E-004
        26112  2.6055523983455303E-004
        26304  2.6152692547621827E-004
        26496  2.7357260247078168E-004
        26688  2.7986021093462572E-004
        26880  2.6488171685734330E-004
        27072  2.5556236093668910E-004
        27264  2.4174155202043215E-004
        27456  2.3453301766966411E-004
        27648  2.3035578773408782E-004
        27840  2.2793851045749061E-004
        28032  2.5769604394853873E-004
        28224  3.2419940283167205E-004
        28416  3.1138574575796158E-004
        28608  2.9287337205383140E-004
        28800  2.7138198096945509E-004
        28992  2.4995200811761201E-004
        29184  2.2890424936726443E-004
        29376  2.0742632461337660E-004
        29568  1.8607697822698235E-004
        29760  1.6782222853234320E-004
        29952  1.6018584341038366E-004
        30144  1.8217188935143290E-004
        30336  2.4593230010763463E-004
        30528  2.3375599398313594E-004
        30720  2.0339588620113964E-004
        30912  1.7194614958140027E-004
        31104  1.4036815096953121E-004
        31296  1.0941063530393726E-004
        31488  8.7963910125940959E-005
        31680  1.0436643718033540E-004
        31872  1.6292684697358101E-004
        32064  1.5546530172112178E-004
        32256  1.4580035842736965E-004
        32448  1.4276626220669763E-004
        32640  1.4102668283217989E-004
        32832  1.4231674312619862E-004
        33024  1.6041006633465635E-004
        33216  2.0096025980465685E-004
        33408  2.2162423096712966E-004
        33600  2.2542127628014363E-004
        33792  2.3190333744553326E-004
        33984  2.4373250584167123E-004
        34176  2.5383309050153722E-004
        34368  2.6261902294497601E-004
        34560  2.6358814216252219E-004
        34752  2.6256433834108867E-004
        34944  2.5788671673331374E-004
        35136  2.5304696986230314E-004
        35328  2.5287651876483374E-004
        35520  2.5326621373986618E-004
        35712  2.5302669690479673E-004
        35904  2.4600323476667481E-004
        36096  2.4323206446197568E-004
        36288  2.4056538181361340E-004
        36480  2.3747546197233605E-004
        36672  2.3892963932082098E-004
        36864  2.3236845261994963E-004
        37056  2.1946285562503363E-004
        37248  2.0429927099103998E-004
        37440  1.8648888204492799E-004
        37632  1.7031531798048766E-004
        37824  1.5793602834251948E-004
        38016  1.5564075803625981E-004
        38208  2.0637208661433939E-004
        38400  2.7702492470041250E-004
        38592  2.6491943012458608E-004
        38784  2.3835703060425450E-004
        38976  2.0922183710377147E-004
        39168  1.7994340275893201E-004
        39360  1.5055259605186981E-004
        39552  1.2070758314638399E-004
        39744  9.2618974444365923E-005
        39936  7.4426117341597521E-005
        40128  9.0333390819167140E-005
        40320  1.0765585114162770E-004
        40512  9.8680589025975209E-005
        40704  8.9586197669243650E-005
        40896  9.0724080671581456E-005
        41088  1.0894225836387035E-004
        41280  1.4715768488956856E-004
        41472  1.8524549473519409E-004
        41664  1.9334393470900820E-004
        41856  2.0192209644772223E-004
        42048  2.1972151636934277E-004
        42240  2.2549329652494620E-004
        42432  2.4289212775950984E-004
        42624  2.7461462523936301E-004
        42816  2.8163474081536051E-004
        43008  2.7869671180967955E-004
        43200  2.7438973359541428E-004
        43392  2.6983278180432220E-004
        43584  2.6265663985190323E-004
        43776  2.5797640273640476E-004
        43968  2.6321964109962827E-004
        44160  2.7614213254001585E-004
        44352  2.6888220848384289E-004
        44544  2.5593703237408966E-004
        44736  2.4931476099620945E-004
        44928  2.4079672537322908E-004
        45120  2.3310021311399059E-004
        45312  2.3210974732833987E-004
        45504  2.5196069894667887E-004
        45696  2.5457408971733998E-004
        45888  2.4042721859307209E-004
        46080  2.2261784602715403E-004
        46272  2.0481973914888627E-004
        46464  1.8746283063249351E-004
        46656  1.6990955597926012E-004
        46848  1.5349997802704542E-004
        47040  1.4352060328113569E-004
        47232  1.5332598282431520E-004
        47424  2.2755890618644524E-004
        47616  2.4405291337297472E-004
        47808  2.1753072121525127E-004
        48000  1.8814235093728713E-004
        48192  1.5781940514086654E-004
        48384  1.2736713781332841E-004
        48576  9.7579961611492726E-005
        48768  7.9044791129344067E-005
        48960  1.1223677530307211E-004
        49152  1.5968345289186142E-004
        49344  1.4580399016318835E-004
        49536  1.3765412783581658E-004
        49728  1.3595821434555841E-004
        49920  1.3540652294594593E-004
        50112  1.3933761871696236E-004
        50304  1.6375820714319725E-004
        50496  2.0074958503889671E-004
        50688  2.2023651299573992E-004
        50880  2.2475942661426228E-004
        51072  2.3153511076379942E-004
        51264  2.4042075859021173E-004
        51456  2.4934858002320106E-004
        51648  2.6879402192085021E-004
        51840  2.7786065592921470E-004
        52032  2.7628922411359561E-004
        52224  2.6877587200966680E-004
        52416  2.6116886957058984E-004
        52608  2.5444551671738211E-004
        52800  2.5339375890196918E-004
        52992  2.6187635761810426E-004
        53184  2.7761766223492122E-004
        53376  2.7330155362238062E-004
        53568  2.6121113015028694E-004
        53760  2.5278381976329839E-004
        53952  2.4847094006592168E-004
        54144  2.5264650580133846E-004
        54336  2.8985060741213385E-004
        54528  3.3161249237551391E-004
        54720  3.1676281724165391E-004
        54912  2.9539748390550934E-004
        55104  2.7425802825433869E-004
        55296  2.5252950463674210E-004
        55488  2.3029637803316836E-004
        55680  2.0854858728010635E-004
        55872  1.8735700705786810E-004
        56064  1.6395727054075655E-004
        56256  1.5087979389670015E-004
        56448  1.5524143241187993E-004
        56640  1.3755562657867879E-004
        56832  1.0967691117731449E-004
        57024  8.1545425368857738E-005
        57216  5.3634539356375231E-005
        57408  3.2207656589046579E-005
        57600  2.5363500129465166E-005
        57792  2.7289828448243453E-005
        57984  1.1809940403262242E-004
        58176  1.6640830256646775E-004
        58368  1.6358797790106934E-004
        58560  1.6140965606155694E-004
        58752  1.5999083788462997E-004
        58944  1.6283159016366227E-004
        59136  1.7501158970670223E-004
        59328  2.0803102762424831E-004
        59520  2.4722619311000934E-004
        59712  2.7764799264531198E-004
        59904  2.8316300725079801E-004
        60096  2.8337640252988991E-004
        60288  2.8053814516500484E-004
        60480  2.7671988273418705E-004
        60672  2.7454109399255170E-004
        60864  2.7201065533692263E-004
        61056  2.7791501438202156E-004
        61248  2.8989961170776499E-004
        61440  2.8672977934896248E-004
        61632  2.7364771211214331E-004
        61824  2.6416751404401216E-004
        62016  2.5696599259566831E-004
        62208  2.4854610342437609E-004
        62400  2.4681864584651000E-004
        62592  2.7989418938028997E-004
        62784  3.0841922603958081E-004
        62976  2.9396268010930377E-004
        63168  2.7695841881227831E-004
        63360  2.5689674714403176E-004
        63552  2.3693864210778514E-004
        63744  2.1741002527240713E-004
        63936  1.9752220597512348E-004
        64128  1.7804259323615337E-004
        64320  1.6279443559842201E-004
        64512  1.6231595555657338E-004
        64704  2.0419227243620436E-004
        64896  2.5327535182808741E-004
        65088  2.2786302140323002E-004
        65280  1.9805576601220624E-004
        65472  1.6738089246377019E-004
        65664  1.3653766126644568E-004
        65856  1.0591870322029037E-004
        66048  8.2440568250724636E-005
        66240  8.1859450265107050E-005
        66432  1.2392666642239809E-004
        66624  1.4664220641576249E-004
        66816  1.3881440141899254E-004
        67008  1.3714512855750400E-004
        67200  1.3644694889282399E-004
        67392  1.3818045821345558E-004
        67584  1.5239301727142335E-004
        67776  1.8987058009954714E-004
        67968  2.1939286378300555E-004
        68160  2.2601655178563945E-004
        68352  2.3482913598141678E-004
        68544  2.4715050172844944E-004
        68736  2.5975582082971650E-004
        68928  2.7439900478546644E-004
        69120  2.8123629103009914E-004
        69312  2.8348926987270111E-004
        69504  2.7869926072547488E-004
        69696  2.7323011282233710E-004
        69888  2.6854627656257323E-004
        70080  2.7551345535355739E-004
        70272  2.8089241890736472E-004
        70464  2.7727884493105394E-004
        70656  2.6861892003127012E-004
        70848  2.5951292625430914E-004
        71040  2.5448962705389535E-004
        71232  2.5571667949670490E-004
        71424  2.6464996332261145E-004
        71616  2.6622455758410895E-004
        71808  2.5881157341559594E-004
        72000  2.4580868957560362E-004
        72192  2.3109272439739717E-004
        72384  2.1553642732260436E-004
        72576  1.9879328426438775E-004
        72768  1.8151450953846220E-004
        72960  1.6541960911707065E-004
        73152  1.5202537913782820E-004
        73344  1.4166519476535718E-004
        73536  1.4303049342494662E-004
        73728  1.4191890111520694E-004
        73920  1.2026866309431625E-004
        74112  9.3284643419060622E-005
        74304  6.6138044956351327E-005
        74496  4.0343210200222730E-005
        74688  2.6501142727301321E-005
        74880  4.7710775031014120E-005
        75072  1.0432471158830743E-004
        75264  1.1324662858028773E-004
        75456  1.0872634607414974E-004
        75648  1.1029823216750157E-004
        75840  1.1326663287894792E-004
        76032  1.2114052760746975E-004
        76224  1.5238448633744090E-004
        76416  2.0234082704330349E-004
        76608  2.2286306569909388E-004
        76800  2.2765025967824145E-004
        76992  2.3474343330445483E-004
        77184  2.4402438446934817E-004
        77376  2.5375967036197751E-004
        77568  2.7247411750649930E-004
        77760  2.8074922667651350E-004
        77952  2.8011228743676352E-004
        78144  2.7353926634981937E-004
        78336  2.6725600194181244E-004
        78528  2.6049849087326441E-004
        78720  2.6239521788355707E-004
        78912  2.7285991383718580E-004
        79104  2.8205925933472116E-004
        79296  2.7181969234093986E-004
        79488  2.6038986454594257E-004
        79680  2.5308150251532996E-004
        79872  2.4627041135121940E-004
        80064  2.4009380298716033E-004
        80256  2.5267627561811656E-004
        80448  2.8904696546538678E-004
        80640  2.9823527286852031E-004
        80832  2.8254789445233573E-004
        81024  2.6300860602898531E-004
        81216  2.4253265282378123E-004
        81408  2.2137970098165172E-004
        81600  2.0054599087315271E-004
        81792  1.7988464351776669E-004
        81984  1.5507695667475022E-004
        82176  1.3177523297752154E-004
        82368  1.2511431693077953E-004
        82560  1.3513273469322037E-004
        82752  1.2177800670353410E-004
        82944  9.8200802486693729E-005
        83136  7.4607767102754689E-005
        83328  6.0248876604550169E-005
        83520  6.7095360185543169E-005
        83712  8.4617212950001836E-005
        83904  1.0614407739499465E-004
        84096  1.3115411995190748E-004
        84288  1.4748261718858119E-004
        84480  1.5016821327499169E-004
        84672  1.5155826484789867E-004
        84864  1.6065432766294933E-004
        85056  2.0023150193510303E-004
        85248  2.4149682223585683E-004
        85440  2.4586416481666383E-004
        85632  2.5121083357561411E-004
        85824  2.5746797446285112E-004
        86016  2.6076935112971596E-004
        86208  2.6880958299720477E-004
        86400  2.8053662689000400E-004
        86592  2.8809038273889479E-004
        86784  2.8298507271223508E-004
        86976  2.7515197929752297E-004
        87168  2.6615723910825234E-004
        87360  2.6304897589251637E-004
        87552  2.6125834312426191E-004
        87744  2.7787677278083382E-004
        87936  2.8212671696190749E-004
        88128  2.6822394101182374E-004
        88320  2.5819758066088731E-004
        88512  2.4819813714866914E-004
        88704  2.3386276035279707E-004
        88896  2.1980054330269851E-004
        89088  2.0706374090907309E-004
        89280  1.9991170156678624E-004
        89472  1.9975369802706762E-004
        89664  1.9432832497457220E-004
        89856  1.8569838751234294E-004
        90048  1.8215291917087251E-004
        90240  2.0230122412738901E-004
        90432  2.5990829558018369E-004
        90624  2.6037413792612843E-004
        90816  2.3320257547408883E-004
        91008  2.0489564542891777E-004
        91200  1.7638273261651012E-004
        91392  1.4714654686312923E-004
        91584  1.1835864044695394E-004
        91776  9.7759222733213841E-005
        91968  1.3528557170442741E-004
        92160  1.6405788875780322E-004
        92352  1.5062328017477589E-004
        92544  1.3774771277271888E-004
        92736  1.3156744714586818E-004
        92928  1.3180190891540168E-004
        93120  1.3374181272441231E-004
        93312  1.5534696343628895E-004
        93504  2.1722665670937861E-004
        93696  2.3243817657887030E-004
        93888  2.5013073437674848E-004
        94080  2.5358032796179444E-004
        94272  2.5960293868106403E-004
        94464  2.6655621959879676E-004
        94656  2.7038637423811989E-004
        94848  2.8375296033908952E-004
        95040  2.9797368169688995E-004
        95232  2.9920284012024603E-004
        95424  2.9079970680609158E-004
        95616  2.8212536161228372E-004
        95808  2.7247481490470538E-004
        96000  2.6931695607644487E-004
        96192  2.6853571438746284E-004
        96384  2.8708750043657803E-004
        96576  2.8787074443567014E-004
        96768  2.7309558106286422E-004
        96960  2.6317237851211889E-004
        97152  2.5282639029826771E-004
        97344  2.3809850419148046E-004
        97536  2.2351907864955157E-004
        97728  2.0960841768212721E-004
        97920  2.0060642726609296E-004
        98112  1.9926870432357814E-004
        98304  1.9041778325255555E-004
        98496  1.7478155077281740E-004
        98688  1.5754285665825181E-004
        98880  1.4066497447223276E-004
        99072  1.2450154833618991E-004
        99264  1.0603320223123414E-004
        99456  9.6238421921661978E-005
        99648  1.5001821180295674E-004
        99840  2.1759285444578459E-004
       100032  2.0253619697645439E-004
       100224  1.7659271517406026E-004
       100416  1.4715005127006548E-004
       100608  1.2281838954283428E-004
       100800  1.1127109467983947E-004
       100992  1.0167171630969932E-004
       101184  1.0019257151688348E-004
       101376  1.5491303615936515E-004
       101568  1.7405445791545836E-004
       101760  1.7296298643398609E-004
       101952  1.7240697719607303E-004
       102144  1.7599875015146868E-004
       102336  1.8860256142724747E-004
       102528  2.1743704141478229E-004
       102720  2.6557753301633546E-004
       102912  2.9344623750373900E-004
       103104  2.9546649944366739E-004
       103296  2.9577192386350454E-004
       103488  2.9538879420179255E-004
       103680  2.9257378440452876E-004
       103872  2.9016984463366754E-004
       104064  2.8718925300166539E-004
       104256  2.8986786869952748E-004
       104448  2.9475102115202945E-004
       104640  2.9527057525853280E-004
       104832  2.8304793991560816E-004
       105024  2.7506960269410184E-004
       105216  2.6602943845594108E-004
       105408  2.6254935623392896E-004
       105600  2.7416655174986558E-004
       105792  2.9365415607574349E-004
       105984  2.8604263293413275E-004
       106176  2.7271347737249624E-004
       106368  2.5805463261704075E-004
       106560  2.4125540733576750E-004
       106752  2.2662656635057756E-004
       106944  2.1713905058094957E-004
       107136  2.2022528374075081E-004
       107328  2.4250763310903911E-004
       107520  2.4224106060910863E-004
       107712  2.2293855168861252E-004
       107904  1.9851490983258715E-004
       108096  1.7280048426477674E-004
       108288  1.5005905938657543E-004
       108480  1.3808899862964010E-004
       108672  1.4410047515101321E-004
       108864  1.3218175647255646E-004
       109056  1.0369760731989988E-004
       109248  8.0545138641179384E-005
       109440  7.1188589891368090E-005
       109632  6.5706610510767955E-005
       109824  7.1312403609830898E-005
       110016  1.0363821190082769E-004
       110208  1.2533677890121624E-004
       110400  1.2788447289188121E-004
       110592  1.2998953075498231E-004
       110784  1.3742775661857004E-004
       110976  1.7181141652223224E-004
       111168  2.2846987655337399E-004
       111360  2.3483993358688223E-004
       111552  2.4357908050939254E-004
       111744  2.5308320544966241E-004
       111936  2.5758502929605203E-004
       112128  2.6378924808897667E-004
       112320  2.6792682829811714E-004
       112512  2.7648259468121631E-004
       112704  2.8344638668779167E-004
       112896  2.8423672107634300E-004
       113088  2.7853681887525511E-004
       113280  2.7604317142454444E-004
       113472  2.6979900495927744E-004
       113664  2.7065450216543391E-004
       113856  2.7528112474448790E-004
       114048  2.7970176481361390E-004
       114240  2.7942119646334708E-004
       114432  2.8522222474340169E-004
       114624  3.0468603062027566E-004
       114816  3.3485436291743129E-004
       115008  3.3312464009541110E-004
       115200  3.1286099343952128E-004
       115392  2.9228709352512473E-004
       115584  2.7200436426894287E-004
       115776  2.5122902538224644E-004
       115968  2.3051300127485401E-004
       116160  2.1220338806852892E-004
       116352  1.9905671569671774E-004
       116544  1.8965958766036143E-004
       116736  1.7622602681521013E-004
       116928  1.5174210700521682E-004
       117120  1.2477408137881693E-004
       117312  9.7781346142105489E-005
       117504  7.3105420559585243E-005
       117696  5.3060667173867094E-005
       117888  4.9144516519034733E-005
       118080  6.5259798493523316E-005
       118272  6.6116732611345207E-005
       118464  6.1174548026092843E-005
       118656  6.6302819506479404E-005
       118848  8.7513858077045156E-005
       119040  1.4808879623440195E-004
       119232  2.0483606386099284E-004
       119424  2.0820702671378347E-004
       119616  2.1644380808149609E-004
       119808  2.3404107941584382E-004
       120000  2.3975529300501481E-004
       120192  2.5423506973148551E-004
       120384  2.8285851628914602E-004
       120576  2.9684055793200348E-004
       120768  2.9634588689051794E-004
       120960  2.9292772131850662E-004
       121152  2.9002214606098684E-004
       121344  2.8548427254261572E-004
       121536  2.8241692851155265E-004
       121728  2.8408385569400868E-004
       121920  2.9541538298732939E-004
       122112  2.8848674825145669E-004
       122304  2.7940175045352395E-004
       122496  2.6888748914585554E-004
       122688  2.6268328952737738E-004
       122880  2.6272340623665350E-004
       123072  2.7784457300635771E-004
       123264  2.8536042256088447E-004
       123456  2.7381046200408683E-004
       123648  2.5942576862377902E-004
       123840  2.4217204345488577E-004
       124032  2.2585903550444245E-004
       124224  2.1181620943856060E-004
       124416  2.0153925751618081E-004
       124608  2.0430361268742412E-004
       124800  2.3879620941368395E-004
       124992  2.4965675104078464E-004
       125184  2.2615546165380743E-004
       125376  1.9939840363440446E-004
       125568  1.7256423452854881E-004
       125760  1.4641258620715837E-004
       125952  1.2421958879858469E-004
       126144  1.2413190319240098E-004
       126336  1.4793245655177000E-004
       126528  1.2941039433238464E-004
       126720  1.1666471529100776E-004
       126912  1.0530541040905376E-004
       127104  9.4962944490687215E-005
       127296  9.4493993562061270E-005
       127488  1.1233647393068830E-004
       127680  1.5059541462502271E-004
       127872  1.6446380395282613E-004
       128064  1.6827601843072857E-004
       128256  1.8038934362983261E-004
       128448  2.0547993980909635E-004
       128640  2.2713183075771551E-004
       128832  2.5863274866524922E-004
       129024  2.6955768948856511E-004
       129216  2.7281712658751886E-004
       129408  2.7704915155966632E-004
       129600  2.7763338051043772E-004
       129792  2.7942812795475852E-004
       129984  2.7948569637733568E-004
       130176  2.8084905203045292E-004
       130368  2.8059209708406358E-004
       130560  2.8263225296684631E-004
       130752  2.7555169835093575E-004
       130944  2.7054716683333799E-004
       131136  2.6517200941616743E-004
       131328  2.6677126510577648E-004
       131520  2.7263902233551145E-004
       131712  2.7752100859340857E-004
       131904  2.7646427623789852E-004
       132096  2.8021766306336255E-004
       132288  2.9893130192145377E-004
       132480  3.2911024716569126E-004
       132672  3.2792355949820643E-004
       132864  3.0797312663809011E-004
       133056  2.8683286929634416E-004
       133248  2.6499894814472935E-004
       133440  2.4339942103666473E-004
       133632  2.2219463276241697E-004
       133824  1.9920433093500130E-004
       134016  1.8340636704155261E-004
       134208  1.7843833200556109E-004
       134400  1.6134412797312768E-004
       134592  1.3389213415200701E-004
       134784  1.0565022301492575E-004
       134976  7.7662663721411805E-005
       135168  5.7161542035780894E-005
       135360  6.4516478049522958E-005
       135552  1.0190299737850230E-004
       135744  1.0914821515395118E-004
       135936  1.0871180180190616E-004
       136128  1.1438522426180972E-004
       136320  1.2232524458606319E-004
       136512  1.4094244527808252E-004
       136704  1.8983572088796433E-004
       136896  2.3875682596205099E-004
       137088  2.6406946575465047E-004
       137280  2.8514875179034009E-004
       137472  3.0126685438513671E-004
       137664  3.0492975298106092E-004
       137856  3.0557981399411749E-004
       138048  3.0640362660650145E-004
       138240  3.0470741177877333E-004
       138432  3.0573245202046464E-004
       138624  3.0439132929735316E-004
       138816  3.0031592900658672E-004
       139008  2.9330213466386286E-004
       139200  2.9103868499557337E-004
       139392  2.8562553608935598E-004
       139584  2.8530960506598140E-004
       139776  2.8260186284158095E-004
       139968  2.7900924416208143E-004
       140160  2.7504204979530490E-004
       140352  2.6978887091204710E-004
       140544  2.5979915428642338E-004
       140736  2.4843186463794048E-004
       140928  2.3526057609175985E-004
       141120  2.1930974710869752E-004
       141312  2.0494403806842171E-004
       141504  1.9480505901550468E-004
       141696  1.9733746089379637E-004
       141888  2.3975351441895556E-004
       142080  2.7786374205987009E-004
       142272  2.5994140714115897E-004
       142464  2.3356027168783801E-004
       142656  2.0523632953103790E-004
       142848  1.7691272711854399E-004
       143040  1.4887344728162547E-004
       143232  1.2179304564421348E-004
       143424  1.0125121958411510E-004
       143616  9.9455872786177697E-005
       143808  1.0276388702179383E-004
       144000  9.4014473341803197E-005
       144192  8.4068706642685551E-005
       144384  7.5552545088545031E-005
       144576  7.7283626188285860E-005
       144768  9.6835989229139403E-005
       144960  1.4102293279017275E-004
       145152  1.5914573120222268E-004
       145344  1.6286420420421498E-004
       145536  1.7531981292694771E-004
       145728  2.0453875245293808E-004
       145920  2.2505348406511212E-004
       146112  2.4995732980966393E-004
       146304  2.6648338930428789E-004
       146496  2.7397727423992787E-004
       146688  2.7971913743505270E-004
       146880  2.8132717778317251E-004
       147072  2.8403478771879082E-004
       147264  2.8463408293417279E-004
       147456  2.8729250156182200E-004
       147648  2.9144910895930772E-004
       147840  2.9267769407567056E-004
       148032  2.8286046566714011E-004
       148224  2.7549371541493766E-004
       148416  2.6863171801866061E-004
       148608  2.7091610229557881E-004
       148800  2.8173651462724413E-004
       148992  2.8838786467345683E-004
       149184  2.8032968547060850E-004
       149376  2.6933307382598484E-004
       149568  2.5721059703012761E-004
       149760  2.4306852310997470E-004
       149952  2.3048730694046873E-004
       150144  2.1931248077870671E-004
       150336  2.0728723298477455E-004
       150528  1.9416050607421573E-004
       150720  1.8316478825251728E-004
       150912  1.7703276013792749E-004
       151104  1.6883501605844238E-004
       151296  1.5126292290083617E-004
       151488  1.2727577721282100E-004
       151680  1.0199216442030542E-004
       151872  7.7145339159398571E-005
       152064  5.6239869479824559E-005
       152256  4.3218570660006031E-005
       152448  4.6519274970321990E-005
       152640  6.6072208523931344E-005
       152832  7.6407343089882786E-005
       153024  8.6582320094897601E-005
       153216  1.0324903177298393E-004
       153408  1.1667629828221065E-004
       153600  1.2531747570793599E-004
       153792  1.3679142368213005E-004
       153984  1.7191969869301063E-004
       154176  2.0767956139680082E-004
       154368  2.3347085121703054E-004
       154560  2.3895553478677650E-004
       154752  2.4811970768240442E-004
       154944  2.5773221623570267E-004
       155136  2.6267685504229607E-004
       155328  2.7005449190940393E-004
       155520  2.7596634575153487E-004
       155712  2.8356180236633482E-004
       155904  2.8321332063902048E-004
       156096  2.7928956588589945E-004
       156288  2.7238654959783909E-004
       156480  2.7071816846366341E-004
       156672  2.6950097149538858E-004
       156864  2.7654080898450339E-004
       157056  2.7521237348135765E-004
       157248  2.6786430861196165E-004
       157440  2.6194356479564764E-004
       157632  2.5554649854684513E-004
       157824  2.4759168544744075E-004
       158016  2.4473387127697826E-004
       158208  2.4645516910193658E-004
       158400  2.5353666664514686E-004
       158592  2.7799276127612918E-004
       158784  3.0064212800873745E-004
       158976  2.8684576654387783E-004
       159168  2.6520220394382111E-004
       159360  2.4367927912370807E-004
       159552  2.2216165628956297E-004
       159744  1.9633907426706485E-004
       159936  1.6965950104487186E-004
       160128  1.4915843075773505E-004
       160320  1.4634318303392114E-004
       160512  1.4254590554941299E-004
       160704  1.1726317674060596E-004
       160896  8.9124602353132687E-005
       161088  6.6990574730136333E-005
       161280  5.9068745771564123E-005
       161472  5.7296287059137001E-005
       161664  7.7852354771452680E-005
       161856  1.1961333473190949E-004
       162048  1.2822595647876014E-004
       162240  1.3171661333188033E-004
       162432  1.3817977085094944E-004
       162624  1.5673238077293340E-004
       162816  2.0038918791161678E-004
       163008  2.5391321956344965E-004
       163200  2.6649534000704135E-004
       163392  2.7412396331311442E-004
       163584  2.8155064071560886E-004
       163776  2.8517506942629407E-004
       163968  2.8949897926839300E-004
       164160  2.9084638076106307E-004
       164352  2.9380436546655859E-004
       164544  2.9244787016488040E-004
       164736  2.8898363958993124E-004
       164928  2.8314424374234877E-004
       165120  2.8340579742654079E-004
       165312  2.7980484277818131E-004
       165504  2.7771365787470747E-004
       165696  2.7301442961785531E-004
       165888  2.7031224621913832E-004
       166080  2.6848085492174243E-004
       166272  2.6591221842176444E-004
       166464  2.5774210502113555E-004
       166656  2.4647369087068475E-004
       166848  2.3326431538862755E-004
       167040  2.1804914600266308E-004
       167232  2.0619607393359919E-004
       167424  2.0471986319582362E-004
       167616  2.3492686828059249E-004
       167808  2.7852836801173811E-004
       168000  2.6650137439713508E-004
       168192  2.4486038074263871E-004
       168384  2.1870686462032200E-004
       168576  1.9069917791942137E-004
       168768  1.6311422549805050E-004
       168960  1.3733511568356314E-004
       169152  1.1776293894464034E-004
       169344  1.1659174024404592E-004
       169536  1.1421300221954016E-004
       169728  9.2801728997633507E-005
       169920  8.1976318891674801E-005
       170112  7.3235642684017102E-005
       170304  6.7692606385621866E-005
       170496  7.6981138382041286E-005
       170688  1.1340468510388159E-004
       170880  1.4212320343421950E-004
       171072  1.4412252741707781E-004
       171264  1.4908378603939183E-004
       171456  1.6673443532601133E-004
       171648  2.0342123534689425E-004
       171840  2.1772244969741264E-004
       172032  2.3302296932348267E-004
       172224  2.4654114915153116E-004
       172416  2.5522468119985013E-004
       172608  2.6573456037166357E-004
       172800  2.7294973237319614E-004
