          192  1.1868615704869361E-003  0.0000000000000000E+000
   0.0000000000000000E+000
          384  4.9286489182517185E-003  0.0000000000000000E+000
   0.0000000000000000E+000
          576  5.4716514024751011E-003  0.0000000000000000E+000
   0.0000000000000000E+000
          768  5.3862401819655843E-004  0.0000000000000000E+000
   0.0000000000000000E+000
          960  1.7015574266986007E-005  0.0000000000000000E+000
   0.0000000000000000E+000
         1152  8.6401370958703620E-006  0.0000000000000000E+000
   0.0000000000000000E+000
         1344  6.6856721868228585E-006  0.0000000000000000E+000
   0.0000000000000000E+000
         1536  7.2268457378457906E-006  0.0000000000000000E+000
   0.0000000000000000E+000
         1728  9.9667353471055363E-006  0.0000000000000000E+000
   0.0000000000000000E+000
         1920  1.9949295396948901E-005  0.0000000000000000E+000
   0.0000000000000000E+000
         2112  7.8695254727879406E-005  0.0000000000000000E+000
   0.0000000000000000E+000
         2304  6.4305200466952374E-004  0.0000000000000000E+000
   0.0000000000000000E+000
         2496  4.9348974080122418E-003  0.0000000000000000E+000
   0.0000000000000000E+000
         2688  3.1972241511554486E-003  0.0000000000000000E+000
   0.0000000000000000E+000
         2880  1.1027686656017873E-003  0.0000000000000000E+000
   0.0000000000000000E+000
         3072  1.9301939861485402E-003  0.0000000000000000E+000
   0.0000000000000000E+000
         3264  1.0955344319610808E-003  0.0000000000000000E+000
   0.0000000000000000E+000
         3456  6.0437094596868198E-004  0.0000000000000000E+000
   0.0000000000000000E+000
         3648  6.1530191493626581E-004  0.0000000000000000E+000
   0.0000000000000000E+000
         3840  4.2718007075914739E-004  0.0000000000000000E+000
   0.0000000000000000E+000
         4032  5.8909190942966626E-004  0.0000000000000000E+000
   0.0000000000000000E+000
         4224  9.6540912975800466E-004  0.0000000000000000E+000
   0.0000000000000000E+000
         4416  2.1361486506202552E-003  0.0000000000000000E+000
   0.0000000000000000E+000
         4608  3.8689828513149139E-003  0.0000000000000000E+000
   0.0000000000000000E+000
         4800  2.6609394414083684E-003  0.0000000000000000E+000
   0.0000000000000000E+000
         4992  3.7029028696511086E-004  0.0000000000000000E+000
   0.0000000000000000E+000
         5184  4.7576916313451779E-004  0.0000000000000000E+000
   0.0000000000000000E+000
         5376  1.9649313757212836E-003  0.0000000000000000E+000
   0.0000000000000000E+000
         5568  2.0705222651021802E-003  0.0000000000000000E+000
   0.0000000000000000E+000
         5760  1.3679442035830507E-003  0.0000000000000000E+000
   0.0000000000000000E+000
         5952  1.9079323616245951E-003  0.0000000000000000E+000
   0.0000000000000000E+000
         6144  1.8763634178824489E-003  0.0000000000000000E+000
   0.0000000000000000E+000
         6336  3.1137590468612844E-004  0.0000000000000000E+000
   0.0000000000000000E+000
         6528  2.5267208846203984E-004  0.0000000000000000E+000
   0.0000000000000000E+000
         6720  2.8321652754128581E-004  0.0000000000000000E+000
   0.0000000000000000E+000
         6912  6.3773263561814309E-004  0.0000000000000000E+000
   0.0000000000000000E+000
         7104  1.7085044154539781E-003  0.0000000000000000E+000
   0.0000000000000000E+000
         7296  1.8005259125543952E-003  0.0000000000000000E+000
   0.0000000000000000E+000
         7488  6.1586491336344438E-004  0.0000000000000000E+000
   0.0000000000000000E+000
         7680  2.1649005112798863E-004  0.0000000000000000E+000
   0.0000000000000000E+000
         7872  1.7297960280670050E-004  0.0000000000000000E+000
   0.0000000000000000E+000
         8064  1.4072400721418932E-004  0.0000000000000000E+000
   0.0000000000000000E+000
         8256  1.4158192852632411E-004  0.0000000000000000E+000
   0.0000000000000000E+000
         8448  2.7751252327491265E-004  0.0000000000000000E+000
   0.0000000000000000E+000
         8640  9.9124435235445362E-004  0.0000000000000000E+000
   0.0000000000000000E+000
         8832  1.9644045942019731E-003  0.0000000000000000E+000
   0.0000000000000000E+000
         9024  1.0099605046654941E-003  0.0000000000000000E+000
   0.0000000000000000E+000
         9216  2.5365375614939733E-004  0.0000000000000000E+000
   0.0000000000000000E+000
         9408  1.4704228886393324E-004  0.0000000000000000E+000
   0.0000000000000000E+000
         9600  2.0463117718820312E-004  0.0000000000000000E+000
   0.0000000000000000E+000
         9792  5.1490118178906048E-004  0.0000000000000000E+000
   0.0000000000000000E+000
         9984  1.5779959096684176E-003  0.0000000000000000E+000
   0.0000000000000000E+000
        10176  3.4377857042281203E-003  0.0000000000000000E+000
   0.0000000000000000E+000
        10368  1.1771045073715159E-003  0.0000000000000000E+000
   0.0000000000000000E+000
        10560  1.0675299159318359E-004  0.0000000000000000E+000
   0.0000000000000000E+000
        10752  3.5131545710470925E-005  0.0000000000000000E+000
   0.0000000000000000E+000
        10944  3.6802009031105471E-005  0.0000000000000000E+000
   0.0000000000000000E+000
        11136  8.8600860384199133E-005  0.0000000000000000E+000
   0.0000000000000000E+000
        11328  3.7721024874158891E-004  0.0000000000000000E+000
   0.0000000000000000E+000
        11520  1.9506316926948381E-003  0.0000000000000000E+000
   0.0000000000000000E+000
        11712  2.7171280130903045E-003  0.0000000000000000E+000
   0.0000000000000000E+000
        11904  1.2245211234315205E-003  0.0000000000000000E+000
   0.0000000000000000E+000
        12096  1.1266847494654751E-003  0.0000000000000000E+000
   0.0000000000000000E+000
        12288  1.3144235640931436E-003  0.0000000000000000E+000
   0.0000000000000000E+000
        12480  1.9825976533249675E-003  0.0000000000000000E+000
   0.0000000000000000E+000
        12672  2.7763097208529388E-003  0.0000000000000000E+000
   0.0000000000000000E+000
        12864  1.9223928174390706E-003  0.0000000000000000E+000
   0.0000000000000000E+000
        13056  1.4697368360641146E-003  0.0000000000000000E+000
   0.0000000000000000E+000
        13248  1.2383548128064856E-003  0.0000000000000000E+000
   0.0000000000000000E+000
        13440  9.7390774140904189E-004  0.0000000000000000E+000
   0.0000000000000000E+000
        13632  1.0086633455933284E-003  0.0000000000000000E+000
   0.0000000000000000E+000
        13824  2.1185532005592606E-003  0.0000000000000000E+000
   0.0000000000000000E+000
        14016  3.1983178788464188E-003  0.0000000000000000E+000
   0.0000000000000000E+000
        14208  2.5622410162936299E-003  0.0000000000000000E+000
   0.0000000000000000E+000
        14400  2.0521964896782494E-003  0.0000000000000000E+000
   0.0000000000000000E+000
        14592  3.5830853622465187E-004  0.0000000000000000E+000
   0.0000000000000000E+000
        14784  4.2926760109494530E-004  0.0000000000000000E+000
   0.0000000000000000E+000
        14976  4.0432967249354559E-004  0.0000000000000000E+000
   0.0000000000000000E+000
        15168  4.3699601937209859E-004  0.0000000000000000E+000
   0.0000000000000000E+000
        15360  9.8434447940896029E-004  0.0000000000000000E+000
   0.0000000000000000E+000
        15552  2.2904747185285750E-003  0.0000000000000000E+000
   0.0000000000000000E+000
        15744  2.8479560730411456E-003  0.0000000000000000E+000
   0.0000000000000000E+000
        15936  1.2936669234003659E-003  0.0000000000000000E+000
   0.0000000000000000E+000
        16128  2.0260031617780191E-005  0.0000000000000000E+000
   0.0000000000000000E+000
        16320  1.3331234276064229E-005  0.0000000000000000E+000
   0.0000000000000000E+000
        16512  1.4767589564346573E-005  0.0000000000000000E+000
   0.0000000000000000E+000
        16704  1.9716505601839932E-005  0.0000000000000000E+000
   0.0000000000000000E+000
        16896  3.1014420413861193E-005  0.0000000000000000E+000
   0.0000000000000000E+000
        17088  6.0936719568761585E-005  0.0000000000000000E+000
   0.0000000000000000E+000
        17280  2.2217894260618664E-004  0.0000000000000000E+000
   0.0000000000000000E+000
        17472  1.1990633244832820E-003  0.0000000000000000E+000
   0.0000000000000000E+000
        17664  2.7702744473805680E-003  0.0000000000000000E+000
   0.0000000000000000E+000
        17856  1.6765843780382867E-003  0.0000000000000000E+000
   0.0000000000000000E+000
        18048  3.2287558041656277E-004  0.0000000000000000E+000
   0.0000000000000000E+000
        18240  9.5633749273733848E-005  0.0000000000000000E+000
   0.0000000000000000E+000
        18432  7.7146107567065277E-005  0.0000000000000000E+000
   0.0000000000000000E+000
        18624  1.4737584634614190E-004  0.0000000000000000E+000
   0.0000000000000000E+000
        18816  5.3058059268981368E-004  0.0000000000000000E+000
   0.0000000000000000E+000
        19008  2.3926367900192020E-003  0.0000000000000000E+000
   0.0000000000000000E+000
        19200  3.8490865264496073E-003  0.0000000000000000E+000
   0.0000000000000000E+000
        19392  4.8844943807889484E-004  0.0000000000000000E+000
   0.0000000000000000E+000
        19584  1.2903733012777975E-004  0.0000000000000000E+000
   0.0000000000000000E+000
        19776  1.1202972004793335E-004  0.0000000000000000E+000
   0.0000000000000000E+000
        19968  1.5815974305737068E-004  0.0000000000000000E+000
   0.0000000000000000E+000
        20160  3.0868317641858051E-004  0.0000000000000000E+000
   0.0000000000000000E+000
        20352  7.1528293468711202E-004  0.0000000000000000E+000
   0.0000000000000000E+000
        20544  1.6008540165610571E-003  0.0000000000000000E+000
   0.0000000000000000E+000
        20736  2.7478286534738665E-003  0.0000000000000000E+000
   0.0000000000000000E+000
        20928  4.0116272085888686E-003  0.0000000000000000E+000
   0.0000000000000000E+000
        21120  3.4033526302890841E-003  0.0000000000000000E+000
   0.0000000000000000E+000
        21312  7.8173792209444053E-004  0.0000000000000000E+000
   0.0000000000000000E+000
        21504  3.2909329514288976E-004  0.0000000000000000E+000
   0.0000000000000000E+000
        21696  4.4285616869241880E-004  0.0000000000000000E+000
   0.0000000000000000E+000
        21888  7.5651858424402542E-004  0.0000000000000000E+000
   0.0000000000000000E+000
        22080  1.5148073142874324E-003  0.0000000000000000E+000
   0.0000000000000000E+000
        22272  2.5124071044271942E-003  0.0000000000000000E+000
   0.0000000000000000E+000
        22464  2.4991622638996271E-003  0.0000000000000000E+000
   0.0000000000000000E+000
        22656  2.3839985911531451E-003  0.0000000000000000E+000
   0.0000000000000000E+000
        22848  2.3512492957448844E-003  0.0000000000000000E+000
   0.0000000000000000E+000
        23040  1.9283570660486027E-003  0.0000000000000000E+000
   0.0000000000000000E+000
        23232  2.7252239647774905E-004  0.0000000000000000E+000
   0.0000000000000000E+000
        23424  2.8662330297144503E-004  0.0000000000000000E+000
   0.0000000000000000E+000
        23616  3.5884532949367746E-004  0.0000000000000000E+000
   0.0000000000000000E+000
        23808  5.0006370637021257E-004  0.0000000000000000E+000
   0.0000000000000000E+000
        24000  9.4269587490340961E-004  0.0000000000000000E+000
   0.0000000000000000E+000
        24192  1.9009968966816795E-003  0.0000000000000000E+000
   0.0000000000000000E+000
        24384  2.8656732188486315E-003  0.0000000000000000E+000
   0.0000000000000000E+000
        24576  2.3989566889656682E-003  0.0000000000000000E+000
   0.0000000000000000E+000
        24768  1.4827189760874461E-004  0.0000000000000000E+000
   0.0000000000000000E+000
        24960  3.0666437132213064E-005  0.0000000000000000E+000
   0.0000000000000000E+000
        25152  2.1658503409896198E-005  0.0000000000000000E+000
   0.0000000000000000E+000
        25344  1.9139074869384453E-005  0.0000000000000000E+000
   0.0000000000000000E+000
        25536  1.9788441200757187E-005  0.0000000000000000E+000
   0.0000000000000000E+000
        25728  2.7543315787935261E-005  0.0000000000000000E+000
   0.0000000000000000E+000
        25920  7.4285233925671596E-005  0.0000000000000000E+000
   0.0000000000000000E+000
        26112  4.3748683086401003E-004  0.0000000000000000E+000
   0.0000000000000000E+000
        26304  2.1634618668307684E-003  0.0000000000000000E+000
   0.0000000000000000E+000
        26496  3.6324841918793575E-003  0.0000000000000000E+000
   0.0000000000000000E+000
        26688  1.3279719053104447E-003  0.0000000000000000E+000
   0.0000000000000000E+000
        26880  1.2663025922921782E-004  0.0000000000000000E+000
   0.0000000000000000E+000
        27072  4.2856876092334920E-005  0.0000000000000000E+000
   0.0000000000000000E+000
        27264  4.0863932528649926E-005  0.0000000000000000E+000
   0.0000000000000000E+000
        27456  7.3648210483490226E-005  0.0000000000000000E+000
   0.0000000000000000E+000
        27648  2.1998003695072687E-004  0.0000000000000000E+000
   0.0000000000000000E+000
        27840  9.8662911470374947E-004  0.0000000000000000E+000
   0.0000000000000000E+000
        28032  4.8713558846212625E-003  0.0000000000000000E+000
   0.0000000000000000E+000
        28224  1.9918938118000848E-003  0.0000000000000000E+000
   0.0000000000000000E+000
        28416  1.2448920519320206E-003  0.0000000000000000E+000
   0.0000000000000000E+000
        28608  1.2120984651988733E-003  0.0000000000000000E+000
   0.0000000000000000E+000
        28800  8.0426528715334524E-004  0.0000000000000000E+000
   0.0000000000000000E+000
        28992  5.7645982302883842E-004  0.0000000000000000E+000
   0.0000000000000000E+000
        29184  6.0541581555842525E-004  0.0000000000000000E+000
   0.0000000000000000E+000
        29376  6.5706725815880412E-004  0.0000000000000000E+000
   0.0000000000000000E+000
        29568  9.9304785394329796E-004  0.0000000000000000E+000
   0.0000000000000000E+000
        29760  1.9033227872010670E-003  0.0000000000000000E+000
   0.0000000000000000E+000
        29952  3.1165649979086867E-003  0.0000000000000000E+000
   0.0000000000000000E+000
        30144  3.2053636380884177E-003  0.0000000000000000E+000
   0.0000000000000000E+000
        30336  1.4991226096773092E-003  0.0000000000000000E+000
   0.0000000000000000E+000
        30528  3.3829391814335337E-004  0.0000000000000000E+000
   0.0000000000000000E+000
        30720  1.4594002806943820E-003  0.0000000000000000E+000
   0.0000000000000000E+000
        30912  2.6732721288026833E-003  0.0000000000000000E+000
   0.0000000000000000E+000
        31104  1.2312915540866585E-003  0.0000000000000000E+000
   0.0000000000000000E+000
        31296  1.1155541701205378E-003  0.0000000000000000E+000
   0.0000000000000000E+000
        31488  1.6312053609768091E-003  0.0000000000000000E+000
   0.0000000000000000E+000
        31680  1.9501188098885013E-003  0.0000000000000000E+000
   0.0000000000000000E+000
        31872  1.1606780457637609E-003  0.0000000000000000E+000
   0.0000000000000000E+000
        32064  4.1297085939527930E-004  0.0000000000000000E+000
   0.0000000000000000E+000
        32256  7.8968198918056621E-004  0.0000000000000000E+000
   0.0000000000000000E+000
        32448  1.1495133214334244E-003  0.0000000000000000E+000
   0.0000000000000000E+000
        32640  7.5895902957125194E-004  0.0000000000000000E+000
   0.0000000000000000E+000
        32832  1.0189142832737876E-003  0.0000000000000000E+000
   0.0000000000000000E+000
        33024  9.4721888114234561E-004  0.0000000000000000E+000
   0.0000000000000000E+000
        33216  6.9200374671645360E-004  0.0000000000000000E+000
   0.0000000000000000E+000
        33408  2.6938974494167500E-004  0.0000000000000000E+000
   0.0000000000000000E+000
        33600  3.2038405981772825E-004  0.0000000000000000E+000
   0.0000000000000000E+000
        33792  4.2873383265345345E-004  0.0000000000000000E+000
   0.0000000000000000E+000
        33984  6.8845121382283614E-004  0.0000000000000000E+000
   0.0000000000000000E+000
        34176  8.6665531799967144E-004  0.0000000000000000E+000
   0.0000000000000000E+000
        34368  6.4758649037772629E-004  0.0000000000000000E+000
   0.0000000000000000E+000
        34560  4.1971752721593991E-004  0.0000000000000000E+000
   0.0000000000000000E+000
        34752  3.8686187263070354E-004  0.0000000000000000E+000
   0.0000000000000000E+000
        34944  5.1577084599646324E-004  0.0000000000000000E+000
   0.0000000000000000E+000
        35136  8.7008342631012621E-004  0.0000000000000000E+000
   0.0000000000000000E+000
        35328  1.3658549058254419E-003  0.0000000000000000E+000
   0.0000000000000000E+000
        35520  1.5847335557710833E-003  0.0000000000000000E+000
   0.0000000000000000E+000
        35712  1.2250467060277428E-003  0.0000000000000000E+000
   0.0000000000000000E+000
        35904  7.6933575520099007E-004  0.0000000000000000E+000
   0.0000000000000000E+000
        36096  6.3092884337313977E-004  0.0000000000000000E+000
   0.0000000000000000E+000
        36288  7.4038579452843532E-004  0.0000000000000000E+000
   0.0000000000000000E+000
        36480  1.0885742965818590E-003  0.0000000000000000E+000
   0.0000000000000000E+000
        36672  1.4261734004947298E-003  0.0000000000000000E+000
   0.0000000000000000E+000
        36864  8.0966097654410775E-004  0.0000000000000000E+000
   0.0000000000000000E+000
        37056  4.6677587430667399E-004  0.0000000000000000E+000
   0.0000000000000000E+000
        37248  5.0752068393527074E-004  0.0000000000000000E+000
   0.0000000000000000E+000
        37440  6.4625287369634839E-004  0.0000000000000000E+000
   0.0000000000000000E+000
        37632  9.3565737264696310E-004  0.0000000000000000E+000
   0.0000000000000000E+000
        37824  1.7249693446927379E-003  0.0000000000000000E+000
   0.0000000000000000E+000
        38016  3.5116941181772485E-003  0.0000000000000000E+000
   0.0000000000000000E+000
        38208  3.6555060595464578E-003  0.0000000000000000E+000
   0.0000000000000000E+000
        38400  1.2860344646548265E-003  0.0000000000000000E+000
   0.0000000000000000E+000
        38592  6.4828751996204488E-004  0.0000000000000000E+000
   0.0000000000000000E+000
        38784  7.3933285747388973E-004  0.0000000000000000E+000
   0.0000000000000000E+000
        38976  1.0431809976287011E-003  0.0000000000000000E+000
   0.0000000000000000E+000
        39168  1.8009828831902146E-003  0.0000000000000000E+000
   0.0000000000000000E+000
        39360  2.4324990359438675E-003  0.0000000000000000E+000
   0.0000000000000000E+000
        39552  1.9008601916503281E-003  0.0000000000000000E+000
   0.0000000000000000E+000
        39744  1.5211877625597987E-003  0.0000000000000000E+000
   0.0000000000000000E+000
        39936  1.3891328137122390E-003  0.0000000000000000E+000
   0.0000000000000000E+000
        40128  1.2469677838309503E-003  0.0000000000000000E+000
   0.0000000000000000E+000
        40320  4.9320783377700280E-004  0.0000000000000000E+000
   0.0000000000000000E+000
        40512  3.9184995085042709E-004  0.0000000000000000E+000
   0.0000000000000000E+000
        40704  8.1246690152838262E-004  0.0000000000000000E+000
   0.0000000000000000E+000
        40896  2.4756775542211372E-003  0.0000000000000000E+000
   0.0000000000000000E+000
        41088  2.6700440977532134E-003  0.0000000000000000E+000
   0.0000000000000000E+000
        41280  1.2159137917904393E-003  0.0000000000000000E+000
   0.0000000000000000E+000
        41472  6.0803351317818399E-004  0.0000000000000000E+000
   0.0000000000000000E+000
        41664  2.8507996111496538E-004  0.0000000000000000E+000
   0.0000000000000000E+000
        41856  3.1519938612675877E-004  0.0000000000000000E+000
   0.0000000000000000E+000
        42048  3.3184457878971172E-004  0.0000000000000000E+000
   0.0000000000000000E+000
        42240  5.3454593880057665E-004  0.0000000000000000E+000
   0.0000000000000000E+000
        42432  1.7118780163166065E-003  0.0000000000000000E+000
   0.0000000000000000E+000
        42624  1.5567877162397689E-003  0.0000000000000000E+000
   0.0000000000000000E+000
        42816  1.6393387594851709E-004  0.0000000000000000E+000
   0.0000000000000000E+000
        43008  5.3857672107840685E-005  0.0000000000000000E+000
   0.0000000000000000E+000
        43200  5.8036364252667333E-005  0.0000000000000000E+000
   0.0000000000000000E+000
        43392  9.3668936304281379E-005  0.0000000000000000E+000
   0.0000000000000000E+000
        43584  2.6596185465957743E-004  0.0000000000000000E+000
   0.0000000000000000E+000
        43776  1.0222468085221452E-003  0.0000000000000000E+000
   0.0000000000000000E+000
        43968  2.6520251347740172E-003  0.0000000000000000E+000
   0.0000000000000000E+000
        44160  2.7225851998343956E-003  0.0000000000000000E+000
   0.0000000000000000E+000
        44352  5.2833599590596523E-004  0.0000000000000000E+000
   0.0000000000000000E+000
        44544  1.1685334807597660E-004  0.0000000000000000E+000
   0.0000000000000000E+000
        44736  8.2625400691231540E-005  0.0000000000000000E+000
   0.0000000000000000E+000
        44928  1.3364982723668031E-004  0.0000000000000000E+000
   0.0000000000000000E+000
        45120  3.9596244377186856E-004  0.0000000000000000E+000
   0.0000000000000000E+000
        45312  2.0466878155074998E-003  0.0000000000000000E+000
   0.0000000000000000E+000
        45504  3.2353465160583554E-003  0.0000000000000000E+000
   0.0000000000000000E+000
        45696  6.7575599651054227E-004  0.0000000000000000E+000
   0.0000000000000000E+000
        45888  9.3040624753150359E-004  0.0000000000000000E+000
   0.0000000000000000E+000
        46080  7.5423524656297893E-004  0.0000000000000000E+000
   0.0000000000000000E+000
        46272  6.0416958107378793E-004  0.0000000000000000E+000
   0.0000000000000000E+000
        46464  5.1244018440988360E-004  0.0000000000000000E+000
   0.0000000000000000E+000
        46656  5.6498869611873459E-004  0.0000000000000000E+000
   0.0000000000000000E+000
        46848  8.7409217948611372E-004  0.0000000000000000E+000
   0.0000000000000000E+000
        47040  2.0419997975787614E-003  0.0000000000000000E+000
   0.0000000000000000E+000
        47232  4.0148416338610209E-003  0.0000000000000000E+000
   0.0000000000000000E+000
        47424  2.9522693912801341E-003  0.0000000000000000E+000
   0.0000000000000000E+000
        47616  6.8462179051595831E-004  0.0000000000000000E+000
   0.0000000000000000E+000
        47808  5.9778832964192045E-004  0.0000000000000000E+000
   0.0000000000000000E+000
        48000  1.2244843090926404E-003  0.0000000000000000E+000
   0.0000000000000000E+000
        48192  2.6981372394627883E-003  0.0000000000000000E+000
   0.0000000000000000E+000
        48384  1.4127619136422231E-003  0.0000000000000000E+000
   0.0000000000000000E+000
        48576  1.4493141222760983E-003  0.0000000000000000E+000
   0.0000000000000000E+000
        48768  1.8405045122513984E-003  0.0000000000000000E+000
   0.0000000000000000E+000
        48960  2.1271557023948718E-003  0.0000000000000000E+000
   0.0000000000000000E+000
        49152  5.1727225766111081E-004  0.0000000000000000E+000
   0.0000000000000000E+000
        49344  3.9242315313601828E-004  0.0000000000000000E+000
   0.0000000000000000E+000
        49536  4.8951494019006689E-004  0.0000000000000000E+000
   0.0000000000000000E+000
        49728  1.4141696779920289E-003  0.0000000000000000E+000
   0.0000000000000000E+000
        49920  2.1421728331693360E-003  0.0000000000000000E+000
   0.0000000000000000E+000
        50112  1.0983035725798025E-003  0.0000000000000000E+000
   0.0000000000000000E+000
        50304  8.4307855848653830E-004  0.0000000000000000E+000
   0.0000000000000000E+000
        50496  4.0466673191338329E-004  0.0000000000000000E+000
   0.0000000000000000E+000
        50688  1.1511558012050926E-004  0.0000000000000000E+000
   0.0000000000000000E+000
        50880  9.7605953057006671E-005  0.0000000000000000E+000
   0.0000000000000000E+000
        51072  1.2161117503759543E-004  0.0000000000000000E+000
   0.0000000000000000E+000
        51264  2.6919851283457630E-004  0.0000000000000000E+000
   0.0000000000000000E+000
        51456  9.9198892914943433E-004  0.0000000000000000E+000
   0.0000000000000000E+000
        51648  1.9238450212769752E-003  0.0000000000000000E+000
   0.0000000000000000E+000
        51840  7.8735418091826711E-004  0.0000000000000000E+000
   0.0000000000000000E+000
        52032  2.2189662299172910E-004  0.0000000000000000E+000
   0.0000000000000000E+000
        52224  1.6333301045321538E-004  0.0000000000000000E+000
   0.0000000000000000E+000
        52416  2.2080401244098640E-004  0.0000000000000000E+000
   0.0000000000000000E+000
        52608  4.7187400741593966E-004  0.0000000000000000E+000
   0.0000000000000000E+000
        52800  1.2750838170986851E-003  0.0000000000000000E+000
   0.0000000000000000E+000
        52992  3.1877500326395235E-003  0.0000000000000000E+000
   0.0000000000000000E+000
        53184  2.8866675027875103E-003  0.0000000000000000E+000
   0.0000000000000000E+000
        53376  6.8895315672281405E-004  0.0000000000000000E+000
   0.0000000000000000E+000
        53568  3.9721608383319000E-004  0.0000000000000000E+000
   0.0000000000000000E+000
        53760  4.6660144818932596E-004  0.0000000000000000E+000
   0.0000000000000000E+000
        53952  8.4718162138002493E-004  0.0000000000000000E+000
   0.0000000000000000E+000
        54144  2.1047829640546251E-003  0.0000000000000000E+000
   0.0000000000000000E+000
        54336  3.5506792353978307E-003  0.0000000000000000E+000
   0.0000000000000000E+000
        54528  1.6192292114007860E-003  0.0000000000000000E+000
   0.0000000000000000E+000
        54720  9.0388194805314406E-004  0.0000000000000000E+000
   0.0000000000000000E+000
        54912  1.9051499986620559E-003  0.0000000000000000E+000
   0.0000000000000000E+000
        55104  1.6709186891822143E-003  0.0000000000000000E+000
   0.0000000000000000E+000
        55296  1.0491290024999445E-003  0.0000000000000000E+000
   0.0000000000000000E+000
        55488  9.7693162106240647E-004  0.0000000000000000E+000
   0.0000000000000000E+000
        55680  5.3854823773540029E-004  0.0000000000000000E+000
   0.0000000000000000E+000
        55872  7.5287965744527739E-004  0.0000000000000000E+000
   0.0000000000000000E+000
        56064  1.3879932026453841E-003  0.0000000000000000E+000
   0.0000000000000000E+000
        56256  2.1548340864753464E-003  0.0000000000000000E+000
   0.0000000000000000E+000
        56448  1.0532928831231039E-003  0.0000000000000000E+000
   0.0000000000000000E+000
        56640  7.1799303255433357E-004  0.0000000000000000E+000
   0.0000000000000000E+000
        56832  8.0034555748547515E-004  0.0000000000000000E+000
   0.0000000000000000E+000
        57024  7.5236907077716843E-004  0.0000000000000000E+000
   0.0000000000000000E+000
        57216  6.4898905059460141E-004  0.0000000000000000E+000
   0.0000000000000000E+000
        57408  6.6483964725469480E-004  0.0000000000000000E+000
   0.0000000000000000E+000
        57600  1.4352934364145152E-003  0.0000000000000000E+000
   0.0000000000000000E+000
        57792  4.1203507635710250E-003  0.0000000000000000E+000
   0.0000000000000000E+000
        57984  2.4508416616632633E-003  0.0000000000000000E+000
   0.0000000000000000E+000
        58176  1.4466678395767891E-004  0.0000000000000000E+000
   0.0000000000000000E+000
        58368  3.1530749085407339E-004  0.0000000000000000E+000
   0.0000000000000000E+000
        58560  6.6040641243243748E-004  0.0000000000000000E+000
   0.0000000000000000E+000
        58752  5.8509817887346101E-004  0.0000000000000000E+000
   0.0000000000000000E+000
        58944  4.4114521129393341E-004  0.0000000000000000E+000
   0.0000000000000000E+000
        59136  7.1112706212611467E-004  0.0000000000000000E+000
   0.0000000000000000E+000
        59328  1.4260395853418067E-003  0.0000000000000000E+000
   0.0000000000000000E+000
        59520  2.1155533520976636E-003  0.0000000000000000E+000
   0.0000000000000000E+000
        59712  1.1393316770746155E-003  0.0000000000000000E+000
   0.0000000000000000E+000
        59904  3.9288926868702586E-004  0.0000000000000000E+000
   0.0000000000000000E+000
        60096  2.1098074857212957E-004  0.0000000000000000E+000
   0.0000000000000000E+000
        60288  1.6190734774327459E-004  0.0000000000000000E+000
   0.0000000000000000E+000
        60480  1.8624170112092282E-004  0.0000000000000000E+000
   0.0000000000000000E+000
        60672  3.7822011788468820E-004  0.0000000000000000E+000
   0.0000000000000000E+000
        60864  1.1586290272276231E-003  0.0000000000000000E+000
   0.0000000000000000E+000
        61056  2.7140251279244398E-003  0.0000000000000000E+000
   0.0000000000000000E+000
        61248  2.8666181801642343E-003  0.0000000000000000E+000
   0.0000000000000000E+000
        61440  6.2465924062460809E-004  0.0000000000000000E+000
   0.0000000000000000E+000
        61632  1.2815490667489047E-004  0.0000000000000000E+000
   0.0000000000000000E+000
        61824  8.4723008008435124E-005  0.0000000000000000E+000
   0.0000000000000000E+000
        62016  1.2190733233089602E-004  0.0000000000000000E+000
   0.0000000000000000E+000
        62208  3.2349724219889626E-004  0.0000000000000000E+000
   0.0000000000000000E+000
        62400  1.3754750692847081E-003  0.0000000000000000E+000
   0.0000000000000000E+000
        62592  4.5097976238267536E-003  0.0000000000000000E+000
   0.0000000000000000E+000
        62784  1.0290295616991873E-003  0.0000000000000000E+000
   0.0000000000000000E+000
        62976  8.6783126355576858E-004  0.0000000000000000E+000
   0.0000000000000000E+000
        63168  9.0720101603862090E-004  0.0000000000000000E+000
   0.0000000000000000E+000
        63360  6.7413485959692896E-004  0.0000000000000000E+000
   0.0000000000000000E+000
        63552  5.0036255764063036E-004  0.0000000000000000E+000
   0.0000000000000000E+000
        63744  5.3111594138705530E-004  0.0000000000000000E+000
   0.0000000000000000E+000
        63936  6.6258131233057208E-004  0.0000000000000000E+000
   0.0000000000000000E+000
        64128  1.3157611175591386E-003  0.0000000000000000E+000
   0.0000000000000000E+000
        64320  2.8349103637396833E-003  0.0000000000000000E+000
   0.0000000000000000E+000
        64512  3.4223449669521129E-003  0.0000000000000000E+000
   0.0000000000000000E+000
        64704  2.5665041893798467E-003  0.0000000000000000E+000
   0.0000000000000000E+000
        64896  6.8680985318802894E-004  0.0000000000000000E+000
   0.0000000000000000E+000
        65088  2.8872203307753327E-004  0.0000000000000000E+000
   0.0000000000000000E+000
        65280  1.0066334390834669E-003  0.0000000000000000E+000
   0.0000000000000000E+000
        65472  2.3125410677496852E-003  0.0000000000000000E+000
   0.0000000000000000E+000
        65664  1.6950966581759782E-003  0.0000000000000000E+000
   0.0000000000000000E+000
        65856  1.1870442922280987E-003  0.0000000000000000E+000
   0.0000000000000000E+000
        66048  1.2819229400171572E-003  0.0000000000000000E+000
   0.0000000000000000E+000
        66240  1.6818794329940834E-003  0.0000000000000000E+000
   0.0000000000000000E+000
        66432  1.5481988036679085E-003  0.0000000000000000E+000
   0.0000000000000000E+000
        66624  2.5391116823816000E-004  0.0000000000000000E+000
   0.0000000000000000E+000
        66816  2.9063209781180952E-004  0.0000000000000000E+000
   0.0000000000000000E+000
        67008  1.0190770236223000E-003  0.0000000000000000E+000
   0.0000000000000000E+000
        67200  1.7102495554429718E-003  0.0000000000000000E+000
   0.0000000000000000E+000
        67392  1.0358875559393025E-003  0.0000000000000000E+000
   0.0000000000000000E+000
        67584  8.0429709007067709E-004  0.0000000000000000E+000
   0.0000000000000000E+000
        67776  7.6396692865049942E-004  0.0000000000000000E+000
   0.0000000000000000E+000
        67968  3.2293615501206055E-004  0.0000000000000000E+000
   0.0000000000000000E+000
        68160  2.4407842432641518E-004  0.0000000000000000E+000
   0.0000000000000000E+000
        68352  3.3159447934909221E-004  0.0000000000000000E+000
   0.0000000000000000E+000
        68544  6.1260009014024351E-004  0.0000000000000000E+000
   0.0000000000000000E+000
        68736  1.0917312642058444E-003  0.0000000000000000E+000
   0.0000000000000000E+000
        68928  1.3103347089557424E-003  0.0000000000000000E+000
   0.0000000000000000E+000
        69120  1.0016616848858115E-003  0.0000000000000000E+000
   0.0000000000000000E+000
        69312  6.5715831928626228E-004  0.0000000000000000E+000
   0.0000000000000000E+000
        69504  5.0217731690192682E-004  0.0000000000000000E+000
   0.0000000000000000E+000
        69696  5.7287183485197572E-004  0.0000000000000000E+000
   0.0000000000000000E+000
        69888  1.1158108729140577E-003  0.0000000000000000E+000
   0.0000000000000000E+000
        70080  2.4206668710713033E-003  0.0000000000000000E+000
   0.0000000000000000E+000
        70272  2.2410051001238852E-003  0.0000000000000000E+000
   0.0000000000000000E+000
        70464  8.2656745524712207E-004  0.0000000000000000E+000
   0.0000000000000000E+000
        70656  3.7108324982945934E-004  0.0000000000000000E+000
   0.0000000000000000E+000
        70848  3.7245314017777029E-004  0.0000000000000000E+000
   0.0000000000000000E+000
        71040  6.5272468708621847E-004  0.0000000000000000E+000
   0.0000000000000000E+000
        71232  1.8158841329893333E-003  0.0000000000000000E+000
   0.0000000000000000E+000
        71424  2.2231993250779584E-003  0.0000000000000000E+000
   0.0000000000000000E+000
        71616  9.8751809787452549E-004  0.0000000000000000E+000
   0.0000000000000000E+000
        71808  8.8769821827669492E-004  0.0000000000000000E+000
   0.0000000000000000E+000
        72000  9.9486775883870517E-004  0.0000000000000000E+000
   0.0000000000000000E+000
        72192  1.0015846586929967E-003  0.0000000000000000E+000
   0.0000000000000000E+000
        72384  1.0014933487302495E-003  0.0000000000000000E+000
   0.0000000000000000E+000
        72576  1.0299757741621006E-003  0.0000000000000000E+000
   0.0000000000000000E+000
        72768  1.1725799346721689E-003  0.0000000000000000E+000
   0.0000000000000000E+000
        72960  1.4948751636542760E-003  0.0000000000000000E+000
   0.0000000000000000E+000
        73152  1.4690162063580295E-003  0.0000000000000000E+000
   0.0000000000000000E+000
        73344  1.2261749887121881E-003  0.0000000000000000E+000
   0.0000000000000000E+000
        73536  1.0120982745440525E-003  0.0000000000000000E+000
   0.0000000000000000E+000
        73728  9.7871776138514052E-004  0.0000000000000000E+000
   0.0000000000000000E+000
        73920  1.2328267282755506E-003  0.0000000000000000E+000
   0.0000000000000000E+000
        74112  1.2911951761983495E-003  0.0000000000000000E+000
   0.0000000000000000E+000
        74304  1.1781510965489348E-003  0.0000000000000000E+000
   0.0000000000000000E+000
        74496  1.2102777447844017E-003  0.0000000000000000E+000
   0.0000000000000000E+000
        74688  1.4238622986178712E-003  0.0000000000000000E+000
   0.0000000000000000E+000
        74880  1.3465960209802913E-003  0.0000000000000000E+000
   0.0000000000000000E+000
        75072  1.2718265733932903E-003  0.0000000000000000E+000
   0.0000000000000000E+000
        75264  6.1842103233885563E-004  0.0000000000000000E+000
   0.0000000000000000E+000
        75456  1.2667453580723646E-003  0.0000000000000000E+000
   0.0000000000000000E+000
        75648  1.9801034383524381E-003  0.0000000000000000E+000
   0.0000000000000000E+000
        75840  1.2731417021698646E-003  0.0000000000000000E+000
   0.0000000000000000E+000
        76032  1.1465092003034982E-003  0.0000000000000000E+000
   0.0000000000000000E+000
        76224  1.1390839624365497E-003  0.0000000000000000E+000
   0.0000000000000000E+000
        76416  5.9409169331943966E-004  0.0000000000000000E+000
   0.0000000000000000E+000
        76608  1.6959574193784857E-004  0.0000000000000000E+000
   0.0000000000000000E+000
        76800  1.5638562870222373E-004  0.0000000000000000E+000
   0.0000000000000000E+000
        76992  2.0484152265194222E-004  0.0000000000000000E+000
   0.0000000000000000E+000
        77184  3.9258343938410837E-004  0.0000000000000000E+000
   0.0000000000000000E+000
        77376  1.0573858508623670E-003  0.0000000000000000E+000
   0.0000000000000000E+000
        77568  1.7294007728352633E-003  0.0000000000000000E+000
   0.0000000000000000E+000
        77760  7.9979838860680277E-004  0.0000000000000000E+000
   0.0000000000000000E+000
        77952  2.5918560545634445E-004  0.0000000000000000E+000
   0.0000000000000000E+000
        78144  1.7780874720080129E-004  0.0000000000000000E+000
   0.0000000000000000E+000
        78336  2.3629632219803384E-004  0.0000000000000000E+000
   0.0000000000000000E+000
        78528  5.4551870988976876E-004  0.0000000000000000E+000
   0.0000000000000000E+000
        78720  1.6149401386360150E-003  0.0000000000000000E+000
   0.0000000000000000E+000
        78912  3.3626242032518453E-003  0.0000000000000000E+000
   0.0000000000000000E+000
        79104  1.9114966239413824E-003  0.0000000000000000E+000
   0.0000000000000000E+000
        79296  3.6354525127492898E-004  0.0000000000000000E+000
   0.0000000000000000E+000
        79488  2.0597000153738421E-004  0.0000000000000000E+000
   0.0000000000000000E+000
        79680  2.4626252195041499E-004  0.0000000000000000E+000
   0.0000000000000000E+000
        79872  5.0588936726737063E-004  0.0000000000000000E+000
   0.0000000000000000E+000
        80064  1.7465939781640795E-003  0.0000000000000000E+000
   0.0000000000000000E+000
        80256  3.4610119631144002E-003  0.0000000000000000E+000
   0.0000000000000000E+000
        80448  1.9389984431717746E-003  0.0000000000000000E+000
   0.0000000000000000E+000
        80640  1.0943481594859630E-003  0.0000000000000000E+000
   0.0000000000000000E+000
        80832  1.1973624770970374E-003  0.0000000000000000E+000
   0.0000000000000000E+000
        81024  1.6293083864172878E-003  0.0000000000000000E+000
   0.0000000000000000E+000
        81216  9.9336553239733993E-004  0.0000000000000000E+000
   0.0000000000000000E+000
        81408  9.2130315554488909E-004  0.0000000000000000E+000
   0.0000000000000000E+000
        81600  6.0308174575664090E-004  0.0000000000000000E+000
   0.0000000000000000E+000
        81792  8.0228288459245026E-004  0.0000000000000000E+000
   0.0000000000000000E+000
        81984  1.4040824165851402E-003  0.0000000000000000E+000
   0.0000000000000000E+000
        82176  2.1453547820979801E-003  0.0000000000000000E+000
   0.0000000000000000E+000
        82368  1.4962420962841743E-003  0.0000000000000000E+000
   0.0000000000000000E+000
        82560  9.6374038117698411E-004  0.0000000000000000E+000
   0.0000000000000000E+000
        82752  7.7662065732475572E-004  0.0000000000000000E+000
   0.0000000000000000E+000
        82944  9.8368521194202685E-004  0.0000000000000000E+000
   0.0000000000000000E+000
        83136  1.0110007220644089E-003  0.0000000000000000E+000
   0.0000000000000000E+000
        83328  1.3618856841611856E-003  0.0000000000000000E+000
   0.0000000000000000E+000
        83520  2.2694449734796023E-003  0.0000000000000000E+000
   0.0000000000000000E+000
        83712  2.4291212868523117E-003  0.0000000000000000E+000
   0.0000000000000000E+000
        83904  1.0004456013649702E-003  0.0000000000000000E+000
   0.0000000000000000E+000
        84096  8.2850150687389652E-004  0.0000000000000000E+000
   0.0000000000000000E+000
        84288  6.4272758133422929E-004  0.0000000000000000E+000
   0.0000000000000000E+000
        84480  8.2840433532957295E-004  0.0000000000000000E+000
   0.0000000000000000E+000
        84672  1.1250440968870426E-003  0.0000000000000000E+000
   0.0000000000000000E+000
        84864  1.8708424397499146E-003  0.0000000000000000E+000
   0.0000000000000000E+000
        85056  1.1802741300223660E-003  0.0000000000000000E+000
   0.0000000000000000E+000
        85248  2.0723566743260528E-004  0.0000000000000000E+000
   0.0000000000000000E+000
        85440  8.7957083591665042E-005  0.0000000000000000E+000
   0.0000000000000000E+000
        85632  9.1082376070467390E-005  0.0000000000000000E+000
   0.0000000000000000E+000
        85824  1.3302288951115462E-004  0.0000000000000000E+000
   0.0000000000000000E+000
        86016  2.9323126585650632E-004  0.0000000000000000E+000
   0.0000000000000000E+000
        86208  9.8619691977554300E-004  0.0000000000000000E+000
   0.0000000000000000E+000
        86400  1.8047152931892462E-003  0.0000000000000000E+000
   0.0000000000000000E+000
        86592  9.0288117801657513E-004  0.0000000000000000E+000
   0.0000000000000000E+000
        86784  2.3875647528550284E-004  0.0000000000000000E+000
   0.0000000000000000E+000
        86976  1.3935068772192474E-004  0.0000000000000000E+000
   0.0000000000000000E+000
        87168  2.1292905012627425E-004  0.0000000000000000E+000
   0.0000000000000000E+000
        87360  5.6690734806732731E-004  0.0000000000000000E+000
   0.0000000000000000E+000
        87552  1.8265816363966369E-003  0.0000000000000000E+000
   0.0000000000000000E+000
        87744  3.5963750341030058E-003  0.0000000000000000E+000
   0.0000000000000000E+000
        87936  1.3037476382889170E-003  0.0000000000000000E+000
   0.0000000000000000E+000
        88128  1.3649611022792851E-004  0.0000000000000000E+000
   0.0000000000000000E+000
        88320  5.0265244506435857E-005  0.0000000000000000E+000
   0.0000000000000000E+000
        88512  6.0864773390106885E-005  0.0000000000000000E+000
   0.0000000000000000E+000
        88704  1.7280321199859207E-004  0.0000000000000000E+000
   0.0000000000000000E+000
        88896  8.6219572597809910E-004  0.0000000000000000E+000
   0.0000000000000000E+000
        89088  2.9023635669031280E-003  0.0000000000000000E+000
   0.0000000000000000E+000
        89280  1.3455677902350545E-003  0.0000000000000000E+000
   0.0000000000000000E+000
        89472  9.8423911864131664E-004  0.0000000000000000E+000
   0.0000000000000000E+000
        89664  8.9839784640285091E-004  0.0000000000000000E+000
   0.0000000000000000E+000
        89856  9.8152917446703508E-004  0.0000000000000000E+000
   0.0000000000000000E+000
        90048  1.2163450597703000E-003  0.0000000000000000E+000
   0.0000000000000000E+000
        90240  2.6090701309836881E-003  0.0000000000000000E+000
   0.0000000000000000E+000
        90432  2.9489212230633275E-003  0.0000000000000000E+000
   0.0000000000000000E+000
        90624  1.5897397178843502E-003  0.0000000000000000E+000
   0.0000000000000000E+000
        90816  1.1399337877330111E-003  0.0000000000000000E+000
   0.0000000000000000E+000
        91008  9.8323915673076759E-004  0.0000000000000000E+000
   0.0000000000000000E+000
        91200  9.6739321757790208E-004  0.0000000000000000E+000
   0.0000000000000000E+000
        91392  1.9549691154080130E-003  0.0000000000000000E+000
   0.0000000000000000E+000
        91584  2.9821273014869320E-003  0.0000000000000000E+000
   0.0000000000000000E+000
        91776  2.3182068301489211E-003  0.0000000000000000E+000
   0.0000000000000000E+000
        91968  2.1189393713817446E-003  0.0000000000000000E+000
   0.0000000000000000E+000
        92160  8.3884813052275829E-004  0.0000000000000000E+000
   0.0000000000000000E+000
        92352  8.3441715455985954E-004  0.0000000000000000E+000
   0.0000000000000000E+000
        92544  5.8185187661340630E-004  0.0000000000000000E+000
   0.0000000000000000E+000
        92736  6.9013165151641848E-004  0.0000000000000000E+000
   0.0000000000000000E+000
        92928  1.6361922986808852E-003  0.0000000000000000E+000
   0.0000000000000000E+000
        93120  2.3848876312462836E-003  0.0000000000000000E+000
   0.0000000000000000E+000
        93312  1.6058739116100980E-003  0.0000000000000000E+000
   0.0000000000000000E+000
        93504  7.5354808861305953E-004  0.0000000000000000E+000
   0.0000000000000000E+000
        93696  2.4428133088737836E-005  0.0000000000000000E+000
   0.0000000000000000E+000
        93888  3.0972492302163934E-005  0.0000000000000000E+000
   0.0000000000000000E+000
        94080  5.2157152854335237E-005  0.0000000000000000E+000
   0.0000000000000000E+000
        94272  1.1009329623270021E-004  0.0000000000000000E+000
   0.0000000000000000E+000
        94464  2.5239205989702819E-004  0.0000000000000000E+000
   0.0000000000000000E+000
        94656  6.1531585250968780E-004  0.0000000000000000E+000
   0.0000000000000000E+000
        94848  1.7871518063930607E-003  0.0000000000000000E+000
   0.0000000000000000E+000
        95040  1.5987831108667152E-003  0.0000000000000000E+000
   0.0000000000000000E+000
        95232  2.9655193715252891E-004  0.0000000000000000E+000
   0.0000000000000000E+000
        95424  8.4996444777114984E-005  0.0000000000000000E+000
   0.0000000000000000E+000
        95616  7.8679628717480093E-005  0.0000000000000000E+000
   0.0000000000000000E+000
        95808  1.8002723860964339E-004  0.0000000000000000E+000
   0.0000000000000000E+000
        96000  6.5780375670132475E-004  0.0000000000000000E+000
   0.0000000000000000E+000
        96192  2.1675795867838756E-003  0.0000000000000000E+000
   0.0000000000000000E+000
        96384  3.8108209468012302E-003  0.0000000000000000E+000
   0.0000000000000000E+000
        96576  1.0151186737381230E-003  0.0000000000000000E+000
   0.0000000000000000E+000
        96768  8.8291939215144201E-005  0.0000000000000000E+000
   0.0000000000000000E+000
        96960  3.0615836544983232E-005  0.0000000000000000E+000
   0.0000000000000000E+000
        97152  3.7068838588491275E-005  0.0000000000000000E+000
   0.0000000000000000E+000
        97344  1.1558074312186750E-004  0.0000000000000000E+000
   0.0000000000000000E+000
        97536  6.3947124299572930E-004  0.0000000000000000E+000
   0.0000000000000000E+000
        97728  2.9358835409452029E-003  0.0000000000000000E+000
   0.0000000000000000E+000
        97920  1.6486717382268976E-003  0.0000000000000000E+000
   0.0000000000000000E+000
        98112  9.2851497044807896E-004  0.0000000000000000E+000
   0.0000000000000000E+000
        98304  8.1258492981996016E-004  0.0000000000000000E+000
   0.0000000000000000E+000
        98496  7.7302208898884835E-004  0.0000000000000000E+000
   0.0000000000000000E+000
        98688  4.3289504219068598E-004  0.0000000000000000E+000
   0.0000000000000000E+000
        98880  4.4306585050715193E-004  0.0000000000000000E+000
   0.0000000000000000E+000
        99072  4.6935518315565749E-004  0.0000000000000000E+000
   0.0000000000000000E+000
        99264  1.1202098173208174E-003  0.0000000000000000E+000
   0.0000000000000000E+000
        99456  3.0494490573167664E-003  0.0000000000000000E+000
   0.0000000000000000E+000
        99648  4.7829154896870691E-003  0.0000000000000000E+000
   0.0000000000000000E+000
        99840  1.2360233864137527E-003  0.0000000000000000E+000
   0.0000000000000000E+000
       100032  1.1973902594516776E-003  0.0000000000000000E+000
   0.0000000000000000E+000
       100224  1.2060598396002643E-003  0.0000000000000000E+000
   0.0000000000000000E+000
       100416  1.3858868410677311E-003  0.0000000000000000E+000
   0.0000000000000000E+000
       100608  1.6445539446060897E-003  0.0000000000000000E+000
   0.0000000000000000E+000
       100800  1.9440202130333402E-003  0.0000000000000000E+000
   0.0000000000000000E+000
       100992  2.0507549205205440E-003  0.0000000000000000E+000
   0.0000000000000000E+000
       101184  2.2519571193179784E-003  0.0000000000000000E+000
   0.0000000000000000E+000
       101376  1.3777930723475856E-003  0.0000000000000000E+000
   0.0000000000000000E+000
       101568  2.3412071055724416E-004  0.0000000000000000E+000
   0.0000000000000000E+000
       101760  2.8178011436084998E-004  0.0000000000000000E+000
   0.0000000000000000E+000
       101952  2.9845874291502413E-004  0.0000000000000000E+000
   0.0000000000000000E+000
       102144  3.5689833299532145E-004  0.0000000000000000E+000
   0.0000000000000000E+000
       102336  8.8317956696893002E-004  0.0000000000000000E+000
   0.0000000000000000E+000
       102528  2.1664632519542842E-003  0.0000000000000000E+000
   0.0000000000000000E+000
       102720  2.8466055718319458E-003  0.0000000000000000E+000
   0.0000000000000000E+000
       102912  1.7020497300552852E-004  0.0000000000000000E+000
   0.0000000000000000E+000
       103104  6.5560087460049771E-005  0.0000000000000000E+000
   0.0000000000000000E+000
       103296  6.2306258708823471E-005  0.0000000000000000E+000
   0.0000000000000000E+000
       103488  7.0871551414265573E-005  0.0000000000000000E+000
   0.0000000000000000E+000
       103680  1.1746966834714873E-004  0.0000000000000000E+000
   0.0000000000000000E+000
       103872  2.9654672391694979E-004  0.0000000000000000E+000
   0.0000000000000000E+000
       104064  9.4279254934265158E-004  0.0000000000000000E+000
   0.0000000000000000E+000
       104256  2.0446577199372032E-003  0.0000000000000000E+000
   0.0000000000000000E+000
       104448  2.4228599041196245E-003  0.0000000000000000E+000
   0.0000000000000000E+000
       104640  9.4602676363346591E-004  0.0000000000000000E+000
   0.0000000000000000E+000
       104832  2.8657519028625053E-004  0.0000000000000000E+000
   0.0000000000000000E+000
       105024  2.2893568033299753E-004  0.0000000000000000E+000
   0.0000000000000000E+000
       105216  3.8913318732846085E-004  0.0000000000000000E+000
   0.0000000000000000E+000
       105408  1.1324885927890727E-003  0.0000000000000000E+000
   0.0000000000000000E+000
       105600  2.8203204571867857E-003  0.0000000000000000E+000
   0.0000000000000000E+000
       105792  1.8554956695147828E-003  0.0000000000000000E+000
   0.0000000000000000E+000
       105984  5.1325370446713380E-004  0.0000000000000000E+000
   0.0000000000000000E+000
       106176  4.7660756117069134E-004  0.0000000000000000E+000
   0.0000000000000000E+000
       106368  6.1949414103701752E-004  0.0000000000000000E+000
   0.0000000000000000E+000
       106560  9.3966180584743896E-004  0.0000000000000000E+000
   0.0000000000000000E+000
       106752  1.5577117448275608E-003  0.0000000000000000E+000
   0.0000000000000000E+000
       106944  2.3651071457455142E-003  0.0000000000000000E+000
   0.0000000000000000E+000
       107136  2.2287889310421529E-003  0.0000000000000000E+000
   0.0000000000000000E+000
       107328  1.3059105689450312E-003  0.0000000000000000E+000
   0.0000000000000000E+000
       107520  6.8970009184642111E-004  0.0000000000000000E+000
   0.0000000000000000E+000
       107712  1.5626574560901258E-003  0.0000000000000000E+000
   0.0000000000000000E+000
       107904  2.3501022320190548E-003  0.0000000000000000E+000
   0.0000000000000000E+000
       108096  1.4804865974816844E-003  0.0000000000000000E+000
   0.0000000000000000E+000
       108288  1.2609404005652994E-003  0.0000000000000000E+000
   0.0000000000000000E+000
       108480  1.1934287142386809E-003  0.0000000000000000E+000
   0.0000000000000000E+000
       108672  9.4926960719335612E-004  0.0000000000000000E+000
   0.0000000000000000E+000
       108864  3.6039582566087052E-004  0.0000000000000000E+000
   0.0000000000000000E+000
       109056  4.2785226795883746E-004  0.0000000000000000E+000
   0.0000000000000000E+000
       109248  1.4323241571117830E-003  0.0000000000000000E+000
   0.0000000000000000E+000
       109440  2.5717156223921418E-003  0.0000000000000000E+000
   0.0000000000000000E+000
       109632  1.3706701945852705E-003  0.0000000000000000E+000
   0.0000000000000000E+000
       109824  9.8917705401474205E-004  0.0000000000000000E+000
   0.0000000000000000E+000
       110016  9.4930287546409430E-004  0.0000000000000000E+000
   0.0000000000000000E+000
       110208  2.8346535008901181E-004  0.0000000000000000E+000
   0.0000000000000000E+000
       110400  1.8270938873192114E-004  0.0000000000000000E+000
   0.0000000000000000E+000
       110592  2.6641323006399245E-004  0.0000000000000000E+000
   0.0000000000000000E+000
       110784  1.1936637753458081E-003  0.0000000000000000E+000
   0.0000000000000000E+000
       110976  2.3464534008327156E-003  0.0000000000000000E+000
   0.0000000000000000E+000
       111168  6.2837791377116892E-004  0.0000000000000000E+000
   0.0000000000000000E+000
       111360  2.9645471375388068E-004  0.0000000000000000E+000
   0.0000000000000000E+000
       111552  2.1686883658849447E-004  0.0000000000000000E+000
   0.0000000000000000E+000
       111744  1.7402873893849059E-004  0.0000000000000000E+000
   0.0000000000000000E+000
       111936  1.5624353837259331E-004  0.0000000000000000E+000
   0.0000000000000000E+000
       112128  2.3400371851710003E-004  0.0000000000000000E+000
   0.0000000000000000E+000
       112320  6.1894827265651577E-004  0.0000000000000000E+000
   0.0000000000000000E+000
       112512  1.5410370428757480E-003  0.0000000000000000E+000
   0.0000000000000000E+000
       112704  1.7042813121418876E-003  0.0000000000000000E+000
   0.0000000000000000E+000
       112896  1.0619306121282480E-003  0.0000000000000000E+000
   0.0000000000000000E+000
       113088  6.8489008674989206E-004  0.0000000000000000E+000
   0.0000000000000000E+000
       113280  6.5436298665373356E-004  0.0000000000000000E+000
   0.0000000000000000E+000
       113472  9.0024259476054170E-004  0.0000000000000000E+000
   0.0000000000000000E+000
       113664  1.5621870141209284E-003  0.0000000000000000E+000
   0.0000000000000000E+000
       113856  2.2246186627510843E-003  0.0000000000000000E+000
   0.0000000000000000E+000
       114048  1.7815885621910170E-003  0.0000000000000000E+000
   0.0000000000000000E+000
       114240  1.3088040617050107E-003  0.0000000000000000E+000
   0.0000000000000000E+000
       114432  1.6985241028814491E-003  0.0000000000000000E+000
   0.0000000000000000E+000
       114624  2.5032678318318079E-003  0.0000000000000000E+000
   0.0000000000000000E+000
       114816  2.2138301691714984E-003  0.0000000000000000E+000
   0.0000000000000000E+000
       115008  7.6345539408137258E-004  0.0000000000000000E+000
   0.0000000000000000E+000
       115200  6.1659446484892339E-004  0.0000000000000000E+000
   0.0000000000000000E+000
       115392  9.5406923359602923E-004  0.0000000000000000E+000
   0.0000000000000000E+000
       115584  1.9277991335921350E-003  0.0000000000000000E+000
   0.0000000000000000E+000
       115776  1.7698586297408172E-003  0.0000000000000000E+000
   0.0000000000000000E+000
       115968  1.0500755124250845E-003  0.0000000000000000E+000
   0.0000000000000000E+000
       116160  1.1142339401966229E-003  0.0000000000000000E+000
   0.0000000000000000E+000
       116352  7.9441924081660362E-004  0.0000000000000000E+000
   0.0000000000000000E+000
       116544  8.5923573290538620E-004  0.0000000000000000E+000
   0.0000000000000000E+000
       116736  5.3108130492856773E-004  0.0000000000000000E+000
   0.0000000000000000E+000
       116928  6.5878867910839267E-004  0.0000000000000000E+000
   0.0000000000000000E+000
       117120  1.8263832173897475E-003  0.0000000000000000E+000
   0.0000000000000000E+000
       117312  1.8234384943372603E-003  0.0000000000000000E+000
   0.0000000000000000E+000
       117504  9.0904987533709262E-004  0.0000000000000000E+000
   0.0000000000000000E+000
       117696  6.9981300591517783E-004  0.0000000000000000E+000
   0.0000000000000000E+000
       117888  8.7767975463544465E-004  0.0000000000000000E+000
   0.0000000000000000E+000
       118080  8.0484049550907976E-004  0.0000000000000000E+000
   0.0000000000000000E+000
       118272  7.7468423237799313E-004  0.0000000000000000E+000
   0.0000000000000000E+000
       118464  1.6462814693345199E-003  0.0000000000000000E+000
   0.0000000000000000E+000
       118656  1.7208402730028464E-003  0.0000000000000000E+000
   0.0000000000000000E+000
       118848  1.3780699940092699E-003  0.0000000000000000E+000
   0.0000000000000000E+000
       119040  2.4716608694996629E-003  0.0000000000000000E+000
   0.0000000000000000E+000
       119232  9.7975708730229424E-004  0.0000000000000000E+000
   0.0000000000000000E+000
       119424  4.6018404478529687E-004  0.0000000000000000E+000
   0.0000000000000000E+000
       119616  3.6995716739173336E-004  0.0000000000000000E+000
   0.0000000000000000E+000
       119808  3.7615505170876334E-004  0.0000000000000000E+000
   0.0000000000000000E+000
       120000  5.1084438606164824E-004  0.0000000000000000E+000
   0.0000000000000000E+000
       120192  1.2992097768430579E-003  0.0000000000000000E+000
   0.0000000000000000E+000
       120384  2.0435393269438652E-003  0.0000000000000000E+000
   0.0000000000000000E+000
       120576  5.0367758228201743E-004  0.0000000000000000E+000
   0.0000000000000000E+000
       120768  1.5051529645380808E-004  0.0000000000000000E+000
   0.0000000000000000E+000
       120960  1.4197421471918780E-004  0.0000000000000000E+000
   0.0000000000000000E+000
       121152  1.8840050872947987E-004  0.0000000000000000E+000
   0.0000000000000000E+000
       121344  3.9413442662817677E-004  0.0000000000000000E+000
   0.0000000000000000E+000
       121536  1.0242000674506927E-003  0.0000000000000000E+000
   0.0000000000000000E+000
       121728  2.2896207969774970E-003  0.0000000000000000E+000
   0.0000000000000000E+000
       121920  2.4992783526853499E-003  0.0000000000000000E+000
   0.0000000000000000E+000
       122112  7.5591249711467958E-004  0.0000000000000000E+000
   0.0000000000000000E+000
       122304  2.4358405661083132E-004  0.0000000000000000E+000
   0.0000000000000000E+000
       122496  2.2598595981592278E-004  0.0000000000000000E+000
   0.0000000000000000E+000
       122688  4.1970418296444743E-004  0.0000000000000000E+000
   0.0000000000000000E+000
       122880  1.2437922129564889E-003  0.0000000000000000E+000
   0.0000000000000000E+000
       123072  2.9300767939416392E-003  0.0000000000000000E+000
   0.0000000000000000E+000
       123264  1.0450579775103624E-003  0.0000000000000000E+000
   0.0000000000000000E+000
       123456  6.5730284000466643E-004  0.0000000000000000E+000
   0.0000000000000000E+000
       123648  6.8825884245959890E-004  0.0000000000000000E+000
   0.0000000000000000E+000
       123840  7.6866420314045591E-004  0.0000000000000000E+000
   0.0000000000000000E+000
       124032  9.4957353362472329E-004  0.0000000000000000E+000
   0.0000000000000000E+000
       124224  1.3193958600384117E-003  0.0000000000000000E+000
   0.0000000000000000E+000
       124416  2.1720832517339674E-003  0.0000000000000000E+000
   0.0000000000000000E+000
       124608  2.7709495345545833E-003  0.0000000000000000E+000
   0.0000000000000000E+000
       124800  1.8866393616182228E-003  0.0000000000000000E+000
   0.0000000000000000E+000
       124992  5.0276148852358162E-004  0.0000000000000000E+000
   0.0000000000000000E+000
       125184  6.3320641192798736E-004  0.0000000000000000E+000
   0.0000000000000000E+000
       125376  1.9864827425115999E-003  0.0000000000000000E+000
   0.0000000000000000E+000
       125568  2.4144839414531609E-003  0.0000000000000000E+000
   0.0000000000000000E+000
       125760  1.5866635820772233E-003  0.0000000000000000E+000
   0.0000000000000000E+000
       125952  1.4529989779093532E-003  0.0000000000000000E+000
   0.0000000000000000E+000
       126144  1.6243034296103034E-003  0.0000000000000000E+000
   0.0000000000000000E+000
       126336  7.6405166559651082E-004  0.0000000000000000E+000
   0.0000000000000000E+000
       126528  2.4197124565036548E-004  0.0000000000000000E+000
   0.0000000000000000E+000
       126720  3.5223613472912279E-004  0.0000000000000000E+000
   0.0000000000000000E+000
       126912  1.2406083417324575E-003  0.0000000000000000E+000
   0.0000000000000000E+000
       127104  2.5389634769479000E-003  0.0000000000000000E+000
   0.0000000000000000E+000
       127296  1.3616775556086840E-003  0.0000000000000000E+000
   0.0000000000000000E+000
       127488  9.9352920441661595E-004  0.0000000000000000E+000
   0.0000000000000000E+000
       127680  9.0827245093645572E-004  0.0000000000000000E+000
   0.0000000000000000E+000
       127872  2.2975707529594445E-004  0.0000000000000000E+000
   0.0000000000000000E+000
       128064  1.4937111750534319E-004  0.0000000000000000E+000
   0.0000000000000000E+000
       128256  1.8874790644195504E-004  0.0000000000000000E+000
   0.0000000000000000E+000
       128448  5.7783017493882405E-004  0.0000000000000000E+000
   0.0000000000000000E+000
       128640  1.7841194354052100E-003  0.0000000000000000E+000
   0.0000000000000000E+000
       128832  1.0365113678637791E-003  0.0000000000000000E+000
   0.0000000000000000E+000
       129024  3.4186473886258168E-004  0.0000000000000000E+000
   0.0000000000000000E+000
       129216  2.5131581362260739E-004  0.0000000000000000E+000
   0.0000000000000000E+000
       129408  2.1933053369450008E-004  0.0000000000000000E+000
   0.0000000000000000E+000
       129600  2.9963104747839173E-004  0.0000000000000000E+000
   0.0000000000000000E+000
       129792  5.5169729604950530E-004  0.0000000000000000E+000
   0.0000000000000000E+000
       129984  1.0263314517954239E-003  0.0000000000000000E+000
   0.0000000000000000E+000
       130176  1.3751513011933207E-003  0.0000000000000000E+000
   0.0000000000000000E+000
       130368  1.5476475393446270E-003  0.0000000000000000E+000
   0.0000000000000000E+000
       130560  1.1992995239967815E-003  0.0000000000000000E+000
   0.0000000000000000E+000
       130752  7.5263851730062554E-004  0.0000000000000000E+000
   0.0000000000000000E+000
       130944  6.9194276393141614E-004  0.0000000000000000E+000
   0.0000000000000000E+000
       131136  9.9465236525984727E-004  0.0000000000000000E+000
   0.0000000000000000E+000
       131328  1.5381519928567029E-003  0.0000000000000000E+000
   0.0000000000000000E+000
       131520  1.6867876638438112E-003  0.0000000000000000E+000
   0.0000000000000000E+000
       131712  1.3567248172787437E-003  0.0000000000000000E+000
   0.0000000000000000E+000
       131904  1.2948598778236614E-003  0.0000000000000000E+000
   0.0000000000000000E+000
       132096  1.8818121569824657E-003  0.0000000000000000E+000
   0.0000000000000000E+000
       132288  2.6497670943448374E-003  0.0000000000000000E+000
   0.0000000000000000E+000
       132480  2.2006787354678569E-003  0.0000000000000000E+000
   0.0000000000000000E+000
       132672  8.1092291416604934E-004  0.0000000000000000E+000
   0.0000000000000000E+000
       132864  7.5520499126677774E-004  0.0000000000000000E+000
   0.0000000000000000E+000
       133056  9.8514064660969809E-004  0.0000000000000000E+000
   0.0000000000000000E+000
       133248  2.0323892225716685E-003  0.0000000000000000E+000
   0.0000000000000000E+000
       133440  2.1464919344139121E-003  0.0000000000000000E+000
   0.0000000000000000E+000
       133632  1.7824758959766379E-003  0.0000000000000000E+000
   0.0000000000000000E+000
       133824  1.2930391587497355E-003  0.0000000000000000E+000
   0.0000000000000000E+000
       134016  1.0235905672937604E-003  0.0000000000000000E+000
   0.0000000000000000E+000
       134208  8.2373874188333511E-004  0.0000000000000000E+000
   0.0000000000000000E+000
       134400  4.2864254429990958E-004  0.0000000000000000E+000
   0.0000000000000000E+000
       134592  4.4677640858367418E-004  0.0000000000000000E+000
   0.0000000000000000E+000
       134784  6.3003451628562159E-004  0.0000000000000000E+000
   0.0000000000000000E+000
       134976  2.5864100297571736E-003  0.0000000000000000E+000
   0.0000000000000000E+000
       135168  3.4746691449174137E-003  0.0000000000000000E+000
   0.0000000000000000E+000
       135360  1.8770800942931741E-003  0.0000000000000000E+000
   0.0000000000000000E+000
       135552  7.6574125580848985E-004  0.0000000000000000E+000
   0.0000000000000000E+000
       135744  2.6632467240871700E-004  0.0000000000000000E+000
   0.0000000000000000E+000
       135936  3.8810262334538158E-004  0.0000000000000000E+000
   0.0000000000000000E+000
       136128  4.7468252357310038E-004  0.0000000000000000E+000
   0.0000000000000000E+000
       136320  7.2746114108614645E-004  0.0000000000000000E+000
   0.0000000000000000E+000
       136512  1.5380197031550651E-003  0.0000000000000000E+000
   0.0000000000000000E+000
       136704  2.2491690805385399E-003  0.0000000000000000E+000
   0.0000000000000000E+000
       136896  1.1587845061231234E-003  0.0000000000000000E+000
   0.0000000000000000E+000
       137088  1.0576355654712162E-003  0.0000000000000000E+000
   0.0000000000000000E+000
       137280  1.5513456189391137E-003  0.0000000000000000E+000
   0.0000000000000000E+000
       137472  6.5051180180401695E-004  0.0000000000000000E+000
   0.0000000000000000E+000
       137664  3.1775550188048348E-004  0.0000000000000000E+000
   0.0000000000000000E+000
       137856  2.7698948157025844E-004  0.0000000000000000E+000
   0.0000000000000000E+000
       138048  3.3241554064949270E-004  0.0000000000000000E+000
   0.0000000000000000E+000
       138240  5.9139084111344833E-004  0.0000000000000000E+000
   0.0000000000000000E+000
       138432  1.0412700897161516E-003  0.0000000000000000E+000
   0.0000000000000000E+000
       138624  1.2126562459730467E-003  0.0000000000000000E+000
   0.0000000000000000E+000
       138816  9.3199210827209699E-004  0.0000000000000000E+000
   0.0000000000000000E+000
       139008  7.9329079316402316E-004  0.0000000000000000E+000
   0.0000000000000000E+000
       139200  9.3784414958888909E-004  0.0000000000000000E+000
   0.0000000000000000E+000
       139392  1.2576703727707425E-003  0.0000000000000000E+000
   0.0000000000000000E+000
       139584  1.4951800449488962E-003  0.0000000000000000E+000
   0.0000000000000000E+000
       139776  1.2891911496344191E-003  0.0000000000000000E+000
   0.0000000000000000E+000
       139968  8.2162153986984276E-004  0.0000000000000000E+000
   0.0000000000000000E+000
       140160  6.1394013627308244E-004  0.0000000000000000E+000
   0.0000000000000000E+000
       140352  7.5903702662465653E-004  0.0000000000000000E+000
   0.0000000000000000E+000
       140544  9.7556102483333299E-004  0.0000000000000000E+000
   0.0000000000000000E+000
       140736  8.3053981212375121E-004  0.0000000000000000E+000
   0.0000000000000000E+000
       140928  6.9308868225708439E-004  0.0000000000000000E+000
   0.0000000000000000E+000
       141120  7.4956294965631393E-004  0.0000000000000000E+000
   0.0000000000000000E+000
       141312  9.8030341077163120E-004  0.0000000000000000E+000
   0.0000000000000000E+000
       141504  1.7312389737568145E-003  0.0000000000000000E+000
   0.0000000000000000E+000
       141696  2.9841961284155882E-003  0.0000000000000000E+000
   0.0000000000000000E+000
       141888  2.7917052686298712E-003  0.0000000000000000E+000
   0.0000000000000000E+000
       142080  8.4156290504814983E-004  0.0000000000000000E+000
   0.0000000000000000E+000
       142272  5.0393812873798414E-004  0.0000000000000000E+000
   0.0000000000000000E+000
       142464  1.1718026919014665E-003  0.0000000000000000E+000
   0.0000000000000000E+000
       142656  2.5451803219502531E-003  0.0000000000000000E+000
   0.0000000000000000E+000
       142848  1.7725583695806773E-003  0.0000000000000000E+000
   0.0000000000000000E+000
       143040  1.0604827919097454E-003  0.0000000000000000E+000
   0.0000000000000000E+000
       143232  9.4353327820495471E-004  0.0000000000000000E+000
   0.0000000000000000E+000
       143424  9.8549980655088438E-004  0.0000000000000000E+000
   0.0000000000000000E+000
       143616  9.8276950071803418E-004  0.0000000000000000E+000
   0.0000000000000000E+000
       143808  5.2141455953448644E-004  0.0000000000000000E+000
   0.0000000000000000E+000
       144000  7.6063035906499387E-004  0.0000000000000000E+000
   0.0000000000000000E+000
       144192  2.0745519277663295E-003  0.0000000000000000E+000
   0.0000000000000000E+000
       144384  1.3234743829005141E-003  0.0000000000000000E+000
   0.0000000000000000E+000
       144576  1.0489628606015398E-003  0.0000000000000000E+000
   0.0000000000000000E+000
       144768  9.8334739309784082E-004  0.0000000000000000E+000
   0.0000000000000000E+000
       144960  1.0345219714691621E-003  0.0000000000000000E+000
   0.0000000000000000E+000
       145152  2.6817719644412516E-004  0.0000000000000000E+000
   0.0000000000000000E+000
       145344  3.8158098689254649E-004  0.0000000000000000E+000
   0.0000000000000000E+000
       145536  8.5415608288369449E-004  0.0000000000000000E+000
   0.0000000000000000E+000
       145728  1.0347992298911837E-003  0.0000000000000000E+000
   0.0000000000000000E+000
       145920  1.0477759045041590E-003  0.0000000000000000E+000
   0.0000000000000000E+000
       146112  9.4510364361172162E-004  0.0000000000000000E+000
   0.0000000000000000E+000
       146304  6.2710507702409097E-004  0.0000000000000000E+000
   0.0000000000000000E+000
       146496  4.7321578077434966E-004  0.0000000000000000E+000
   0.0000000000000000E+000
       146688  4.2842982789748654E-004  0.0000000000000000E+000
   0.0000000000000000E+000
       146880  5.1508987168063863E-004  0.0000000000000000E+000
   0.0000000000000000E+000
       147072  7.6414372786160650E-004  0.0000000000000000E+000
   0.0000000000000000E+000
       147264  1.1945784471746157E-003  0.0000000000000000E+000
   0.0000000000000000E+000
       147456  1.8644272443179423E-003  0.0000000000000000E+000
   0.0000000000000000E+000
       147648  2.1422666465717335E-003  0.0000000000000000E+000
   0.0000000000000000E+000
       147840  1.1185974330345564E-003  0.0000000000000000E+000
   0.0000000000000000E+000
       148032  5.1364050592122288E-004  0.0000000000000000E+000
   0.0000000000000000E+000
       148224  4.6256035049744415E-004  0.0000000000000000E+000
   0.0000000000000000E+000
       148416  8.0289043059434718E-004  0.0000000000000000E+000
   0.0000000000000000E+000
       148608  1.7260236867519987E-003  0.0000000000000000E+000
   0.0000000000000000E+000
       148800  2.2828104043519865E-003  0.0000000000000000E+000
   0.0000000000000000E+000
       148992  1.2136739574357478E-003  0.0000000000000000E+000
   0.0000000000000000E+000
       149184  6.2419038132080615E-004  0.0000000000000000E+000
   0.0000000000000000E+000
       149376  6.3387931279778340E-004  0.0000000000000000E+000
   0.0000000000000000E+000
       149568  7.9534255119241288E-004  0.0000000000000000E+000
   0.0000000000000000E+000
       149760  1.0477280408078965E-003  0.0000000000000000E+000
   0.0000000000000000E+000
       149952  1.2885738651093684E-003  0.0000000000000000E+000
   0.0000000000000000E+000
       150144  1.4745173150345257E-003  0.0000000000000000E+000
   0.0000000000000000E+000
       150336  1.5421433400029027E-003  0.0000000000000000E+000
   0.0000000000000000E+000
       150528  1.3878682872665092E-003  0.0000000000000000E+000
   0.0000000000000000E+000
       150720  1.2085812231499523E-003  0.0000000000000000E+000
   0.0000000000000000E+000
       150912  9.1796018633004569E-004  0.0000000000000000E+000
   0.0000000000000000E+000
       151104  8.4211366218838238E-004  0.0000000000000000E+000
   0.0000000000000000E+000
       151296  7.0238435628103312E-004  0.0000000000000000E+000
   0.0000000000000000E+000
       151488  1.1460944559611912E-003  0.0000000000000000E+000
   0.0000000000000000E+000
       151680  1.7664368439597056E-003  0.0000000000000000E+000
   0.0000000000000000E+000
       151872  1.0160930666465108E-003  0.0000000000000000E+000
   0.0000000000000000E+000
       152064  8.8463921788199131E-004  0.0000000000000000E+000
   0.0000000000000000E+000
       152256  7.5516593645837951E-004  0.0000000000000000E+000
   0.0000000000000000E+000
       152448  9.5724182793970514E-004  0.0000000000000000E+000
   0.0000000000000000E+000
       152640  1.0788540492089789E-003  0.0000000000000000E+000
   0.0000000000000000E+000
       152832  1.7478266310281348E-003  0.0000000000000000E+000
   0.0000000000000000E+000
       153024  2.9075492301320685E-003  0.0000000000000000E+000
   0.0000000000000000E+000
       153216  1.1015385286774839E-003  0.0000000000000000E+000
   0.0000000000000000E+000
       153408  6.7830427859091262E-004  0.0000000000000000E+000
   0.0000000000000000E+000
       153600  5.8352043888744876E-004  0.0000000000000000E+000
   0.0000000000000000E+000
       153792  7.1470377176037925E-004  0.0000000000000000E+000
   0.0000000000000000E+000
       153984  1.3904246381778551E-003  0.0000000000000000E+000
   0.0000000000000000E+000
       154176  1.1620576609528638E-003  0.0000000000000000E+000
   0.0000000000000000E+000
       154368  7.1733573819619443E-004  0.0000000000000000E+000
   0.0000000000000000E+000
       154560  4.6311425307284538E-004  0.0000000000000000E+000
   0.0000000000000000E+000
       154752  3.0612467325877058E-004  0.0000000000000000E+000
   0.0000000000000000E+000
       154944  2.7227848380673115E-004  0.0000000000000000E+000
   0.0000000000000000E+000
       155136  2.9946042690984930E-004  0.0000000000000000E+000
   0.0000000000000000E+000
       155328  5.2305681794949605E-004  0.0000000000000000E+000
   0.0000000000000000E+000
       155520  1.0221668702455238E-003  0.0000000000000000E+000
   0.0000000000000000E+000
       155712  1.2104155407839897E-003  0.0000000000000000E+000
   0.0000000000000000E+000
       155904  7.6395903889655528E-004  0.0000000000000000E+000
   0.0000000000000000E+000
       156096  4.6909791905808671E-004  0.0000000000000000E+000
   0.0000000000000000E+000
       156288  4.9150542022062874E-004  0.0000000000000000E+000
   0.0000000000000000E+000
       156480  8.3964177091630217E-004  0.0000000000000000E+000
   0.0000000000000000E+000
       156672  1.7967559612150140E-003  0.0000000000000000E+000
   0.0000000000000000E+000
       156864  2.3138402602196359E-003  0.0000000000000000E+000
   0.0000000000000000E+000
       157056  1.1303375599341396E-003  0.0000000000000000E+000
   0.0000000000000000E+000
       157248  3.9514310844109929E-004  0.0000000000000000E+000
   0.0000000000000000E+000
       157440  3.1321615167347906E-004  0.0000000000000000E+000
   0.0000000000000000E+000
       157632  5.8642907061390239E-004  0.0000000000000000E+000
   0.0000000000000000E+000
       157824  1.4950610048560936E-003  0.0000000000000000E+000
   0.0000000000000000E+000
       158016  1.8117049215408318E-003  0.0000000000000000E+000
   0.0000000000000000E+000
       158208  1.4298777597264907E-003  0.0000000000000000E+000
   0.0000000000000000E+000
       158400  1.8488338778337836E-003  0.0000000000000000E+000
   0.0000000000000000E+000
       158592  2.4166997975283082E-003  0.0000000000000000E+000
   0.0000000000000000E+000
       158784  1.5319953051511929E-003  0.0000000000000000E+000
   0.0000000000000000E+000
       158976  8.0444568284239741E-004  0.0000000000000000E+000
   0.0000000000000000E+000
       159168  1.1890804058344705E-003  0.0000000000000000E+000
   0.0000000000000000E+000
       159360  2.0452929574350251E-003  0.0000000000000000E+000
   0.0000000000000000E+000
       159552  1.5941283262014103E-003  0.0000000000000000E+000
   0.0000000000000000E+000
       159744  1.3252921498373834E-003  0.0000000000000000E+000
   0.0000000000000000E+000
       159936  1.4109989784413357E-003  0.0000000000000000E+000
   0.0000000000000000E+000
       160128  1.4391208327232006E-003  0.0000000000000000E+000
   0.0000000000000000E+000
       160320  9.0333808386967710E-004  0.0000000000000000E+000
   0.0000000000000000E+000
       160512  5.2823711398404267E-004  0.0000000000000000E+000
   0.0000000000000000E+000
       160704  4.2344743562270720E-004  0.0000000000000000E+000
   0.0000000000000000E+000
       160896  1.1898823880833315E-003  0.0000000000000000E+000
   0.0000000000000000E+000
       161088  2.5374653491347671E-003  0.0000000000000000E+000
   0.0000000000000000E+000
       161280  1.5860797497284846E-003  0.0000000000000000E+000
   0.0000000000000000E+000
       161472  1.2698782413867815E-003  0.0000000000000000E+000
   0.0000000000000000E+000
       161664  1.0346342281946982E-003  0.0000000000000000E+000
   0.0000000000000000E+000
       161856  6.0455835638846664E-004  0.0000000000000000E+000
   0.0000000000000000E+000
       162048  2.7328674472867621E-004  0.0000000000000000E+000
   0.0000000000000000E+000
       162240  4.7598179874120848E-004  0.0000000000000000E+000
   0.0000000000000000E+000
       162432  9.8944135588218958E-004  0.0000000000000000E+000
   0.0000000000000000E+000
       162624  1.6259459013625375E-003  0.0000000000000000E+000
   0.0000000000000000E+000
       162816  1.9674465645767259E-003  0.0000000000000000E+000
   0.0000000000000000E+000
       163008  1.3385539426380062E-003  0.0000000000000000E+000
   0.0000000000000000E+000
       163200  7.7411510836436872E-004  0.0000000000000000E+000
   0.0000000000000000E+000
       163392  5.8277087379160443E-004  0.0000000000000000E+000
   0.0000000000000000E+000
       163584  4.3718602043723198E-004  0.0000000000000000E+000
   0.0000000000000000E+000
       163776  3.7147511111511127E-004  0.0000000000000000E+000
   0.0000000000000000E+000
       163968  4.1542942863521660E-004  0.0000000000000000E+000
   0.0000000000000000E+000
       164160  6.5825745373966670E-004  0.0000000000000000E+000
   0.0000000000000000E+000
       164352  9.8220710127661787E-004  0.0000000000000000E+000
   0.0000000000000000E+000
       164544  1.0190154048184898E-003  0.0000000000000000E+000
   0.0000000000000000E+000
       164736  8.5078716129494331E-004  0.0000000000000000E+000
   0.0000000000000000E+000
       164928  9.2490608258457673E-004  0.0000000000000000E+000
   0.0000000000000000E+000
       165120  1.2178005307880032E-003  0.0000000000000000E+000
   0.0000000000000000E+000
       165312  1.3572196739104947E-003  0.0000000000000000E+000
   0.0000000000000000E+000
       165504  1.2429604491643238E-003  0.0000000000000000E+000
   0.0000000000000000E+000
       165696  1.0156198134517139E-003  0.0000000000000000E+000
   0.0000000000000000E+000
       165888  8.3378742235187711E-004  0.0000000000000000E+000
   0.0000000000000000E+000
       166080  8.1167538871556645E-004  0.0000000000000000E+000
   0.0000000000000000E+000
       166272  1.0242629139073011E-003  0.0000000000000000E+000
   0.0000000000000000E+000
       166464  9.7752811537587451E-004  0.0000000000000000E+000
   0.0000000000000000E+000
       166656  7.0523160611328127E-004  0.0000000000000000E+000
   0.0000000000000000E+000
       166848  6.9957738971871623E-004  0.0000000000000000E+000
   0.0000000000000000E+000
       167040  9.0022683556009069E-004  0.0000000000000000E+000
   0.0000000000000000E+000
       167232  1.4776225819900020E-003  0.0000000000000000E+000
   0.0000000000000000E+000
       167424  2.6211156249065421E-003  0.0000000000000000E+000
   0.0000000000000000E+000
       167616  2.9138341257563634E-003  0.0000000000000000E+000
   0.0000000000000000E+000
       167808  1.1888206982074139E-003  0.0000000000000000E+000
   0.0000000000000000E+000
       168000  4.8151352311191900E-004  0.0000000000000000E+000
   0.0000000000000000E+000
       168192  1.0280561900383532E-003  0.0000000000000000E+000
   0.0000000000000000E+000
       168384  2.6289082778924795E-003  0.0000000000000000E+000
   0.0000000000000000E+000
       168576  1.9160931369567266E-003  0.0000000000000000E+000
   0.0000000000000000E+000
       168768  1.0806630243331763E-003  0.0000000000000000E+000
   0.0000000000000000E+000
       168960  9.3884067163951010E-004  0.0000000000000000E+000
   0.0000000000000000E+000
       169152  9.8078735225057322E-004  0.0000000000000000E+000
   0.0000000000000000E+000
       169344  1.0098346858436356E-003  0.0000000000000000E+000
   0.0000000000000000E+000
       169536  5.0046333834832509E-004  0.0000000000000000E+000
   0.0000000000000000E+000
       169728  6.1091410961541879E-004  0.0000000000000000E+000
   0.0000000000000000E+000
       169920  1.9478585201981569E-003  0.0000000000000000E+000
   0.0000000000000000E+000
       170112  1.7536848650295588E-003  0.0000000000000000E+000
   0.0000000000000000E+000
       170304  1.1470880917065069E-003  0.0000000000000000E+000
   0.0000000000000000E+000
       170496  8.7032907147312850E-004  0.0000000000000000E+000
   0.0000000000000000E+000
       170688  1.0563918651092003E-003  0.0000000000000000E+000
   0.0000000000000000E+000
       170880  3.8184364325643654E-004  0.0000000000000000E+000
   0.0000000000000000E+000
       171072  3.4054837378432156E-004  0.0000000000000000E+000
   0.0000000000000000E+000
       171264  8.4950875152629715E-004  0.0000000000000000E+000
   0.0000000000000000E+000
       171456  1.0559833468657513E-003  0.0000000000000000E+000
   0.0000000000000000E+000
       171648  7.6377642657781721E-004  0.0000000000000000E+000
   0.0000000000000000E+000
       171840  5.2533408212748127E-004  0.0000000000000000E+000
   0.0000000000000000E+000
       172032  3.9976889317338020E-004  0.0000000000000000E+000
   0.0000000000000000E+000
       172224  4.1874326361573597E-004  0.0000000000000000E+000
   0.0000000000000000E+000
       172416  5.1627985303669577E-004  0.0000000000000000E+000
   0.0000000000000000E+000
       172608  6.9494294386343483E-004  0.0000000000000000E+000
   0.0000000000000000E+000
       172800  9.4478809918414289E-004  0.0000000000000000E+000
   0.0000000000000000E+000
