          192  2.7800464050076992E-004  0.0000000000000000E+000
   0.0000000000000000E+000
          384  6.4220787316696842E-004  0.0000000000000000E+000
   0.0000000000000000E+000
          576  1.4199602685759116E-003  0.0000000000000000E+000
   0.0000000000000000E+000
          768  2.3722514756020965E-003  0.0000000000000000E+000
   0.0000000000000000E+000
          960  2.4469367669717273E-003  0.0000000000000000E+000
   0.0000000000000000E+000
         1152  7.3651282002119172E-004  0.0000000000000000E+000
   0.0000000000000000E+000
         1344  3.0780622664103758E-004  0.0000000000000000E+000
   0.0000000000000000E+000
         1536  2.5949239448254646E-004  0.0000000000000000E+000
   0.0000000000000000E+000
         1728  2.1969184414166590E-004  0.0000000000000000E+000
   0.0000000000000000E+000
         1920  1.7299496570091227E-004  0.0000000000000000E+000
   0.0000000000000000E+000
         2112  1.2906574398586249E-004  0.0000000000000000E+000
   0.0000000000000000E+000
         2304  9.3926650526798182E-005  0.0000000000000000E+000
   0.0000000000000000E+000
         2496  6.9045576550245480E-005  0.0000000000000000E+000
   0.0000000000000000E+000
         2688  5.5348682494659433E-005  0.0000000000000000E+000
   0.0000000000000000E+000
         2880  5.3973778967490527E-005  0.0000000000000000E+000
   0.0000000000000000E+000
         3072  6.3842590806213525E-005  0.0000000000000000E+000
   0.0000000000000000E+000
         3264  8.5797518472868702E-005  0.0000000000000000E+000
   0.0000000000000000E+000
         3456  1.2314814114619654E-004  0.0000000000000000E+000
   0.0000000000000000E+000
         3648  1.6310615110552137E-004  0.0000000000000000E+000
   0.0000000000000000E+000
         3840  2.0369215440266687E-004  0.0000000000000000E+000
   0.0000000000000000E+000
         4032  2.2667380991914853E-004  0.0000000000000000E+000
   0.0000000000000000E+000
         4224  2.2322879553328422E-004  0.0000000000000000E+000
   0.0000000000000000E+000
         4416  2.0933161572068398E-004  0.0000000000000000E+000
   0.0000000000000000E+000
         4608  2.0405239674045806E-004  0.0000000000000000E+000
   0.0000000000000000E+000
         4800  1.9102492351067733E-004  0.0000000000000000E+000
   0.0000000000000000E+000
         4992  1.9343926759451881E-004  0.0000000000000000E+000
   0.0000000000000000E+000
         5184  2.0277052234938584E-004  0.0000000000000000E+000
   0.0000000000000000E+000
         5376  2.2024706807492116E-004  0.0000000000000000E+000
   0.0000000000000000E+000
         5568  2.5053190239883536E-004  0.0000000000000000E+000
   0.0000000000000000E+000
         5760  3.2587195242699153E-004  0.0000000000000000E+000
   0.0000000000000000E+000
         5952  4.6293871984207297E-004  0.0000000000000000E+000
   0.0000000000000000E+000
         6144  6.6531625717719197E-004  0.0000000000000000E+000
   0.0000000000000000E+000
         6336  8.3547384259091012E-004  0.0000000000000000E+000
   0.0000000000000000E+000
         6528  7.1042699459617127E-004  0.0000000000000000E+000
   0.0000000000000000E+000
         6720  3.7962458870238768E-004  0.0000000000000000E+000
   0.0000000000000000E+000
         6912  1.6753858034139338E-004  0.0000000000000000E+000
   0.0000000000000000E+000
         7104  9.1416056535541053E-005  0.0000000000000000E+000
   0.0000000000000000E+000
         7296  7.1691775694625179E-005  0.0000000000000000E+000
   0.0000000000000000E+000
         7488  7.9726287162497600E-005  0.0000000000000000E+000
   0.0000000000000000E+000
         7680  1.1478705154653985E-004  0.0000000000000000E+000
   0.0000000000000000E+000
         7872  1.9804550687847227E-004  0.0000000000000000E+000
   0.0000000000000000E+000
         8064  3.8667503336102250E-004  0.0000000000000000E+000
   0.0000000000000000E+000
         8256  8.4269331575689127E-004  0.0000000000000000E+000
   0.0000000000000000E+000
         8448  1.8427706971183972E-003  0.0000000000000000E+000
   0.0000000000000000E+000
         8640  3.0801583951761032E-003  0.0000000000000000E+000
   0.0000000000000000E+000
         8832  3.6931787867342946E-003  0.0000000000000000E+000
   0.0000000000000000E+000
         9024  1.5189643286507607E-003  0.0000000000000000E+000
   0.0000000000000000E+000
         9216  5.8734985014690863E-004  0.0000000000000000E+000
   0.0000000000000000E+000
         9408  4.9901132687827862E-004  0.0000000000000000E+000
   0.0000000000000000E+000
         9600  3.8177569705834274E-004  0.0000000000000000E+000
   0.0000000000000000E+000
         9792  2.6856294860918011E-004  0.0000000000000000E+000
   0.0000000000000000E+000
         9984  1.9061357250223324E-004  0.0000000000000000E+000
   0.0000000000000000E+000
        10176  1.4972538578881780E-004  0.0000000000000000E+000
   0.0000000000000000E+000
        10368  1.4001230311456870E-004  0.0000000000000000E+000
   0.0000000000000000E+000
        10560  1.5567934111952503E-004  0.0000000000000000E+000
   0.0000000000000000E+000
        10752  1.9852709199951894E-004  0.0000000000000000E+000
   0.0000000000000000E+000
        10944  2.8246411185364658E-004  0.0000000000000000E+000
   0.0000000000000000E+000
        11136  4.4624360173694974E-004  0.0000000000000000E+000
   0.0000000000000000E+000
        11328  6.7855876815231325E-004  0.0000000000000000E+000
   0.0000000000000000E+000
        11520  7.6513216789350798E-004  0.0000000000000000E+000
   0.0000000000000000E+000
        11712  4.4067478863752275E-004  0.0000000000000000E+000
   0.0000000000000000E+000
        11904  1.0704390593411368E-004  0.0000000000000000E+000
   0.0000000000000000E+000
        12096  2.8416381130999113E-005  0.0000000000000000E+000
   0.0000000000000000E+000
        12288  1.3591472812428977E-005  0.0000000000000000E+000
   0.0000000000000000E+000
        12480  8.5965714093989440E-006  0.0000000000000000E+000
   0.0000000000000000E+000
        12672  6.7255652504803790E-006  0.0000000000000000E+000
   0.0000000000000000E+000
        12864  6.1081451863903410E-006  0.0000000000000000E+000
   0.0000000000000000E+000
        13056  6.3154788371978179E-006  0.0000000000000000E+000
   0.0000000000000000E+000
        13248  6.4703933779919585E-006  0.0000000000000000E+000
   0.0000000000000000E+000
        13440  6.5768137411299349E-006  0.0000000000000000E+000
   0.0000000000000000E+000
        13632  7.3603891473106353E-006  0.0000000000000000E+000
   0.0000000000000000E+000
        13824  8.9113687517136089E-006  0.0000000000000000E+000
   0.0000000000000000E+000
        14016  1.1536456504608735E-005  0.0000000000000000E+000
   0.0000000000000000E+000
        14208  1.6368736257107551E-005  0.0000000000000000E+000
   0.0000000000000000E+000
        14400  2.7110878393242867E-005  0.0000000000000000E+000
   0.0000000000000000E+000
        14592  5.0557497016633467E-005  0.0000000000000000E+000
   0.0000000000000000E+000
        14784  1.0422245413360994E-004  0.0000000000000000E+000
   0.0000000000000000E+000
        14976  2.2774103145538262E-004  0.0000000000000000E+000
   0.0000000000000000E+000
        15168  4.8864023412447494E-004  0.0000000000000000E+000
   0.0000000000000000E+000
        15360  9.6798416906172715E-004  0.0000000000000000E+000
   0.0000000000000000E+000
        15552  1.5905606055648899E-003  0.0000000000000000E+000
   0.0000000000000000E+000
        15744  2.2231732889927279E-003  0.0000000000000000E+000
   0.0000000000000000E+000
        15936  1.3859565143690409E-003  0.0000000000000000E+000
   0.0000000000000000E+000
        16128  3.5819936680923350E-004  0.0000000000000000E+000
   0.0000000000000000E+000
        16320  2.3902163986697881E-004  0.0000000000000000E+000
   0.0000000000000000E+000
        16512  1.6621201114660155E-004  0.0000000000000000E+000
   0.0000000000000000E+000
        16704  1.2696214792083787E-004  0.0000000000000000E+000
   0.0000000000000000E+000
        16896  1.0805565712178007E-004  0.0000000000000000E+000
   0.0000000000000000E+000
        17088  9.7975659635649389E-005  0.0000000000000000E+000
   0.0000000000000000E+000
        17280  9.0871119488944405E-005  0.0000000000000000E+000
   0.0000000000000000E+000
        17472  8.8336169868305365E-005  0.0000000000000000E+000
   0.0000000000000000E+000
        17664  9.4345445545491321E-005  0.0000000000000000E+000
   0.0000000000000000E+000
        17856  1.1667934390694216E-004  0.0000000000000000E+000
   0.0000000000000000E+000
        18048  1.7725575832640313E-004  0.0000000000000000E+000
   0.0000000000000000E+000
        18240  3.3481134486669343E-004  0.0000000000000000E+000
   0.0000000000000000E+000
        18432  7.0414482945484365E-004  0.0000000000000000E+000
   0.0000000000000000E+000
        18624  1.3093908194527902E-003  0.0000000000000000E+000
   0.0000000000000000E+000
        18816  2.4799847494080952E-003  0.0000000000000000E+000
   0.0000000000000000E+000
        19008  3.2251922669987386E-003  0.0000000000000000E+000
   0.0000000000000000E+000
        19200  2.3870433825767556E-003  0.0000000000000000E+000
   0.0000000000000000E+000
        19392  5.4241095728132366E-004  0.0000000000000000E+000
   0.0000000000000000E+000
        19584  2.7964763782331364E-004  0.0000000000000000E+000
   0.0000000000000000E+000
        19776  1.4774591791329069E-004  0.0000000000000000E+000
   0.0000000000000000E+000
        19968  8.1914543949038348E-005  0.0000000000000000E+000
   0.0000000000000000E+000
        20160  4.8897706026160783E-005  0.0000000000000000E+000
   0.0000000000000000E+000
        20352  3.1625913566560085E-005  0.0000000000000000E+000
   0.0000000000000000E+000
        20544  2.2546673967693334E-005  0.0000000000000000E+000
   0.0000000000000000E+000
        20736  1.8932378487620098E-005  0.0000000000000000E+000
   0.0000000000000000E+000
        20928  1.9934942258040357E-005  0.0000000000000000E+000
   0.0000000000000000E+000
        21120  2.5420502135003964E-005  0.0000000000000000E+000
   0.0000000000000000E+000
        21312  3.4974554709759796E-005  0.0000000000000000E+000
   0.0000000000000000E+000
        21504  4.8235497937069034E-005  0.0000000000000000E+000
   0.0000000000000000E+000
        21696  6.1824576099674716E-005  0.0000000000000000E+000
   0.0000000000000000E+000
        21888  7.4461745489653045E-005  0.0000000000000000E+000
   0.0000000000000000E+000
        22080  8.5079965635085080E-005  0.0000000000000000E+000
   0.0000000000000000E+000
        22272  1.0324052817871846E-004  0.0000000000000000E+000
   0.0000000000000000E+000
        22464  1.3369799210696126E-004  0.0000000000000000E+000
   0.0000000000000000E+000
        22656  1.8601098409887540E-004  0.0000000000000000E+000
   0.0000000000000000E+000
        22848  2.7048899764000640E-004  0.0000000000000000E+000
   0.0000000000000000E+000
        23040  4.3468019153537155E-004  0.0000000000000000E+000
   0.0000000000000000E+000
        23232  7.4179567308613236E-004  0.0000000000000000E+000
   0.0000000000000000E+000
        23424  1.2498471533765791E-003  0.0000000000000000E+000
   0.0000000000000000E+000
        23616  1.8459953969734029E-003  0.0000000000000000E+000
   0.0000000000000000E+000
        23808  1.9399072348161477E-003  0.0000000000000000E+000
   0.0000000000000000E+000
        24000  7.5255983013584600E-004  0.0000000000000000E+000
   0.0000000000000000E+000
        24192  6.6618052679260617E-005  0.0000000000000000E+000
   0.0000000000000000E+000
        24384  1.4030331418483026E-005  0.0000000000000000E+000
   0.0000000000000000E+000
        24576  9.8401615032208131E-006  0.0000000000000000E+000
   0.0000000000000000E+000
        24768  1.0776264069025971E-005  0.0000000000000000E+000
   0.0000000000000000E+000
        24960  1.4890900513148265E-005  0.0000000000000000E+000
   0.0000000000000000E+000
        25152  2.4804024350356684E-005  0.0000000000000000E+000
   0.0000000000000000E+000
        25344  4.7986166720027524E-005  0.0000000000000000E+000
   0.0000000000000000E+000
        25536  1.0259167138173299E-004  0.0000000000000000E+000
   0.0000000000000000E+000
        25728  2.2873670371157108E-004  0.0000000000000000E+000
   0.0000000000000000E+000
        25920  4.9226074497094160E-004  0.0000000000000000E+000
   0.0000000000000000E+000
        26112  9.4475597278058951E-004  0.0000000000000000E+000
   0.0000000000000000E+000
        26304  1.8927345275517604E-003  0.0000000000000000E+000
   0.0000000000000000E+000
        26496  3.1768930147175428E-003  0.0000000000000000E+000
   0.0000000000000000E+000
        26688  2.0733059153574362E-003  0.0000000000000000E+000
   0.0000000000000000E+000
        26880  3.7108442278745754E-004  0.0000000000000000E+000
   0.0000000000000000E+000
        27072  2.8278596921452659E-004  0.0000000000000000E+000
   0.0000000000000000E+000
        27264  2.0567199089164347E-004  0.0000000000000000E+000
   0.0000000000000000E+000
        27456  1.3931305973931350E-004  0.0000000000000000E+000
   0.0000000000000000E+000
        27648  9.2238162389079729E-005  0.0000000000000000E+000
   0.0000000000000000E+000
        27840  6.3961645330837494E-005  0.0000000000000000E+000
   0.0000000000000000E+000
        28032  5.1919835929863011E-005  0.0000000000000000E+000
   0.0000000000000000E+000
        28224  5.4873548632411848E-005  0.0000000000000000E+000
   0.0000000000000000E+000
        28416  7.8162236357113665E-005  0.0000000000000000E+000
   0.0000000000000000E+000
        28608  1.3703462962816147E-004  0.0000000000000000E+000
   0.0000000000000000E+000
        28800  2.6124225198112717E-004  0.0000000000000000E+000
   0.0000000000000000E+000
        28992  4.6532938737481094E-004  0.0000000000000000E+000
   0.0000000000000000E+000
        29184  6.8178477479501152E-004  0.0000000000000000E+000
   0.0000000000000000E+000
        29376  7.9078874946766279E-004  0.0000000000000000E+000
   0.0000000000000000E+000
        29568  6.8799470814158534E-004  0.0000000000000000E+000
   0.0000000000000000E+000
        29760  2.9485668690987108E-004  0.0000000000000000E+000
   0.0000000000000000E+000
        29952  6.1776270031994635E-005  0.0000000000000000E+000
   0.0000000000000000E+000
        30144  1.8486469390250151E-005  0.0000000000000000E+000
   0.0000000000000000E+000
        30336  8.6353627933018677E-006  0.0000000000000000E+000
   0.0000000000000000E+000
        30528  5.1001405459814364E-006  0.0000000000000000E+000
   0.0000000000000000E+000
        30720  3.6484682373806597E-006  0.0000000000000000E+000
   0.0000000000000000E+000
        30912  3.2884205334134575E-006  0.0000000000000000E+000
   0.0000000000000000E+000
        31104  3.4983548750409876E-006  0.0000000000000000E+000
   0.0000000000000000E+000
        31296  4.1495290561209023E-006  0.0000000000000000E+000
   0.0000000000000000E+000
        31488  5.5325619895462128E-006  0.0000000000000000E+000
   0.0000000000000000E+000
        31680  8.7470968633169307E-006  0.0000000000000000E+000
   0.0000000000000000E+000
        31872  1.5731746312549706E-005  0.0000000000000000E+000
   0.0000000000000000E+000
        32064  3.1534670726082212E-005  0.0000000000000000E+000
   0.0000000000000000E+000
        32256  6.7090893647749682E-005  0.0000000000000000E+000
   0.0000000000000000E+000
        32448  1.3939975234706742E-004  0.0000000000000000E+000
   0.0000000000000000E+000
        32640  2.8320637566064396E-004  0.0000000000000000E+000
   0.0000000000000000E+000
        32832  5.7223741517443191E-004  0.0000000000000000E+000
   0.0000000000000000E+000
        33024  1.1658315837123746E-003  0.0000000000000000E+000
   0.0000000000000000E+000
        33216  2.0305550764615227E-003  0.0000000000000000E+000
   0.0000000000000000E+000
        33408  1.8641431228727523E-003  0.0000000000000000E+000
   0.0000000000000000E+000
        33600  4.7697858061036651E-004  0.0000000000000000E+000
   0.0000000000000000E+000
        33792  4.0308519087303989E-004  0.0000000000000000E+000
   0.0000000000000000E+000
        33984  3.5317490853345999E-004  0.0000000000000000E+000
   0.0000000000000000E+000
        34176  2.6937228604572225E-004  0.0000000000000000E+000
   0.0000000000000000E+000
        34368  2.0597403381104594E-004  0.0000000000000000E+000
   0.0000000000000000E+000
        34560  1.4812470934826735E-004  0.0000000000000000E+000
   0.0000000000000000E+000
        34752  1.2346095552229298E-004  0.0000000000000000E+000
   0.0000000000000000E+000
        34944  1.1513599016278458E-004  0.0000000000000000E+000
   0.0000000000000000E+000
        35136  1.2689972490262781E-004  0.0000000000000000E+000
   0.0000000000000000E+000
        35328  1.8724263969187139E-004  0.0000000000000000E+000
   0.0000000000000000E+000
        35520  3.5962057464040829E-004  0.0000000000000000E+000
   0.0000000000000000E+000
        35712  7.4893038551202202E-004  0.0000000000000000E+000
   0.0000000000000000E+000
        35904  1.3826540110245015E-003  0.0000000000000000E+000
   0.0000000000000000E+000
        36096  2.6871434743587943E-003  0.0000000000000000E+000
   0.0000000000000000E+000
        36288  3.1137094122594576E-003  0.0000000000000000E+000
   0.0000000000000000E+000
        36480  1.2278901283776698E-003  0.0000000000000000E+000
   0.0000000000000000E+000
        36672  3.6189339204484430E-004  0.0000000000000000E+000
   0.0000000000000000E+000
        36864  1.9925900419652984E-004  0.0000000000000000E+000
   0.0000000000000000E+000
        37056  1.0744489901947651E-004  0.0000000000000000E+000
   0.0000000000000000E+000
        37248  5.8312775930447871E-005  0.0000000000000000E+000
   0.0000000000000000E+000
        37440  3.4027463157780620E-005  0.0000000000000000E+000
   0.0000000000000000E+000
        37632  2.1358167762996232E-005  0.0000000000000000E+000
   0.0000000000000000E+000
        37824  1.5032735532970723E-005  0.0000000000000000E+000
   0.0000000000000000E+000
        38016  1.2735866020802046E-005  0.0000000000000000E+000
   0.0000000000000000E+000
        38208  1.3966328598382884E-005  0.0000000000000000E+000
   0.0000000000000000E+000
        38400  1.9007736550026427E-005  0.0000000000000000E+000
   0.0000000000000000E+000
        38592  2.7523041766802413E-005  0.0000000000000000E+000
   0.0000000000000000E+000
        38784  3.9483962107278613E-005  0.0000000000000000E+000
   0.0000000000000000E+000
        38976  5.1983573322695681E-005  0.0000000000000000E+000
   0.0000000000000000E+000
        39168  6.4127364982015427E-005  0.0000000000000000E+000
   0.0000000000000000E+000
        39360  7.4755769350463231E-005  0.0000000000000000E+000
   0.0000000000000000E+000
        39552  9.1718986140032567E-005  0.0000000000000000E+000
   0.0000000000000000E+000
        39744  1.1990172919471473E-004  0.0000000000000000E+000
   0.0000000000000000E+000
        39936  1.6806169547322434E-004  0.0000000000000000E+000
   0.0000000000000000E+000
        40128  2.4766239576886777E-004  0.0000000000000000E+000
   0.0000000000000000E+000
        40320  4.0289570053764413E-004  0.0000000000000000E+000
   0.0000000000000000E+000
        40512  7.0054674063125958E-004  0.0000000000000000E+000
   0.0000000000000000E+000
        40704  1.2108815408883808E-003  0.0000000000000000E+000
   0.0000000000000000E+000
        40896  1.8507683016599692E-003  0.0000000000000000E+000
   0.0000000000000000E+000
        41088  2.1779382948109798E-003  0.0000000000000000E+000
   0.0000000000000000E+000
        41280  1.4198605443495450E-003  0.0000000000000000E+000
   0.0000000000000000E+000
        41472  1.6246249695261851E-004  0.0000000000000000E+000
   0.0000000000000000E+000
        41664  1.7697253596117616E-005  0.0000000000000000E+000
   0.0000000000000000E+000
        41856  8.5894676826799760E-006  0.0000000000000000E+000
   0.0000000000000000E+000
        42048  8.0766164881334886E-006  0.0000000000000000E+000
   0.0000000000000000E+000
        42240  1.0311647814273260E-005  0.0000000000000000E+000
   0.0000000000000000E+000
        42432  1.6372060343429640E-005  0.0000000000000000E+000
   0.0000000000000000E+000
        42624  3.0748245376935545E-005  0.0000000000000000E+000
   0.0000000000000000E+000
        42816  6.4889480692441277E-005  0.0000000000000000E+000
   0.0000000000000000E+000
        43008  1.4613338666611217E-004  0.0000000000000000E+000
   0.0000000000000000E+000
        43200  3.3059623113856852E-004  0.0000000000000000E+000
   0.0000000000000000E+000
        43392  6.9080005461936067E-004  0.0000000000000000E+000
   0.0000000000000000E+000
        43584  1.2823153172016148E-003  0.0000000000000000E+000
   0.0000000000000000E+000
        43776  2.5662979370639932E-003  0.0000000000000000E+000
   0.0000000000000000E+000
        43968  3.2214545878779693E-003  0.0000000000000000E+000
   0.0000000000000000E+000
        44160  7.8177261422848721E-004  0.0000000000000000E+000
   0.0000000000000000E+000
        44352  3.1191214612177946E-004  0.0000000000000000E+000
   0.0000000000000000E+000
        44544  2.3074298191849674E-004  0.0000000000000000E+000
   0.0000000000000000E+000
        44736  1.5664398682090446E-004  0.0000000000000000E+000
   0.0000000000000000E+000
        44928  1.0084675217667796E-004  0.0000000000000000E+000
   0.0000000000000000E+000
        45120  6.3587458074636639E-005  0.0000000000000000E+000
   0.0000000000000000E+000
        45312  4.1444726783577790E-005  0.0000000000000000E+000
   0.0000000000000000E+000
        45504  3.0120619956135436E-005  0.0000000000000000E+000
   0.0000000000000000E+000
        45696  2.8153242958421363E-005  0.0000000000000000E+000
   0.0000000000000000E+000
        45888  3.7285839745369784E-005  0.0000000000000000E+000
   0.0000000000000000E+000
        46080  6.5014836253269700E-005  0.0000000000000000E+000
   0.0000000000000000E+000
        46272  1.2534242868377757E-004  0.0000000000000000E+000
   0.0000000000000000E+000
        46464  2.3299011147166477E-004  0.0000000000000000E+000
   0.0000000000000000E+000
        46656  3.9791314156094516E-004  0.0000000000000000E+000
   0.0000000000000000E+000
        46848  5.9887398658152815E-004  0.0000000000000000E+000
   0.0000000000000000E+000
        47040  7.3924605544116776E-004  0.0000000000000000E+000
   0.0000000000000000E+000
        47232  6.6545707122625953E-004  0.0000000000000000E+000
   0.0000000000000000E+000
        47424  4.0937605030731179E-004  0.0000000000000000E+000
   0.0000000000000000E+000
        47616  1.6124711940493578E-004  0.0000000000000000E+000
   0.0000000000000000E+000
        47808  6.0775048796500403E-005  0.0000000000000000E+000
   0.0000000000000000E+000
        48000  2.9328430793725068E-005  0.0000000000000000E+000
   0.0000000000000000E+000
        48192  1.9731154332450843E-005  0.0000000000000000E+000
   0.0000000000000000E+000
        48384  1.6964512944503498E-005  0.0000000000000000E+000
   0.0000000000000000E+000
        48576  1.7092725991586972E-005  0.0000000000000000E+000
   0.0000000000000000E+000
        48768  2.0087199249430044E-005  0.0000000000000000E+000
   0.0000000000000000E+000
        48960  2.8994666624487047E-005  0.0000000000000000E+000
   0.0000000000000000E+000
        49152  4.8758616149132308E-005  0.0000000000000000E+000
   0.0000000000000000E+000
        49344  9.2655102379817013E-005  0.0000000000000000E+000
   0.0000000000000000E+000
        49536  1.8893258516906015E-004  0.0000000000000000E+000
   0.0000000000000000E+000
        49728  3.8102307910963895E-004  0.0000000000000000E+000
   0.0000000000000000E+000
        49920  7.2353474006690388E-004  0.0000000000000000E+000
   0.0000000000000000E+000
        50112  1.1682712282906481E-003  0.0000000000000000E+000
   0.0000000000000000E+000
        50304  1.5425126437300198E-003  0.0000000000000000E+000
   0.0000000000000000E+000
        50496  9.2830043025913232E-004  0.0000000000000000E+000
   0.0000000000000000E+000
        50688  2.5408868077136725E-004  0.0000000000000000E+000
   0.0000000000000000E+000
        50880  1.4869295873763178E-004  0.0000000000000000E+000
   0.0000000000000000E+000
        51072  1.1285278380196667E-004  0.0000000000000000E+000
   0.0000000000000000E+000
        51264  1.0049113799377938E-004  0.0000000000000000E+000
   0.0000000000000000E+000
        51456  1.0128660824680900E-004  0.0000000000000000E+000
   0.0000000000000000E+000
        51648  1.1176695966255328E-004  0.0000000000000000E+000
   0.0000000000000000E+000
        51840  1.3281520724491784E-004  0.0000000000000000E+000
   0.0000000000000000E+000
        52032  1.7656792134897290E-004  0.0000000000000000E+000
   0.0000000000000000E+000
        52224  2.6914328028513821E-004  0.0000000000000000E+000
   0.0000000000000000E+000
        52416  4.6061932289921025E-004  0.0000000000000000E+000
   0.0000000000000000E+000
        52608  8.2825088196421292E-004  0.0000000000000000E+000
   0.0000000000000000E+000
        52800  1.6041285689281060E-003  0.0000000000000000E+000
   0.0000000000000000E+000
        52992  2.9803288282333577E-003  0.0000000000000000E+000
   0.0000000000000000E+000
        53184  3.4752585535529328E-003  0.0000000000000000E+000
   0.0000000000000000E+000
        53376  1.3140968694093326E-003  0.0000000000000000E+000
   0.0000000000000000E+000
        53568  3.6172045687831280E-004  0.0000000000000000E+000
   0.0000000000000000E+000
        53760  2.2723144691519517E-004  0.0000000000000000E+000
   0.0000000000000000E+000
        53952  1.4582185325235102E-004  0.0000000000000000E+000
   0.0000000000000000E+000
        54144  9.3716299314916163E-005  0.0000000000000000E+000
   0.0000000000000000E+000
        54336  6.3072941652517499E-005  0.0000000000000000E+000
   0.0000000000000000E+000
        54528  4.7335071324704199E-005  0.0000000000000000E+000
   0.0000000000000000E+000
        54720  4.3663079298505633E-005  0.0000000000000000E+000
   0.0000000000000000E+000
        54912  4.9478235376141263E-005  0.0000000000000000E+000
   0.0000000000000000E+000
        55104  6.5666607053400418E-005  0.0000000000000000E+000
   0.0000000000000000E+000
        55296  9.7398675393925687E-005  0.0000000000000000E+000
   0.0000000000000000E+000
        55488  1.5365044992635829E-004  0.0000000000000000E+000
   0.0000000000000000E+000
        55680  2.3821276012466443E-004  0.0000000000000000E+000
   0.0000000000000000E+000
        55872  3.1597057231306798E-004  0.0000000000000000E+000
   0.0000000000000000E+000
        56064  3.7057519349653276E-004  0.0000000000000000E+000
   0.0000000000000000E+000
        56256  3.7290261725070290E-004  0.0000000000000000E+000
   0.0000000000000000E+000
        56448  3.3668111788114557E-004  0.0000000000000000E+000
   0.0000000000000000E+000
        56640  3.2207869818835696E-004  0.0000000000000000E+000
   0.0000000000000000E+000
        56832  3.1339671160731167E-004  0.0000000000000000E+000
   0.0000000000000000E+000
        57024  3.0086311025430250E-004  0.0000000000000000E+000
   0.0000000000000000E+000
        57216  2.8584682845180518E-004  0.0000000000000000E+000
   0.0000000000000000E+000
        57408  2.8174886226257743E-004  0.0000000000000000E+000
   0.0000000000000000E+000
        57600  3.1470756220860655E-004  0.0000000000000000E+000
   0.0000000000000000E+000
        57792  3.8665424151008976E-004  0.0000000000000000E+000
   0.0000000000000000E+000
        57984  4.8662684562958473E-004  0.0000000000000000E+000
   0.0000000000000000E+000
        58176  5.5671343478653731E-004  0.0000000000000000E+000
   0.0000000000000000E+000
        58368  4.9636464122157747E-004  0.0000000000000000E+000
   0.0000000000000000E+000
        58560  3.5330546211467410E-004  0.0000000000000000E+000
   0.0000000000000000E+000
        58752  2.2974077991297793E-004  0.0000000000000000E+000
   0.0000000000000000E+000
        58944  1.6203850782725750E-004  0.0000000000000000E+000
   0.0000000000000000E+000
        59136  1.3126468212251415E-004  0.0000000000000000E+000
   0.0000000000000000E+000
        59328  1.2084408724097976E-004  0.0000000000000000E+000
   0.0000000000000000E+000
        59520  1.2720667149708373E-004  0.0000000000000000E+000
   0.0000000000000000E+000
        59712  1.5594911869883058E-004  0.0000000000000000E+000
   0.0000000000000000E+000
        59904  2.1863425600210343E-004  0.0000000000000000E+000
   0.0000000000000000E+000
        60096  3.4001361110479574E-004  0.0000000000000000E+000
   0.0000000000000000E+000
        60288  5.6031798004164946E-004  0.0000000000000000E+000
   0.0000000000000000E+000
        60480  9.5628779656803387E-004  0.0000000000000000E+000
   0.0000000000000000E+000
        60672  1.6483522320111025E-003  0.0000000000000000E+000
   0.0000000000000000E+000
        60864  2.7293802902926684E-003  0.0000000000000000E+000
   0.0000000000000000E+000
        61056  3.4536288286751765E-003  0.0000000000000000E+000
   0.0000000000000000E+000
        61248  1.2214589361736286E-003  0.0000000000000000E+000
   0.0000000000000000E+000
        61440  3.3866583223164258E-004  0.0000000000000000E+000
   0.0000000000000000E+000
        61632  2.9957895655349179E-004  0.0000000000000000E+000
   0.0000000000000000E+000
        61824  2.5160759992203646E-004  0.0000000000000000E+000
   0.0000000000000000E+000
        62016  1.9193546771345237E-004  0.0000000000000000E+000
   0.0000000000000000E+000
        62208  1.3855509827456446E-004  0.0000000000000000E+000
   0.0000000000000000E+000
        62400  9.9048467586202807E-005  0.0000000000000000E+000
   0.0000000000000000E+000
        62592  7.4311434898379232E-005  0.0000000000000000E+000
   0.0000000000000000E+000
        62784  6.0820292902833644E-005  0.0000000000000000E+000
   0.0000000000000000E+000
        62976  5.7120643604515909E-005  0.0000000000000000E+000
   0.0000000000000000E+000
        63168  6.4762147110329521E-005  0.0000000000000000E+000
   0.0000000000000000E+000
        63360  9.2201081987548905E-005  0.0000000000000000E+000
   0.0000000000000000E+000
        63552  1.5040080026467790E-004  0.0000000000000000E+000
   0.0000000000000000E+000
        63744  2.4797551252450146E-004  0.0000000000000000E+000
   0.0000000000000000E+000
        63936  3.8429942127826195E-004  0.0000000000000000E+000
   0.0000000000000000E+000
        64128  5.1848879674743550E-004  0.0000000000000000E+000
   0.0000000000000000E+000
        64320  5.2673278515004169E-004  0.0000000000000000E+000
   0.0000000000000000E+000
        64512  3.2337269924898754E-004  0.0000000000000000E+000
   0.0000000000000000E+000
        64704  1.3495274180884786E-004  0.0000000000000000E+000
   0.0000000000000000E+000
        64896  5.5163619915653207E-005  0.0000000000000000E+000
   0.0000000000000000E+000
        65088  2.8371188310409536E-005  0.0000000000000000E+000
   0.0000000000000000E+000
        65280  1.8030811067692986E-005  0.0000000000000000E+000
   0.0000000000000000E+000
        65472  1.4548710419219398E-005  0.0000000000000000E+000
   0.0000000000000000E+000
        65664  1.4184695561943935E-005  0.0000000000000000E+000
   0.0000000000000000E+000
        65856  1.5755978714683086E-005  0.0000000000000000E+000
   0.0000000000000000E+000
        66048  2.0003075140957710E-005  0.0000000000000000E+000
   0.0000000000000000E+000
        66240  3.0419729968550780E-005  0.0000000000000000E+000
   0.0000000000000000E+000
        66432  5.3350676100468609E-005  0.0000000000000000E+000
   0.0000000000000000E+000
        66624  1.0514004117749865E-004  0.0000000000000000E+000
   0.0000000000000000E+000
        66816  2.2092788402922129E-004  0.0000000000000000E+000
   0.0000000000000000E+000
        67008  4.5772854792198764E-004  0.0000000000000000E+000
   0.0000000000000000E+000
        67200  8.6346676032338901E-004  0.0000000000000000E+000
   0.0000000000000000E+000
        67392  1.3592462116028990E-003  0.0000000000000000E+000
   0.0000000000000000E+000
        67584  1.7232303699054989E-003  0.0000000000000000E+000
   0.0000000000000000E+000
        67776  8.6948843487680185E-004  0.0000000000000000E+000
   0.0000000000000000E+000
        67968  2.6843176163223072E-004  0.0000000000000000E+000
   0.0000000000000000E+000
        68160  1.9192913964789421E-004  0.0000000000000000E+000
   0.0000000000000000E+000
        68352  1.8157101111793256E-004  0.0000000000000000E+000
   0.0000000000000000E+000
        68544  2.1227614147749019E-004  0.0000000000000000E+000
   0.0000000000000000E+000
        68736  2.9009311789913794E-004  0.0000000000000000E+000
   0.0000000000000000E+000
        68928  4.4029603524276635E-004  0.0000000000000000E+000
   0.0000000000000000E+000
        69120  7.1951344499170307E-004  0.0000000000000000E+000
   0.0000000000000000E+000
        69312  1.2728231790405595E-003  0.0000000000000000E+000
   0.0000000000000000E+000
        69504  2.2441330292428878E-003  0.0000000000000000E+000
   0.0000000000000000E+000
        69696  3.2806704253527576E-003  0.0000000000000000E+000
   0.0000000000000000E+000
        69888  2.6623909789297282E-003  0.0000000000000000E+000
   0.0000000000000000E+000
        70080  2.9479338863631471E-004  0.0000000000000000E+000
   0.0000000000000000E+000
        70272  2.0600173928659083E-004  0.0000000000000000E+000
   0.0000000000000000E+000
        70464  1.6021803739950887E-004  0.0000000000000000E+000
   0.0000000000000000E+000
        70656  1.1951974938118339E-004  0.0000000000000000E+000
   0.0000000000000000E+000
        70848  8.7145571787148790E-005  0.0000000000000000E+000
   0.0000000000000000E+000
        71040  6.4344865655345141E-005  0.0000000000000000E+000
   0.0000000000000000E+000
        71232  5.1229949409690913E-005  0.0000000000000000E+000
   0.0000000000000000E+000
        71424  4.6730465468774088E-005  0.0000000000000000E+000
   0.0000000000000000E+000
        71616  5.1669175069963954E-005  0.0000000000000000E+000
   0.0000000000000000E+000
        71808  7.0528984045887188E-005  0.0000000000000000E+000
   0.0000000000000000E+000
        72000  1.1601109367570482E-004  0.0000000000000000E+000
   0.0000000000000000E+000
        72192  2.0492601503801193E-004  0.0000000000000000E+000
   0.0000000000000000E+000
        72384  3.4461854372740917E-004  0.0000000000000000E+000
   0.0000000000000000E+000
        72576  5.1853618927654214E-004  0.0000000000000000E+000
   0.0000000000000000E+000
        72768  6.5080166611440962E-004  0.0000000000000000E+000
   0.0000000000000000E+000
        72960  5.7156281676596461E-004  0.0000000000000000E+000
   0.0000000000000000E+000
        73152  2.6418823824429728E-004  0.0000000000000000E+000
   0.0000000000000000E+000
        73344  8.2466034448458944E-005  0.0000000000000000E+000
   0.0000000000000000E+000
        73536  2.9968906462611239E-005  0.0000000000000000E+000
   0.0000000000000000E+000
        73728  1.5002001380060814E-005  0.0000000000000000E+000
   0.0000000000000000E+000
        73920  9.5144368381353660E-006  0.0000000000000000E+000
   0.0000000000000000E+000
        74112  7.7231097222470424E-006  0.0000000000000000E+000
   0.0000000000000000E+000
        74304  7.5824931053334215E-006  0.0000000000000000E+000
   0.0000000000000000E+000
        74496  8.4665021002890463E-006  0.0000000000000000E+000
   0.0000000000000000E+000
        74688  1.0778445670518555E-005  0.0000000000000000E+000
   0.0000000000000000E+000
        74880  1.6386370595383044E-005  0.0000000000000000E+000
   0.0000000000000000E+000
        75072  2.8618114230524653E-005  0.0000000000000000E+000
   0.0000000000000000E+000
        75264  5.6088630104006856E-005  0.0000000000000000E+000
   0.0000000000000000E+000
        75456  1.1699159543082467E-004  0.0000000000000000E+000
   0.0000000000000000E+000
        75648  2.3932362464168736E-004  0.0000000000000000E+000
   0.0000000000000000E+000
        75840  4.8056908788907858E-004  0.0000000000000000E+000
   0.0000000000000000E+000
        76032  9.2028785918097766E-004  0.0000000000000000E+000
   0.0000000000000000E+000
        76224  1.5793329703756424E-003  0.0000000000000000E+000
   0.0000000000000000E+000
        76416  1.9605512991505685E-003  0.0000000000000000E+000
   0.0000000000000000E+000
        76608  6.7081843146459561E-004  0.0000000000000000E+000
   0.0000000000000000E+000
        76800  3.4912946688577098E-004  0.0000000000000000E+000
   0.0000000000000000E+000
        76992  2.7417031432226197E-004  0.0000000000000000E+000
   0.0000000000000000E+000
        77184  2.1278217930755582E-004  0.0000000000000000E+000
   0.0000000000000000E+000
        77376  1.7488926810347848E-004  0.0000000000000000E+000
   0.0000000000000000E+000
        77568  1.5704821711523228E-004  0.0000000000000000E+000
   0.0000000000000000E+000
        77760  1.5667064703087119E-004  0.0000000000000000E+000
   0.0000000000000000E+000
        77952  1.8014231252130882E-004  0.0000000000000000E+000
   0.0000000000000000E+000
        78144  2.5004762849104365E-004  0.0000000000000000E+000
   0.0000000000000000E+000
        78336  4.1370453568713997E-004  0.0000000000000000E+000
   0.0000000000000000E+000
        78528  7.4350885293821749E-004  0.0000000000000000E+000
   0.0000000000000000E+000
        78720  1.3667981558923717E-003  0.0000000000000000E+000
   0.0000000000000000E+000
        78912  2.7239344105072396E-003  0.0000000000000000E+000
   0.0000000000000000E+000
        79104  3.4602942751840882E-003  0.0000000000000000E+000
   0.0000000000000000E+000
        79296  1.7778505492516742E-003  0.0000000000000000E+000
   0.0000000000000000E+000
        79488  4.0248577139242672E-004  0.0000000000000000E+000
   0.0000000000000000E+000
        79680  2.4190555244181660E-004  0.0000000000000000E+000
   0.0000000000000000E+000
        79872  1.4686750862781496E-004  0.0000000000000000E+000
   0.0000000000000000E+000
        80064  8.6909367028996921E-005  0.0000000000000000E+000
   0.0000000000000000E+000
        80256  5.2157989583323552E-005  0.0000000000000000E+000
   0.0000000000000000E+000
        80448  3.3397795177370976E-005  0.0000000000000000E+000
   0.0000000000000000E+000
        80640  2.5158794606647816E-005  0.0000000000000000E+000
   0.0000000000000000E+000
        80832  2.3126173804492742E-005  0.0000000000000000E+000
   0.0000000000000000E+000
        81024  2.6585917116812730E-005  0.0000000000000000E+000
   0.0000000000000000E+000
        81216  3.7201148974155960E-005  0.0000000000000000E+000
   0.0000000000000000E+000
        81408  5.9598288528498227E-005  0.0000000000000000E+000
   0.0000000000000000E+000
        81600  9.9800731013966875E-005  0.0000000000000000E+000
   0.0000000000000000E+000
        81792  1.5101378067152645E-004  0.0000000000000000E+000
   0.0000000000000000E+000
        81984  2.0908383208785353E-004  0.0000000000000000E+000
   0.0000000000000000E+000
        82176  2.5229328658367200E-004  0.0000000000000000E+000
   0.0000000000000000E+000
        82368  2.7221034934262503E-004  0.0000000000000000E+000
   0.0000000000000000E+000
        82560  2.9659088567391963E-004  0.0000000000000000E+000
   0.0000000000000000E+000
        82752  3.6634032614009387E-004  0.0000000000000000E+000
   0.0000000000000000E+000
        82944  4.3658927607963369E-004  0.0000000000000000E+000
   0.0000000000000000E+000
        83136  5.0923243406610042E-004  0.0000000000000000E+000
   0.0000000000000000E+000
        83328  5.9633536923132523E-004  0.0000000000000000E+000
   0.0000000000000000E+000
        83520  7.4473944890881400E-004  0.0000000000000000E+000
   0.0000000000000000E+000
        83712  9.1330461172743269E-004  0.0000000000000000E+000
   0.0000000000000000E+000
        83904  9.2406216576911308E-004  0.0000000000000000E+000
   0.0000000000000000E+000
        84096  5.3895059613920187E-004  0.0000000000000000E+000
   0.0000000000000000E+000
        84288  1.7618238882597740E-004  0.0000000000000000E+000
   0.0000000000000000E+000
        84480  6.4863611717594363E-005  0.0000000000000000E+000
   0.0000000000000000E+000
        84672  3.4191274390212054E-005  0.0000000000000000E+000
   0.0000000000000000E+000
        84864  2.4458072347373537E-005  0.0000000000000000E+000
   0.0000000000000000E+000
        85056  2.3049907879164604E-005  0.0000000000000000E+000
   0.0000000000000000E+000
        85248  2.7259791874877897E-005  0.0000000000000000E+000
   0.0000000000000000E+000
        85440  3.8955832487198970E-005  0.0000000000000000E+000
   0.0000000000000000E+000
        85632  6.5381403571655399E-005  0.0000000000000000E+000
   0.0000000000000000E+000
        85824  1.2304711068953058E-004  0.0000000000000000E+000
   0.0000000000000000E+000
        86016  2.4603545360159506E-004  0.0000000000000000E+000
   0.0000000000000000E+000
        86208  4.9507483079132665E-004  0.0000000000000000E+000
   0.0000000000000000E+000
        86400  1.0068686324440142E-003  0.0000000000000000E+000
   0.0000000000000000E+000
        86592  1.8780848009076400E-003  0.0000000000000000E+000
   0.0000000000000000E+000
        86784  2.9565779245663455E-003  0.0000000000000000E+000
   0.0000000000000000E+000
        86976  3.5549688188506569E-003  0.0000000000000000E+000
   0.0000000000000000E+000
        87168  1.1159755411436808E-003  0.0000000000000000E+000
   0.0000000000000000E+000
        87360  3.5685379288896121E-004  0.0000000000000000E+000
   0.0000000000000000E+000
        87552  3.3653436785705936E-004  0.0000000000000000E+000
   0.0000000000000000E+000
        87744  2.9562736112058951E-004  0.0000000000000000E+000
   0.0000000000000000E+000
        87936  2.3271576263727401E-004  0.0000000000000000E+000
   0.0000000000000000E+000
        88128  1.7353916627297077E-004  0.0000000000000000E+000
   0.0000000000000000E+000
        88320  1.3011824416194007E-004  0.0000000000000000E+000
   0.0000000000000000E+000
        88512  1.0224663507641256E-004  0.0000000000000000E+000
   0.0000000000000000E+000
        88704  8.5837226534030749E-005  0.0000000000000000E+000
   0.0000000000000000E+000
        88896  7.9187053826502987E-005  0.0000000000000000E+000
   0.0000000000000000E+000
        89088  8.5367022837058482E-005  0.0000000000000000E+000
   0.0000000000000000E+000
        89280  1.1471688049636758E-004  0.0000000000000000E+000
   0.0000000000000000E+000
        89472  1.7695162017788261E-004  0.0000000000000000E+000
   0.0000000000000000E+000
        89664  2.7452806413158336E-004  0.0000000000000000E+000
   0.0000000000000000E+000
        89856  3.9329176182543367E-004  0.0000000000000000E+000
   0.0000000000000000E+000
        90048  4.7479428940595353E-004  0.0000000000000000E+000
   0.0000000000000000E+000
        90240  4.0704595242909537E-004  0.0000000000000000E+000
   0.0000000000000000E+000
        90432  2.1276078932082587E-004  0.0000000000000000E+000
   0.0000000000000000E+000
        90624  9.1673386672992211E-005  0.0000000000000000E+000
   0.0000000000000000E+000
        90816  4.4315053021650362E-005  0.0000000000000000E+000
   0.0000000000000000E+000
        91008  2.6610757952417360E-005  0.0000000000000000E+000
   0.0000000000000000E+000
        91200  1.8841385608938773E-005  0.0000000000000000E+000
   0.0000000000000000E+000
        91392  1.6202280255049617E-005  0.0000000000000000E+000
   0.0000000000000000E+000
        91584  1.6378088307309746E-005  0.0000000000000000E+000
   0.0000000000000000E+000
        91776  1.8619492050605172E-005  0.0000000000000000E+000
   0.0000000000000000E+000
        91968  2.4002308395043736E-005  0.0000000000000000E+000
   0.0000000000000000E+000
        92160  3.6779326540174466E-005  0.0000000000000000E+000
   0.0000000000000000E+000
        92352  6.4867744167050316E-005  0.0000000000000000E+000
   0.0000000000000000E+000
        92544  1.2735674462340188E-004  0.0000000000000000E+000
   0.0000000000000000E+000
        92736  2.6856089228910858E-004  0.0000000000000000E+000
   0.0000000000000000E+000
        92928  5.5449973610705115E-004  0.0000000000000000E+000
   0.0000000000000000E+000
        93120  1.0047686162530404E-003  0.0000000000000000E+000
   0.0000000000000000E+000
        93312  1.4913809420948332E-003  0.0000000000000000E+000
   0.0000000000000000E+000
        93504  1.6792232408757550E-003  0.0000000000000000E+000
   0.0000000000000000E+000
        93696  6.5037445150307452E-004  0.0000000000000000E+000
   0.0000000000000000E+000
        93888  2.1708690203534731E-004  0.0000000000000000E+000
   0.0000000000000000E+000
        94080  1.6211341826508812E-004  0.0000000000000000E+000
   0.0000000000000000E+000
        94272  1.6586354547271955E-004  0.0000000000000000E+000
   0.0000000000000000E+000
        94464  2.0881978515497945E-004  0.0000000000000000E+000
   0.0000000000000000E+000
        94656  3.0202446877801599E-004  0.0000000000000000E+000
   0.0000000000000000E+000
        94848  4.7804895623945818E-004  0.0000000000000000E+000
   0.0000000000000000E+000
        95040  8.1268259328021804E-004  0.0000000000000000E+000
   0.0000000000000000E+000
        95232  1.4868882215013091E-003  0.0000000000000000E+000
   0.0000000000000000E+000
        95424  2.5751681445654200E-003  0.0000000000000000E+000
   0.0000000000000000E+000
        95616  3.4527497245671755E-003  0.0000000000000000E+000
   0.0000000000000000E+000
        95808  1.7940448676659322E-003  0.0000000000000000E+000
   0.0000000000000000E+000
        96000  2.7586719962127134E-004  0.0000000000000000E+000
   0.0000000000000000E+000
        96192  2.2034971214757347E-004  0.0000000000000000E+000
   0.0000000000000000E+000
        96384  1.7080883653422112E-004  0.0000000000000000E+000
   0.0000000000000000E+000
        96576  1.2641788715990186E-004  0.0000000000000000E+000
   0.0000000000000000E+000
        96768  9.1998177642457285E-005  0.0000000000000000E+000
   0.0000000000000000E+000
        96960  6.9215224851707817E-005  0.0000000000000000E+000
   0.0000000000000000E+000
        97152  5.7852374367082074E-005  0.0000000000000000E+000
   0.0000000000000000E+000
        97344  5.6899180958500136E-005  0.0000000000000000E+000
   0.0000000000000000E+000
        97536  6.8260978510229577E-005  0.0000000000000000E+000
   0.0000000000000000E+000
        97728  9.9460305035391748E-005  0.0000000000000000E+000
   0.0000000000000000E+000
        97920  1.6937483719524788E-004  0.0000000000000000E+000
   0.0000000000000000E+000
        98112  2.9748194320486701E-004  0.0000000000000000E+000
   0.0000000000000000E+000
        98304  4.7342497203057800E-004  0.0000000000000000E+000
   0.0000000000000000E+000
        98496  6.3561635746253676E-004  0.0000000000000000E+000
   0.0000000000000000E+000
        98688  6.4781473064555591E-004  0.0000000000000000E+000
   0.0000000000000000E+000
        98880  3.6903370587527170E-004  0.0000000000000000E+000
   0.0000000000000000E+000
        99072  1.0700515809610539E-004  0.0000000000000000E+000
   0.0000000000000000E+000
        99264  3.3480013764480717E-005  0.0000000000000000E+000
   0.0000000000000000E+000
        99456  1.5136089244348613E-005  0.0000000000000000E+000
   0.0000000000000000E+000
        99648  8.9533924771468012E-006  0.0000000000000000E+000
   0.0000000000000000E+000
        99840  6.3527995709356482E-006  0.0000000000000000E+000
   0.0000000000000000E+000
       100032  5.5591111006187727E-006  0.0000000000000000E+000
   0.0000000000000000E+000
       100224  5.7522462441142810E-006  0.0000000000000000E+000
   0.0000000000000000E+000
       100416  6.6790575170810306E-006  0.0000000000000000E+000
   0.0000000000000000E+000
       100608  8.7485740576449002E-006  0.0000000000000000E+000
   0.0000000000000000E+000
       100800  1.3572247588393756E-005  0.0000000000000000E+000
   0.0000000000000000E+000
       100992  2.4112314142965217E-005  0.0000000000000000E+000
   0.0000000000000000E+000
       101184  4.7957311285239957E-005  0.0000000000000000E+000
   0.0000000000000000E+000
       101376  1.0116863673266065E-004  0.0000000000000000E+000
   0.0000000000000000E+000
       101568  2.0854428988175135E-004  0.0000000000000000E+000
   0.0000000000000000E+000
       101760  4.2069462061335589E-004  0.0000000000000000E+000
   0.0000000000000000E+000
       101952  8.3191461750249359E-004  0.0000000000000000E+000
   0.0000000000000000E+000
       102144  1.5100583799580465E-003  0.0000000000000000E+000
   0.0000000000000000E+000
       102336  2.1544155643168973E-003  0.0000000000000000E+000
   0.0000000000000000E+000
       102528  9.8542478517175611E-004  0.0000000000000000E+000
   0.0000000000000000E+000
       102720  4.0225136157084245E-004  0.0000000000000000E+000
   0.0000000000000000E+000
       102912  3.3242338566393420E-004  0.0000000000000000E+000
   0.0000000000000000E+000
       103104  2.6101292638703569E-004  0.0000000000000000E+000
   0.0000000000000000E+000
       103296  2.0651731159885073E-004  0.0000000000000000E+000
   0.0000000000000000E+000
       103488  1.6862659780255744E-004  0.0000000000000000E+000
   0.0000000000000000E+000
       103680  1.5177923442075505E-004  0.0000000000000000E+000
   0.0000000000000000E+000
       103872  1.5730279734105758E-004  0.0000000000000000E+000
   0.0000000000000000E+000
       104064  1.9654613549558003E-004  0.0000000000000000E+000
   0.0000000000000000E+000
       104256  3.0568406350512105E-004  0.0000000000000000E+000
   0.0000000000000000E+000
       104448  5.5288925781056509E-004  0.0000000000000000E+000
   0.0000000000000000E+000
       104640  1.0124537187611404E-003  0.0000000000000000E+000
   0.0000000000000000E+000
       104832  2.0092888031723768E-003  0.0000000000000000E+000
   0.0000000000000000E+000
       105024  3.2449424143892710E-003  0.0000000000000000E+000
   0.0000000000000000E+000
       105216  2.9376132976608907E-003  0.0000000000000000E+000
   0.0000000000000000E+000
       105408  6.2182489915357819E-004  0.0000000000000000E+000
   0.0000000000000000E+000
       105600  3.0968591388139664E-004  0.0000000000000000E+000
   0.0000000000000000E+000
       105792  1.8136738453025105E-004  0.0000000000000000E+000
   0.0000000000000000E+000
       105984  1.0479063253395339E-004  0.0000000000000000E+000
   0.0000000000000000E+000
       106176  5.9330387646461544E-005  0.0000000000000000E+000
   0.0000000000000000E+000
       106368  3.4896956899804341E-005  0.0000000000000000E+000
   0.0000000000000000E+000
       106560  2.2984265971840396E-005  0.0000000000000000E+000
   0.0000000000000000E+000
       106752  1.7387295309567308E-005  0.0000000000000000E+000
   0.0000000000000000E+000
       106944  1.6272027783362192E-005  0.0000000000000000E+000
   0.0000000000000000E+000
       107136  1.9489106468202919E-005  0.0000000000000000E+000
   0.0000000000000000E+000
       107328  2.8730714985132559E-005  0.0000000000000000E+000
   0.0000000000000000E+000
       107520  4.6951672312769643E-005  0.0000000000000000E+000
   0.0000000000000000E+000
       107712  7.2513103108790008E-005  0.0000000000000000E+000
   0.0000000000000000E+000
       107904  1.0529816130380590E-004  0.0000000000000000E+000
   0.0000000000000000E+000
       108096  1.3545579244637006E-004  0.0000000000000000E+000
   0.0000000000000000E+000
       108288  1.5857445444832208E-004  0.0000000000000000E+000
   0.0000000000000000E+000
       108480  1.7518690614716083E-004  0.0000000000000000E+000
   0.0000000000000000E+000
       108672  2.2090594456537782E-004  0.0000000000000000E+000
   0.0000000000000000E+000
       108864  2.9649936309158017E-004  0.0000000000000000E+000
   0.0000000000000000E+000
       109056  3.8150573286448131E-004  0.0000000000000000E+000
   0.0000000000000000E+000
       109248  4.9962609893240207E-004  0.0000000000000000E+000
   0.0000000000000000E+000
       109440  7.1586639769669947E-004  0.0000000000000000E+000
   0.0000000000000000E+000
       109632  1.0621471742534739E-003  0.0000000000000000E+000
   0.0000000000000000E+000
       109824  1.4891756426879399E-003  0.0000000000000000E+000
   0.0000000000000000E+000
       110016  1.5962986302063852E-003  0.0000000000000000E+000
   0.0000000000000000E+000
       110208  6.2601851173727419E-004  0.0000000000000000E+000
   0.0000000000000000E+000
       110400  8.3149476793436207E-005  0.0000000000000000E+000
   0.0000000000000000E+000
       110592  1.9217610448469127E-005  0.0000000000000000E+000
   0.0000000000000000E+000
       110784  8.9815730514439311E-006  0.0000000000000000E+000
   0.0000000000000000E+000
       110976  6.9180218984291510E-006  0.0000000000000000E+000
   0.0000000000000000E+000
       111168  7.7192556469025680E-006  0.0000000000000000E+000
   0.0000000000000000E+000
       111360  1.1408113734773234E-005  0.0000000000000000E+000
   0.0000000000000000E+000
       111552  2.0704616484564166E-005  0.0000000000000000E+000
   0.0000000000000000E+000
       111744  4.3249246397693304E-005  0.0000000000000000E+000
   0.0000000000000000E+000
       111936  9.7974456998609522E-005  0.0000000000000000E+000
   0.0000000000000000E+000
       112128  2.2742272384434291E-004  0.0000000000000000E+000
   0.0000000000000000E+000
       112320  5.0174447903584402E-004  0.0000000000000000E+000
   0.0000000000000000E+000
       112512  9.8640324770016296E-004  0.0000000000000000E+000
   0.0000000000000000E+000
       112704  2.0650639773432339E-003  0.0000000000000000E+000
   0.0000000000000000E+000
       112896  3.3946101816868125E-003  0.0000000000000000E+000
   0.0000000000000000E+000
       113088  2.6036159038731188E-003  0.0000000000000000E+000
   0.0000000000000000E+000
       113280  4.7986017438991275E-004  0.0000000000000000E+000
   0.0000000000000000E+000
       113472  3.6899503979510168E-004  0.0000000000000000E+000
   0.0000000000000000E+000
       113664  2.8974452786162917E-004  0.0000000000000000E+000
   0.0000000000000000E+000
       113856  2.3145767771732404E-004  0.0000000000000000E+000
   0.0000000000000000E+000
       114048  2.1377742165031962E-004  0.0000000000000000E+000
   0.0000000000000000E+000
       114240  2.3677913118099448E-004  0.0000000000000000E+000
   0.0000000000000000E+000
       114432  2.9551765049241376E-004  0.0000000000000000E+000
   0.0000000000000000E+000
       114624  3.7535774384583377E-004  0.0000000000000000E+000
   0.0000000000000000E+000
       114816  4.8326253563940391E-004  0.0000000000000000E+000
   0.0000000000000000E+000
       115008  6.2171439712593239E-004  0.0000000000000000E+000
   0.0000000000000000E+000
       115200  6.9597767741236174E-004  0.0000000000000000E+000
   0.0000000000000000E+000
       115392  5.5375344272692438E-004  0.0000000000000000E+000
   0.0000000000000000E+000
       115584  2.3874544364076378E-004  0.0000000000000000E+000
   0.0000000000000000E+000
       115776  6.4801946770664016E-005  0.0000000000000000E+000
   0.0000000000000000E+000
       115968  2.2750131492196462E-005  0.0000000000000000E+000
   0.0000000000000000E+000
       116160  1.1783474954042379E-005  0.0000000000000000E+000
   0.0000000000000000E+000
       116352  8.0813145627439771E-006  0.0000000000000000E+000
   0.0000000000000000E+000
       116544  6.8104677947784624E-006  0.0000000000000000E+000
   0.0000000000000000E+000
       116736  6.6035616451239356E-006  0.0000000000000000E+000
   0.0000000000000000E+000
       116928  6.5399518205089306E-006  0.0000000000000000E+000
   0.0000000000000000E+000
       117120  6.5060292193901521E-006  0.0000000000000000E+000
   0.0000000000000000E+000
       117312  7.2148901230531183E-006  0.0000000000000000E+000
   0.0000000000000000E+000
       117504  8.8398320462834308E-006  0.0000000000000000E+000
   0.0000000000000000E+000
       117696  1.1606735198481130E-005  0.0000000000000000E+000
   0.0000000000000000E+000
       117888  1.6661282018718527E-005  0.0000000000000000E+000
   0.0000000000000000E+000
       118080  2.7756399266970925E-005  0.0000000000000000E+000
   0.0000000000000000E+000
       118272  5.2247694928324293E-005  0.0000000000000000E+000
   0.0000000000000000E+000
       118464  1.0862546334370192E-004  0.0000000000000000E+000
   0.0000000000000000E+000
       118656  2.3974328602387280E-004  0.0000000000000000E+000
   0.0000000000000000E+000
       118848  5.1619011562556146E-004  0.0000000000000000E+000
   0.0000000000000000E+000
       119040  9.9493522652749486E-004  0.0000000000000000E+000
   0.0000000000000000E+000
       119232  1.5993431429037728E-003  0.0000000000000000E+000
   0.0000000000000000E+000
       119424  2.2348644191314939E-003  0.0000000000000000E+000
   0.0000000000000000E+000
       119616  1.4780021087201888E-003  0.0000000000000000E+000
   0.0000000000000000E+000
       119808  3.6866663932274445E-004  0.0000000000000000E+000
   0.0000000000000000E+000
       120000  2.5059467949364904E-004  0.0000000000000000E+000
   0.0000000000000000E+000
       120192  1.7645825453307766E-004  0.0000000000000000E+000
   0.0000000000000000E+000
       120384  1.3377495544755996E-004  0.0000000000000000E+000
   0.0000000000000000E+000
       120576  1.1179339992982536E-004  0.0000000000000000E+000
   0.0000000000000000E+000
       120768  9.9478292635071650E-005  0.0000000000000000E+000
   0.0000000000000000E+000
       120960  9.0952056385945425E-005  0.0000000000000000E+000
   0.0000000000000000E+000
       121152  8.7659960416961612E-005  0.0000000000000000E+000
   0.0000000000000000E+000
       121344  9.3473201277871206E-005  0.0000000000000000E+000
   0.0000000000000000E+000
       121536  1.1604187918169038E-004  0.0000000000000000E+000
   0.0000000000000000E+000
       121728  1.7916798763565565E-004  0.0000000000000000E+000
   0.0000000000000000E+000
       121920  3.4546592013476194E-004  0.0000000000000000E+000
   0.0000000000000000E+000
       122112  7.3422856335402442E-004  0.0000000000000000E+000
   0.0000000000000000E+000
       122304  1.3549074522301151E-003  0.0000000000000000E+000
   0.0000000000000000E+000
       122496  2.5464834183343546E-003  0.0000000000000000E+000
   0.0000000000000000E+000
       122688  3.1839638866751801E-003  0.0000000000000000E+000
   0.0000000000000000E+000
       122880  1.6975565739407563E-003  0.0000000000000000E+000
   0.0000000000000000E+000
       123072  4.1920057162132991E-004  0.0000000000000000E+000
   0.0000000000000000E+000
       123264  2.3515552673299925E-004  0.0000000000000000E+000
   0.0000000000000000E+000
       123456  1.3105757423146730E-004  0.0000000000000000E+000
   0.0000000000000000E+000
       123648  7.6277158440560559E-005  0.0000000000000000E+000
   0.0000000000000000E+000
       123840  4.8791566134254081E-005  0.0000000000000000E+000
   0.0000000000000000E+000
       124032  3.4870429165872846E-005  0.0000000000000000E+000
   0.0000000000000000E+000
       124224  2.8584007191109964E-005  0.0000000000000000E+000
   0.0000000000000000E+000
       124416  2.8378331337272227E-005  0.0000000000000000E+000
   0.0000000000000000E+000
       124608  3.4824481251997790E-005  0.0000000000000000E+000
   0.0000000000000000E+000
       124800  4.9074490313400034E-005  0.0000000000000000E+000
   0.0000000000000000E+000
       124992  6.8977379436088872E-005  0.0000000000000000E+000
   0.0000000000000000E+000
       125184  9.4025009363184200E-005  0.0000000000000000E+000
   0.0000000000000000E+000
       125376  1.1608415895104027E-004  0.0000000000000000E+000
   0.0000000000000000E+000
       125568  1.3271037926578452E-004  0.0000000000000000E+000
   0.0000000000000000E+000
       125760  1.4520396543100247E-004  0.0000000000000000E+000
   0.0000000000000000E+000
       125952  1.7983839393990864E-004  0.0000000000000000E+000
   0.0000000000000000E+000
       126144  2.4203356100401284E-004  0.0000000000000000E+000
   0.0000000000000000E+000
       126336  3.1562201641449866E-004  0.0000000000000000E+000
   0.0000000000000000E+000
       126528  4.1985134453031834E-004  0.0000000000000000E+000
   0.0000000000000000E+000
       126720  6.1530140813567495E-004  0.0000000000000000E+000
   0.0000000000000000E+000
       126912  9.4530394077957402E-004  0.0000000000000000E+000
   0.0000000000000000E+000
       127104  1.4039322939204892E-003  0.0000000000000000E+000
   0.0000000000000000E+000
       127296  1.6572236523580779E-003  0.0000000000000000E+000
   0.0000000000000000E+000
       127488  8.6471269028145213E-004  0.0000000000000000E+000
   0.0000000000000000E+000
       127680  1.3271728313344133E-004  0.0000000000000000E+000
   0.0000000000000000E+000
       127872  2.6142079967030771E-005  0.0000000000000000E+000
   0.0000000000000000E+000
       128064  1.1352914860387969E-005  0.0000000000000000E+000
   0.0000000000000000E+000
       128256  9.0243281182525969E-006  0.0000000000000000E+000
   0.0000000000000000E+000
       128448  1.0965381294230779E-005  0.0000000000000000E+000
   0.0000000000000000E+000
       128640  1.7462112616971951E-005  0.0000000000000000E+000
   0.0000000000000000E+000
       128832  3.2976067175664964E-005  0.0000000000000000E+000
   0.0000000000000000E+000
       129024  6.9344028310640933E-005  0.0000000000000000E+000
   0.0000000000000000E+000
       129216  1.5410509263322477E-004  0.0000000000000000E+000
   0.0000000000000000E+000
       129408  3.4077426875530118E-004  0.0000000000000000E+000
   0.0000000000000000E+000
       129600  6.9301434622537253E-004  0.0000000000000000E+000
   0.0000000000000000E+000
       129792  1.3759860557929920E-003  0.0000000000000000E+000
   0.0000000000000000E+000
       129984  2.7501682976286816E-003  0.0000000000000000E+000
   0.0000000000000000E+000
       130176  3.3898844292919615E-003  0.0000000000000000E+000
   0.0000000000000000E+000
       130368  8.6577751939494207E-004  0.0000000000000000E+000
   0.0000000000000000E+000
       130560  3.7630186194282490E-004  0.0000000000000000E+000
   0.0000000000000000E+000
       130752  3.0426719560713758E-004  0.0000000000000000E+000
   0.0000000000000000E+000
       130944  2.3633048621362330E-004  0.0000000000000000E+000
   0.0000000000000000E+000
       131136  1.9695319278259187E-004  0.0000000000000000E+000
   0.0000000000000000E+000
       131328  1.9643330318585046E-004  0.0000000000000000E+000
   0.0000000000000000E+000
       131520  2.3766601273716192E-004  0.0000000000000000E+000
   0.0000000000000000E+000
       131712  3.2227544784457052E-004  0.0000000000000000E+000
   0.0000000000000000E+000
       131904  4.4409567237308227E-004  0.0000000000000000E+000
   0.0000000000000000E+000
       132096  6.0590726088923343E-004  0.0000000000000000E+000
   0.0000000000000000E+000
       132288  7.6526208228517667E-004  0.0000000000000000E+000
   0.0000000000000000E+000
       132480  7.8231319152163880E-004  0.0000000000000000E+000
   0.0000000000000000E+000
       132672  4.8260315479655655E-004  0.0000000000000000E+000
   0.0000000000000000E+000
       132864  1.2317646545714300E-004  0.0000000000000000E+000
   0.0000000000000000E+000
       133056  2.8030305809179670E-005  0.0000000000000000E+000
   0.0000000000000000E+000
       133248  1.1556855569738201E-005  0.0000000000000000E+000
   0.0000000000000000E+000
       133440  6.8693163229241800E-006  0.0000000000000000E+000
   0.0000000000000000E+000
       133632  5.0749468993998168E-006  0.0000000000000000E+000
   0.0000000000000000E+000
       133824  4.5353647878407167E-006  0.0000000000000000E+000
   0.0000000000000000E+000
       134016  4.6705020293386523E-006  0.0000000000000000E+000
   0.0000000000000000E+000
       134208  4.7534352032503660E-006  0.0000000000000000E+000
   0.0000000000000000E+000
       134400  4.7748298046878277E-006  0.0000000000000000E+000
   0.0000000000000000E+000
       134592  5.3232594799461354E-006  0.0000000000000000E+000
   0.0000000000000000E+000
       134784  6.5556032249289489E-006  0.0000000000000000E+000
   0.0000000000000000E+000
       134976  8.6463365865865695E-006  0.0000000000000000E+000
   0.0000000000000000E+000
       135168  1.2452054463628948E-005  0.0000000000000000E+000
   0.0000000000000000E+000
       135360  2.0812814317571808E-005  0.0000000000000000E+000
   0.0000000000000000E+000
       135552  3.9258089202842184E-005  0.0000000000000000E+000
   0.0000000000000000E+000
       135744  8.1677878097247445E-005  0.0000000000000000E+000
   0.0000000000000000E+000
       135936  1.8013889619830677E-004  0.0000000000000000E+000
   0.0000000000000000E+000
       136128  3.8900355250698278E-004  0.0000000000000000E+000
   0.0000000000000000E+000
       136320  7.9259657534565047E-004  0.0000000000000000E+000
   0.0000000000000000E+000
       136512  1.3778723780282513E-003  0.0000000000000000E+000
   0.0000000000000000E+000
       136704  2.1299841230851043E-003  0.0000000000000000E+000
   0.0000000000000000E+000
       136896  2.1541534805774093E-003  0.0000000000000000E+000
   0.0000000000000000E+000
       137088  5.1611946660128582E-004  0.0000000000000000E+000
   0.0000000000000000E+000
       137280  3.5714902409205178E-004  0.0000000000000000E+000
   0.0000000000000000E+000
       137472  2.6493784333108045E-004  0.0000000000000000E+000
   0.0000000000000000E+000
       137664  1.9085989064509702E-004  0.0000000000000000E+000
   0.0000000000000000E+000
       137856  1.4434780936597563E-004  0.0000000000000000E+000
   0.0000000000000000E+000
       138048  1.1703188309438455E-004  0.0000000000000000E+000
   0.0000000000000000E+000
       138240  9.7552874937995444E-005  0.0000000000000000E+000
   0.0000000000000000E+000
       138432  8.4405449178821270E-005  0.0000000000000000E+000
   0.0000000000000000E+000
       138624  7.9697212476202573E-005  0.0000000000000000E+000
   0.0000000000000000E+000
       138816  8.7946892548996234E-005  0.0000000000000000E+000
   0.0000000000000000E+000
       139008  1.2312145485844785E-004  0.0000000000000000E+000
   0.0000000000000000E+000
       139200  2.2766203157627559E-004  0.0000000000000000E+000
   0.0000000000000000E+000
       139392  5.0421943714746588E-004  0.0000000000000000E+000
   0.0000000000000000E+000
       139584  1.0643548115724865E-003  0.0000000000000000E+000
   0.0000000000000000E+000
       139776  1.9194997683046955E-003  0.0000000000000000E+000
   0.0000000000000000E+000
       139968  3.0171840797798707E-003  0.0000000000000000E+000
   0.0000000000000000E+000
       140160  2.6396603762033392E-003  0.0000000000000000E+000
   0.0000000000000000E+000
       140352  6.1530164505002333E-004  0.0000000000000000E+000
   0.0000000000000000E+000
       140544  2.9277826662058493E-004  0.0000000000000000E+000
   0.0000000000000000E+000
       140736  1.5700505740083570E-004  0.0000000000000000E+000
   0.0000000000000000E+000
       140928  8.8238017472481894E-005  0.0000000000000000E+000
   0.0000000000000000E+000
       141120  5.4062140289347378E-005  0.0000000000000000E+000
   0.0000000000000000E+000
       141312  3.6426518861144730E-005  0.0000000000000000E+000
   0.0000000000000000E+000
       141504  2.7467354325867159E-005  0.0000000000000000E+000
   0.0000000000000000E+000
       141696  2.4774574694271003E-005  0.0000000000000000E+000
   0.0000000000000000E+000
       141888  2.7921856500124174E-005  0.0000000000000000E+000
   0.0000000000000000E+000
       142080  3.7175971824451027E-005  0.0000000000000000E+000
   0.0000000000000000E+000
       142272  5.1487665177794414E-005  0.0000000000000000E+000
   0.0000000000000000E+000
       142464  7.0349623732599099E-005  0.0000000000000000E+000
   0.0000000000000000E+000
       142656  8.8010144370496954E-005  0.0000000000000000E+000
   0.0000000000000000E+000
       142848  1.0275744290677650E-004  0.0000000000000000E+000
   0.0000000000000000E+000
       143040  1.1410983657559812E-004  0.0000000000000000E+000
   0.0000000000000000E+000
       143232  1.3938365883011739E-004  0.0000000000000000E+000
   0.0000000000000000E+000
       143424  1.8812863088451702E-004  0.0000000000000000E+000
   0.0000000000000000E+000
       143616  2.5568156986614311E-004  0.0000000000000000E+000
   0.0000000000000000E+000
       143808  3.5113571762533766E-004  0.0000000000000000E+000
   0.0000000000000000E+000
       144000  5.3516133775661319E-004  0.0000000000000000E+000
   0.0000000000000000E+000
       144192  8.6163247121008330E-004  0.0000000000000000E+000
   0.0000000000000000E+000
       144384  1.3562988368694786E-003  0.0000000000000000E+000
   0.0000000000000000E+000
       144576  1.8484751311361144E-003  0.0000000000000000E+000
   0.0000000000000000E+000
       144768  1.5862800140840350E-003  0.0000000000000000E+000
   0.0000000000000000E+000
       144960  3.7701946033323836E-004  0.0000000000000000E+000
   0.0000000000000000E+000
       145152  4.1278700182250497E-005  0.0000000000000000E+000
   0.0000000000000000E+000
       145344  1.2184431340189692E-005  0.0000000000000000E+000
   0.0000000000000000E+000
       145536  8.4186717864799834E-006  0.0000000000000000E+000
   0.0000000000000000E+000
       145728  9.6013869911550536E-006  0.0000000000000000E+000
   0.0000000000000000E+000
       145920  1.4563540685793566E-005  0.0000000000000000E+000
   0.0000000000000000E+000
       146112  2.6447092862031191E-005  0.0000000000000000E+000
   0.0000000000000000E+000
       146304  5.4216350489077855E-005  0.0000000000000000E+000
   0.0000000000000000E+000
       146496  1.1938968678607206E-004  0.0000000000000000E+000
   0.0000000000000000E+000
       146688  2.6745069279994531E-004  0.0000000000000000E+000
   0.0000000000000000E+000
       146880  5.6388420443800435E-004  0.0000000000000000E+000
   0.0000000000000000E+000
       147072  1.0748552652582771E-003  0.0000000000000000E+000
   0.0000000000000000E+000
       147264  2.2267024716445295E-003  0.0000000000000000E+000
   0.0000000000000000E+000
       147456  3.3246109115810008E-003  0.0000000000000000E+000
   0.0000000000000000E+000
       147648  1.4833016346879552E-003  0.0000000000000000E+000
   0.0000000000000000E+000
       147840  3.5747386165704050E-004  0.0000000000000000E+000
   0.0000000000000000E+000
       148032  2.7973615401974319E-004  0.0000000000000000E+000
   0.0000000000000000E+000
       148224  2.0382897644225523E-004  0.0000000000000000E+000
   0.0000000000000000E+000
       148416  1.4310261656588818E-004  0.0000000000000000E+000
   0.0000000000000000E+000
       148608  1.0557787914620804E-004  0.0000000000000000E+000
   0.0000000000000000E+000
       148800  9.2504406046043516E-005  0.0000000000000000E+000
   0.0000000000000000E+000
       148992  1.0484369892065129E-004  0.0000000000000000E+000
   0.0000000000000000E+000
       149184  1.4860448500655631E-004  0.0000000000000000E+000
   0.0000000000000000E+000
       149376  2.4462315982545638E-004  0.0000000000000000E+000
   0.0000000000000000E+000
       149568  4.2390850977920639E-004  0.0000000000000000E+000
   0.0000000000000000E+000
       149760  6.7873271063829813E-004  0.0000000000000000E+000
   0.0000000000000000E+000
       149952  8.5982729686428561E-004  0.0000000000000000E+000
   0.0000000000000000E+000
       150144  8.2867125561990297E-004  0.0000000000000000E+000
   0.0000000000000000E+000
       150336  4.0539271445220678E-004  0.0000000000000000E+000
   0.0000000000000000E+000
       150528  8.8583803375878519E-005  0.0000000000000000E+000
   0.0000000000000000E+000
       150720  2.8823475309846737E-005  0.0000000000000000E+000
   0.0000000000000000E+000
       150912  1.6162927750540260E-005  0.0000000000000000E+000
   0.0000000000000000E+000
       151104  1.0737225704284282E-005  0.0000000000000000E+000
   0.0000000000000000E+000
       151296  8.2919154468159109E-006  0.0000000000000000E+000
   0.0000000000000000E+000
       151488  6.6259853285876807E-006  0.0000000000000000E+000
   0.0000000000000000E+000
       151680  5.7108949161070180E-006  0.0000000000000000E+000
   0.0000000000000000E+000
       151872  5.8287795374277836E-006  0.0000000000000000E+000
   0.0000000000000000E+000
       152064  6.7969984762243149E-006  0.0000000000000000E+000
   0.0000000000000000E+000
       152256  8.6379225692452507E-006  0.0000000000000000E+000
   0.0000000000000000E+000
       152448  1.2098630486129710E-005  0.0000000000000000E+000
   0.0000000000000000E+000
       152640  1.9810754727584416E-005  0.0000000000000000E+000
   0.0000000000000000E+000
       152832  3.6882600407689553E-005  0.0000000000000000E+000
   0.0000000000000000E+000
       153024  7.5847259826355724E-005  0.0000000000000000E+000
   0.0000000000000000E+000
       153216  1.6550639913377684E-004  0.0000000000000000E+000
   0.0000000000000000E+000
       153408  3.5330476867363172E-004  0.0000000000000000E+000
   0.0000000000000000E+000
       153600  7.2115385507466481E-004  0.0000000000000000E+000
   0.0000000000000000E+000
       153792  1.2696246375732553E-003  0.0000000000000000E+000
   0.0000000000000000E+000
       153984  1.9834613266750023E-003  0.0000000000000000E+000
   0.0000000000000000E+000
       154176  1.9059366200304868E-003  0.0000000000000000E+000
   0.0000000000000000E+000
       154368  4.7198427756373675E-004  0.0000000000000000E+000
   0.0000000000000000E+000
       154560  3.2693841293540986E-004  0.0000000000000000E+000
   0.0000000000000000E+000
       154752  2.4286471268653310E-004  0.0000000000000000E+000
   0.0000000000000000E+000
       154944  1.7669832015587353E-004  0.0000000000000000E+000
   0.0000000000000000E+000
       155136  1.3725082698992752E-004  0.0000000000000000E+000
   0.0000000000000000E+000
       155328  1.1513352921688112E-004  0.0000000000000000E+000
   0.0000000000000000E+000
       155520  1.0051150530030164E-004  0.0000000000000000E+000
   0.0000000000000000E+000
       155712  9.3204221236947366E-005  0.0000000000000000E+000
   0.0000000000000000E+000
       155904  9.6935091335443948E-005  0.0000000000000000E+000
   0.0000000000000000E+000
       156096  1.2184533319589294E-004  0.0000000000000000E+000
   0.0000000000000000E+000
       156288  1.9599446565416728E-004  0.0000000000000000E+000
   0.0000000000000000E+000
       156480  3.9070407008985489E-004  0.0000000000000000E+000
   0.0000000000000000E+000
       156672  8.2123969276964078E-004  0.0000000000000000E+000
   0.0000000000000000E+000
       156864  1.5046595633636175E-003  0.0000000000000000E+000
   0.0000000000000000E+000
       157056  2.8276508398093541E-003  0.0000000000000000E+000
   0.0000000000000000E+000
       157248  3.1423265781506515E-003  0.0000000000000000E+000
   0.0000000000000000E+000
       157440  1.1744915140731959E-003  0.0000000000000000E+000
   0.0000000000000000E+000
       157632  3.7501752908164482E-004  0.0000000000000000E+000
   0.0000000000000000E+000
       157824  2.1163305282395961E-004  0.0000000000000000E+000
   0.0000000000000000E+000
       158016  1.1977305096719526E-004  0.0000000000000000E+000
   0.0000000000000000E+000
       158208  7.0013422197586593E-005  0.0000000000000000E+000
   0.0000000000000000E+000
       158400  4.5664292646665258E-005  0.0000000000000000E+000
   0.0000000000000000E+000
       158592  3.3797399732748423E-005  0.0000000000000000E+000
   0.0000000000000000E+000
       158784  2.9220971353205059E-005  0.0000000000000000E+000
   0.0000000000000000E+000
       158976  3.0856563055499324E-005  0.0000000000000000E+000
   0.0000000000000000E+000
       159168  3.9967132957889516E-005  0.0000000000000000E+000
   0.0000000000000000E+000
       159360  5.8418585954537816E-005  0.0000000000000000E+000
   0.0000000000000000E+000
       159552  8.3475025600910887E-005  0.0000000000000000E+000
   0.0000000000000000E+000
       159744  1.1422092968832277E-004  0.0000000000000000E+000
   0.0000000000000000E+000
       159936  1.4028625244760253E-004  0.0000000000000000E+000
   0.0000000000000000E+000
       160128  1.5833720585446855E-004  0.0000000000000000E+000
   0.0000000000000000E+000
       160320  1.7308963427724411E-004  0.0000000000000000E+000
   0.0000000000000000E+000
       160512  2.1954560748429320E-004  0.0000000000000000E+000
   0.0000000000000000E+000
       160704  2.8788239016458141E-004  0.0000000000000000E+000
   0.0000000000000000E+000
       160896  3.6680802053496917E-004  0.0000000000000000E+000
   0.0000000000000000E+000
       161088  4.7650185854665689E-004  0.0000000000000000E+000
   0.0000000000000000E+000
       161280  6.7940598346357686E-004  0.0000000000000000E+000
   0.0000000000000000E+000
       161472  1.0049526659021049E-003  0.0000000000000000E+000
   0.0000000000000000E+000
       161664  1.4148322278306825E-003  0.0000000000000000E+000
   0.0000000000000000E+000
       161856  1.4822914451543142E-003  0.0000000000000000E+000
   0.0000000000000000E+000
       162048  5.8433734167897210E-004  0.0000000000000000E+000
   0.0000000000000000E+000
       162240  9.0299193078989480E-005  0.0000000000000000E+000
   0.0000000000000000E+000
       162432  2.2838108633113651E-005  0.0000000000000000E+000
   0.0000000000000000E+000
       162624  1.1185085564881702E-005  0.0000000000000000E+000
   0.0000000000000000E+000
       162816  9.1208472298173073E-006  0.0000000000000000E+000
   0.0000000000000000E+000
       163008  1.0825511656731847E-005  0.0000000000000000E+000
   0.0000000000000000E+000
       163200  1.6804643636822429E-005  0.0000000000000000E+000
   0.0000000000000000E+000
       163392  3.1319221390422884E-005  0.0000000000000000E+000
   0.0000000000000000E+000
       163584  6.5666388440371805E-005  0.0000000000000000E+000
   0.0000000000000000E+000
       163776  1.4639410092178977E-004  0.0000000000000000E+000
   0.0000000000000000E+000
       163968  3.2626096084074576E-004  0.0000000000000000E+000
   0.0000000000000000E+000
       164160  6.7098631987959139E-004  0.0000000000000000E+000
   0.0000000000000000E+000
       164352  1.3320014955556256E-003  0.0000000000000000E+000
   0.0000000000000000E+000
       164544  2.6949210560309042E-003  0.0000000000000000E+000
   0.0000000000000000E+000
       164736  3.4708420524220472E-003  0.0000000000000000E+000
   0.0000000000000000E+000
       164928  1.0678613181301462E-003  0.0000000000000000E+000
   0.0000000000000000E+000
       165120  4.0042936794960215E-004  0.0000000000000000E+000
   0.0000000000000000E+000
       165312  3.3393334975656709E-004  0.0000000000000000E+000
   0.0000000000000000E+000
       165504  2.7818501050754104E-004  0.0000000000000000E+000
   0.0000000000000000E+000
       165696  2.5728359923153545E-004  0.0000000000000000E+000
   0.0000000000000000E+000
       165888  2.8364463053789956E-004  0.0000000000000000E+000
   0.0000000000000000E+000
       166080  3.4308148796808078E-004  0.0000000000000000E+000
   0.0000000000000000E+000
       166272  4.0213694738152537E-004  0.0000000000000000E+000
   0.0000000000000000E+000
       166464  4.5194565609982869E-004  0.0000000000000000E+000
   0.0000000000000000E+000
       166656  5.5160345428736837E-004  0.0000000000000000E+000
   0.0000000000000000E+000
       166848  6.3825880168935797E-004  0.0000000000000000E+000
   0.0000000000000000E+000
       167040  5.4523291276281801E-004  0.0000000000000000E+000
   0.0000000000000000E+000
       167232  2.6700975483655634E-004  0.0000000000000000E+000
   0.0000000000000000E+000
       167424  7.9741851642543441E-005  0.0000000000000000E+000
   0.0000000000000000E+000
       167616  2.6708234645588600E-005  0.0000000000000000E+000
   0.0000000000000000E+000
       167808  1.3151269845309333E-005  0.0000000000000000E+000
   0.0000000000000000E+000
       168000  8.4741365582375052E-006  0.0000000000000000E+000
   0.0000000000000000E+000
       168192  6.6655231449343121E-006  0.0000000000000000E+000
   0.0000000000000000E+000
       168384  6.1809732133912969E-006  0.0000000000000000E+000
   0.0000000000000000E+000
       168576  6.3693913441922870E-006  0.0000000000000000E+000
   0.0000000000000000E+000
       168768  6.6791020994345044E-006  0.0000000000000000E+000
   0.0000000000000000E+000
       168960  6.9403071465837427E-006  0.0000000000000000E+000
   0.0000000000000000E+000
       169152  7.9045185097575359E-006  0.0000000000000000E+000
   0.0000000000000000E+000
       169344  9.8424244448203583E-006  0.0000000000000000E+000
   0.0000000000000000E+000
       169536  1.3095578030601136E-005  0.0000000000000000E+000
   0.0000000000000000E+000
       169728  1.9005116271481214E-005  0.0000000000000000E+000
   0.0000000000000000E+000
       169920  3.1970072428301191E-005  0.0000000000000000E+000
   0.0000000000000000E+000
       170112  6.0843015605944339E-005  0.0000000000000000E+000
   0.0000000000000000E+000
       170304  1.2704750648061472E-004  0.0000000000000000E+000
   0.0000000000000000E+000
       170496  2.8344590535617735E-004  0.0000000000000000E+000
   0.0000000000000000E+000
       170688  6.0854548657629959E-004  0.0000000000000000E+000
   0.0000000000000000E+000
       170880  1.1288739838224118E-003  0.0000000000000000E+000
   0.0000000000000000E+000
       171072  1.7389031151756726E-003  0.0000000000000000E+000
   0.0000000000000000E+000
       171264  2.2948455135697082E-003  0.0000000000000000E+000
   0.0000000000000000E+000
       171456  1.2471258172962020E-003  0.0000000000000000E+000
   0.0000000000000000E+000
       171648  3.1992139948596365E-004  0.0000000000000000E+000
   0.0000000000000000E+000
       171840  2.0131456563847255E-004  0.0000000000000000E+000
   0.0000000000000000E+000
       172032  1.4032454426022778E-004  0.0000000000000000E+000
   0.0000000000000000E+000
       172224  1.0987513226204493E-004  0.0000000000000000E+000
   0.0000000000000000E+000
       172416  9.5124125298845646E-005  0.0000000000000000E+000
   0.0000000000000000E+000
       172608  8.7879532019319960E-005  0.0000000000000000E+000
   0.0000000000000000E+000
       172800  8.3851985635632499E-005  0.0000000000000000E+000
   0.0000000000000000E+000
