          192 -4.8246592684219694E-005
          384 -4.8618351979043372E-005
          576 -3.7685779543174243E-005
          768 -3.8860353427826523E-007
          960  7.6524792882944157E-005
         1152  1.1793234214478698E-004
         1344  1.1520412267323388E-004
         1536  1.0922855446645112E-004
         1728  1.0219855216410411E-004
         1920  9.5804804065152913E-005
         2112  8.9648448377777025E-005
         2304  8.0972222094322205E-005
         2496  7.4920063495087695E-005
         2688  7.2766531180361687E-005
         2880  7.2779664007169929E-005
         3072  7.3722231270016711E-005
         3264  7.5444588788708752E-005
         3456  7.7328115087873275E-005
         3648  7.1936047591981405E-005
         3840  7.2416288092276820E-005
         4032  7.0270163448468400E-005
         4224  6.3792053991635614E-005
         4416  5.6184021110234562E-005
         4608  4.8639509613075846E-005
         4800  4.3730003589207371E-005
         4992  4.0844101687262564E-005
         5184  3.7278000730821848E-005
         5376  3.6355272007939596E-005
         5568  3.5328899109562706E-005
         5760  3.5221299997999059E-005
         5952  3.8605578798729520E-005
         6144  4.6066057144596193E-005
         6336  5.7465897505645954E-005
         6528  6.5238343286624348E-005
         6720  6.6098811295757425E-005
         6912  6.3906469776392423E-005
         7104  6.0329267919784778E-005
         7296  5.5988932307524327E-005
         7488  5.1617732823762811E-005
         7680  4.7098330188798058E-005
         7872  3.9776517164182565E-005
         8064  3.3668310454239604E-005
         8256  3.2499801065798793E-005
         8448  4.7112674201990330E-005
         8640  1.0450371851124998E-004
         8832  1.9974256554803149E-004
         9024  2.5343841929166718E-004
         9216  2.3999606590257769E-004
         9408  2.2424099395040669E-004
         9600  2.0906059422839366E-004
         9792  1.9443928772839509E-004
         9984  1.8202236043241154E-004
        10176  1.7109058620356105E-004
        10368  1.6075087989047499E-004
        10560  1.5122642995657093E-004
        10752  1.4347979994889709E-004
        10944  1.3696087008913222E-004
        11136  1.3459655490902626E-004
        11328  1.4039903872926874E-004
        11520  1.5178260714398195E-004
        11712  1.6051699971992268E-004
        11904  1.6141801253218992E-004
        12096  1.5837054860133365E-004
        12288  1.5422052686268718E-004
        12480  1.5011261986935717E-004
        12672  1.4037136192828067E-004
        12864  1.3128737525577459E-004
        13056  1.1978795158286830E-004
        13248  1.0981202705097634E-004
        13440  1.0009893383382166E-004
        13632  9.3801670732836343E-005
        13824  8.7358739442023779E-005
        14016  8.2063086891188259E-005
        14208  7.6120463904327465E-005
        14400  7.2596998374329586E-005
        14592  7.0022536388747276E-005
        14784  6.8097488984464690E-005
        14976  6.7998718508684972E-005
        15168  7.1130449510101062E-005
        15360  7.9700439218540538E-005
        15552  9.6928717240974164E-005
        15744  1.3125679525942846E-004
        15936  1.6654828209966774E-004
        16128  1.6284394013401076E-004
        16320  1.5288588599544873E-004
        16512  1.3985074815797154E-004
        16704  1.2617779365593426E-004
        16896  1.1266194147366335E-004
        17088  9.9228096722939519E-005
        17280  8.5667636007419790E-005
        17472  7.2354248167583236E-005
        17664  5.9404736769886226E-005
        17856  4.8801622224231716E-005
        18048  4.1303341679979449E-005
        18240  3.5831921915079396E-005
        18432  3.5659445332156492E-005
        18624  5.1035034082985188E-005
        18816  9.7973322008639620E-005
        19008  1.8372832995918281E-004
        19200  2.5277321644343395E-004
        19392  2.5657397818411141E-004
        19584  2.3617876848719375E-004
        19776  2.1340714511944059E-004
        19968  2.0152466549678826E-004
        20160  1.9547928638673546E-004
        20352  1.9038406503405780E-004
        20544  1.8580066930153031E-004
        20736  1.8114236849278077E-004
        20928  1.7611269844499465E-004
        21120  1.7137851971327383E-004
        21312  1.5949921414568297E-004
        21504  1.4811637063687479E-004
        21696  1.3431741254372499E-004
        21888  1.2315870473351864E-004
        22080  1.1297311861380827E-004
        22272  1.0656029496711880E-004
        22464  1.0047190067599606E-004
        22656  9.5719712924398657E-005
        22848  9.1138637313998959E-005
        23040  9.0622444118981162E-005
        23232  9.5087947776240715E-005
        23424  1.0839891331299476E-004
        23616  1.3336227246184507E-004
        23808  1.5446325420770580E-004
        24000  1.5616145846601083E-004
        24192  1.4501237784675454E-004
        24384  1.3643313886437111E-004
        24576  1.2855920654671123E-004
        24768  1.2079429180307583E-004
        24960  1.1261727021932583E-004
        25152  1.0077522838092982E-004
        25344  8.8427636335575174E-005
        25536  7.6800758839138400E-005
        25728  6.6410069189838954E-005
        25920  5.8524324457938914E-005
        26112  5.6876181789573265E-005
        26304  7.0797478627251866E-005
        26496  1.3255301864769625E-004
        26688  2.0709880559697491E-004
        26880  2.0720873096851728E-004
        27072  1.9258126144519966E-004
        27264  1.8017019137512371E-004
        27456  1.6924093488235789E-004
        27648  1.5885923868913916E-004
        27840  1.4918907956361978E-004
        28032  1.4106378779127799E-004
        28224  1.3314426619584119E-004
        28416  1.2601475017290806E-004
        28608  1.2261108887647783E-004
        28800  1.2328764102544242E-004
        28992  1.2797023877527354E-004
        29184  1.3758285707312951E-004
        29376  1.4997251608925286E-004
        29568  1.6104037377240665E-004
        29760  1.6577069972532177E-004
        29952  1.5476715667938539E-004
        30144  1.4358592472420051E-004
        30336  1.3076405165847837E-004
        30528  1.2040062178040380E-004
        30720  1.1082348402851789E-004
        30912  1.0383357837537787E-004
        31104  9.7333408830455151E-005
        31296  9.1129423279103893E-005
        31488  8.4880965609670131E-005
        31680  8.0534051025146631E-005
        31872  7.6960333672456468E-005
        32064  7.3694242927833695E-005
        32256  7.1244608420895572E-005
        32448  7.0240506446490802E-005
        32640  7.0739178138329718E-005
        32832  7.3976267966230136E-005
        33024  8.4291452304687610E-005
        33216  1.1493566850043006E-004
        33408  1.5746878115722584E-004
        33600  1.6107607272538213E-004
        33792  1.4759321819381071E-004
        33984  1.3363098854514511E-004
        34176  1.1980442336163906E-004
        34368  1.0603722772203241E-004
        34560  9.2132253064516721E-005
        34752  7.8473505396537601E-005
        34944  6.5200464710218453E-005
        35136  5.4332987037890536E-005
        35328  4.6745561651714707E-005
        35520  4.1652095683232280E-005
        35712  4.2824166831788458E-005
        35904  6.0340294074087064E-005
        36096  1.1454565057040928E-004
        36288  1.9879054018208717E-004
        36480  2.4211181892766257E-004
        36672  2.3015159615540022E-004
        36864  2.1195307804275389E-004
        37056  1.9234290303140814E-004
        37248  1.8192341855864533E-004
        37440  1.7645946305622814E-004
        37632  1.7184839178958000E-004
        37824  1.6772645822306096E-004
        38016  1.6349891411662613E-004
        38208  1.5886236440867409E-004
        38400  1.5447471455537723E-004
        38592  1.4359345766839539E-004
        38784  1.3395589504910349E-004
        38976  1.2188496187735984E-004
        39168  1.1204603685640861E-004
        39360  1.0290375996780300E-004
        39552  9.6344514646138691E-005
        39744  9.0832471466928541E-005
        39936  8.5579070011885112E-005
        40128  8.1505050625291177E-005
        40320  8.0653799871555927E-005
        40512  8.4707653613063264E-005
        40704  9.7688018295573190E-005
        40896  1.2286202100615681E-004
        41088  1.4708306491284311E-004
        41280  1.5824656694475890E-004
        41472  1.4786683726102562E-004
        41664  1.3795095722401904E-004
        41856  1.2982339851279364E-004
        42048  1.2185868229087389E-004
        42240  1.1346654409506687E-004
        42432  1.0138594205448499E-004
        42624  8.8720703857141087E-005
        42816  7.6593790596407761E-005
        43008  6.5288166418391128E-005
        43200  5.5534151239539847E-005
        43392  5.0094281362053622E-005
        43584  5.4142539410778025E-005
        43776  8.8558924674799771E-005
        43968  1.7109956858219253E-004
        44160  2.1022313637857298E-004
        44352  1.9644801047885197E-004
        44544  1.8364822031212622E-004
        44736  1.7231979617610862E-004
        44928  1.6154582481643575E-004
        45120  1.5148474809034015E-004
        45312  1.4288074329203533E-004
        45504  1.3416130979761046E-004
        45696  1.2577045936134764E-004
        45888  1.2079281766280868E-004
        46080  1.1865105359350938E-004
        46272  1.1798490642982671E-004
        46464  1.1948641589541628E-004
        46656  1.2361842869766974E-004
        46848  1.3101680523930774E-004
        47040  1.4178244035101302E-004
        47232  1.4324135384467058E-004
        47424  1.3992535184373009E-004
        47616  1.2909898360824175E-004
        47808  1.1889242892633500E-004
        48000  1.0913838844421993E-004
        48192  1.0143506902362028E-004
        48384  9.5083397740407705E-005
        48576  8.8347343627553657E-005
        48768  8.2170660401962060E-005
        48960  7.7440450043930349E-005
        49152  7.3854937198255106E-005
        49344  7.1150689263444343E-005
        49536  7.0054905613605703E-005
        49728  7.1480917242321471E-005
        49920  7.6618987772246447E-005
        50112  8.7240812987113121E-005
        50304  1.0726314828765977E-004
        50496  1.2675183603355397E-004
        50688  1.2379446643461065E-004
        50880  1.1518161220573150E-004
        51072  1.0295035995460534E-004
        51264  9.0063541209489518E-005
        51456  7.7423779831657170E-005
        51648  6.4970833514640239E-005
        51840  5.2542956297580721E-005
        52032  4.0686337796277850E-005
        52224  2.9938771429470413E-005
        52416  2.3450638753878625E-005
        52608  2.4669876678234816E-005
        52800  3.8883353755626768E-005
        52992  9.5687708177750607E-005
        53184  1.9183160814346468E-004
        53376  2.4454948857381725E-004
        53568  2.3381492327630027E-004
        53760  2.2002673167062498E-004
        53952  2.0688220034201419E-004
        54144  1.9152442293064376E-004
        54336  1.7534412395195511E-004
        54528  1.6652418721858859E-004
        54720  1.6191441576264646E-004
        54912  1.5826225615722059E-004
        55104  1.5539231011789810E-004
        55296  1.5289778563292906E-004
        55488  1.5082583728722677E-004
        55680  1.5027736090542055E-004
        55872  1.4342983846156573E-004
        56064  1.3781471516327256E-004
        56256  1.2827180409234287E-004
        56448  1.1991684494467627E-004
        56640  1.1185272118652627E-004
        56832  1.0599971170279702E-004
        57024  1.0162105140505111E-004
        57216  9.6443386226468056E-005
        57408  9.2187306124166777E-005
        57600  8.9727499762316522E-005
        57792  8.9657230164648909E-005
        57984  9.1970278672363155E-005
        58176  9.6170495507471028E-005
        58368  9.8596871918869410E-005
        58560  9.8346449793938366E-005
        58752  9.6453548671236828E-005
        58944  9.2783509899604157E-005
        59136  8.7899130010966341E-005
        59328  8.2688162128032982E-005
        59520  7.6837794928891440E-005
        59712  6.7194909881747848E-005
        59904  5.7088669686032329E-005
        60096  4.7938321353929043E-005
        60288  4.0520198736082731E-005
        60480  3.6772291496013050E-005
        60672  4.4626145592576368E-005
        60864  8.8401082841886369E-005
        61056  1.7653955711553236E-004
        61248  2.3138290952876025E-004
        61440  2.2021919202835317E-004
        61632  2.0517473437169139E-004
        61824  1.9224870416790840E-004
        62016  1.8074835048553041E-004
        62208  1.6978184050331620E-004
        62400  1.5950922338316172E-004
        62592  1.5063396091345276E-004
        62784  1.4152272254665824E-004
        62976  1.3269929238212373E-004
        63168  1.2749808628625031E-004
        63360  1.2524634573734958E-004
        63552  1.2452500967858923E-004
        63744  1.2592726114921615E-004
        63936  1.2962347570466898E-004
        64128  1.3561988049280417E-004
        64320  1.4288306473060877E-004
        64512  1.3908589461510346E-004
        64704  1.3207656547468833E-004
        64896  1.2038469111275420E-004
        65088  1.1022811368246820E-004
        65280  1.0074130994472949E-004
        65472  9.2907773950740095E-005
        65664  8.6768111053019137E-005
        65856  7.9950848579615869E-005
        66048  7.4203556318630127E-005
        66240  6.9407805140757282E-005
        66432  6.6030383791522031E-005
        66624  6.3702051373697025E-005
        66816  6.3224496971641509E-005
        67008  6.5693116062220581E-005
        67200  7.2693258947242436E-005
        67392  8.6209829530938542E-005
        67584  1.1108986005404908E-004
        67776  1.3154498133753422E-004
        67968  1.2726528425479244E-004
        68160  1.1913238389280697E-004
        68352  1.0764935715863945E-004
        68544  9.5762875189354577E-005
        68736  8.4620537225673655E-005
        68928  7.4687545477449422E-005
        69120  6.6941337696422334E-005
        69312  6.4719455347114210E-005
        69504  8.0399338525486533E-005
        69696  1.4375344901463354E-004
        69888  2.2604541754784902E-004
        70080  2.3723939085279401E-004
        70272  2.2191420468366683E-004
        70464  2.0865077856271197E-004
        70656  1.9676261186250783E-004
        70848  1.8538591148406240E-004
        71040  1.7468251706111935E-004
        71232  1.6532322265782999E-004
        71424  1.5566600140911720E-004
        71616  1.4630387086577112E-004
        71808  1.4071236488665713E-004
        72000  1.3826965925620808E-004
        72192  1.3777929014348173E-004
        72384  1.4011693727868427E-004
        72576  1.4551500254408653E-004
        72768  1.5345378801214743E-004
        72960  1.6143300115621748E-004
        73152  1.5445959723334895E-004
        73344  1.4430346031117143E-004
        73536  1.2964257689610970E-004
        73728  1.1752319236345960E-004
        73920  1.0659973462848810E-004
        74112  9.7728571910437597E-005
        74304  9.0971691292442201E-005
        74496  8.3433008731329352E-005
        74688  7.7213553866101780E-005
        74880  7.2000948633636340E-005
        75072  6.8073085830431518E-005
        75264  6.4993725157824839E-005
        75456  6.3156058020439828E-005
        75648  6.3154751810067474E-005
        75840  6.5580113443032209E-005
        76032  7.2793216196295952E-005
        76224  9.1407746050239206E-005
        76416  1.2815755748563900E-004
        76608  1.4454229254285070E-004
        76800  1.3584215297882614E-004
        76992  1.2306150115262270E-004
        77184  1.0966407849039683E-004
        77376  9.6459383566497702E-005
        77568  8.3396693778979089E-005
        77760  7.0322380230759471E-005
        77952  5.7762782185446506E-005
        78144  4.6208057435817423E-005
        78336  3.8649870118606732E-005
        78528  3.8294283057708928E-005
        78720  4.9022109170500865E-005
        78912  9.3929779185733880E-005
        79104  1.8431701435227716E-004
        79296  2.4767545282473999E-004
        79488  2.4127077247204022E-004
        79680  2.2719422958025252E-004
        79872  2.1372826448520763E-004
        80064  1.9789450226473612E-004
        80256  1.8121302285059284E-004
        80448  1.7201497298092330E-004
        80640  1.6698311477341272E-004
        80832  1.6278798932245668E-004
        81024  1.5916711908690566E-004
        81216  1.5558819049932740E-004
        81408  1.5188638128640675E-004
        81600  1.4886777998143622E-004
        81792  1.3949384483162762E-004
        81984  1.3216493993029079E-004
        82176  1.2178690382803492E-004
        82368  1.1329853397640281E-004
        82560  1.0547025620707413E-004
        82752  9.9721765194277505E-005
        82944  9.6767171041232966E-005
        83136  9.3398461568667553E-005
        83328  9.1942771887230235E-005
        83520  9.3636778077297615E-005
        83712  1.0027010239599055E-004
        83904  1.1002687579065478E-004
        84096  1.1502412720574880E-004
        84288  1.1038049038473199E-004
        84480  1.0454328228855236E-004
        84672  9.9727197585654072E-005
        84864  9.3960159049395726E-005
        85056  8.7236388656123591E-005
        85248  8.0578010038226001E-005
        85440  7.3567216525351016E-005
        85632  6.3065087166503582E-005
        85824  5.2312779921456976E-005
        86016  4.2706180116410597E-005
        86208  3.5167377868555623E-005
        86400  3.1839467993225564E-005
        86592  4.0465254077626417E-005
        86784  8.9595474503568204E-005
        86976  1.8400040952617510E-004
        87168  2.3664428625084285E-004
        87360  2.2439307915388495E-004
        87552  2.0911550755080483E-004
        87744  1.9592697402525994E-004
        87936  1.8414269480590016E-004
        88128  1.7288833057912983E-004
        88320  1.6232705892344043E-004
        88512  1.5312198687294102E-004
        88704  1.4356948647594879E-004
        88896  1.3434153458705719E-004
        89088  1.2905166252680019E-004
        89280  1.2690102157280673E-004
        89472  1.2644853522350493E-004
        89664  1.2824336743875423E-004
        89856  1.3217325414361194E-004
        90048  1.3762672536136181E-004
        90240  1.4282609285382037E-004
        90432  1.3672855936827034E-004
        90624  1.2917137779211020E-004
        90816  1.1774900996871481E-004
        91008  1.0792602322060610E-004
        91200  9.8614853991859340E-005
        91392  9.0452354880413203E-005
        91584  8.4398221698814066E-005
        91776  7.7370201790708613E-005
        91968  7.1616614512312902E-005
        92160  6.6659033348151456E-005
        92352  6.3284332791354572E-005
        92544  6.1147776260385523E-005
        92736  6.1183365104423989E-005
        92928  6.4703121877527961E-005
        93120  7.3450367415507588E-005
        93312  8.8974153677600178E-005
        93504  1.1415169087904412E-004
        93696  1.2911949180644379E-004
        93888  1.2326076750375660E-004
        94080  1.1523480900220487E-004
        94272  1.0389996210812929E-004
        94464  9.2236858186989262E-005
        94656  8.1458131467354315E-005
        94848  7.2157680477251811E-005
        95040  6.5625029108965546E-005
        95232  6.6513968240913653E-005
        95424  9.3409351659126582E-005
        95616  1.6942736132505485E-004
        95808  2.3773432818795608E-004
        96000  2.3280803391434213E-004
        96192  2.1751426190018614E-004
        96384  2.0430818827788471E-004
        96576  1.9248834115585643E-004
        96768  1.8118241071824110E-004
        96960  1.7055192239534938E-004
        97152  1.6128035386415765E-004
        97344  1.5173191582451521E-004
        97536  1.4256755368643903E-004
        97728  1.3733971552967595E-004
        97920  1.3560557874299354E-004
        98112  1.3651362775705559E-004
        98304  1.4111934530253029E-004
        98496  1.4902597765902844E-004
        98688  1.5792265431913298E-004
        98880  1.6297754402295125E-004
        99072  1.5180203074375596E-004
        99264  1.4060413510169837E-004
        99456  1.2580945500012934E-004
        99648  1.1377351818888705E-004
        99840  1.0296274829945884E-004
       100032  9.3828031299479037E-005
       100224  8.7081652841695039E-005
       100416  7.9371783358798316E-005
       100608  7.3117413018915223E-005
       100800  6.7640418759023357E-005
       100992  6.3619639987981083E-005
       101184  6.0483301817641182E-005
       101376  5.8517927427294523E-005
       101568  5.8222542588586575E-005
       101760  6.0039327554797887E-005
       101952  6.6154128251857326E-005
       102144  8.3294380564276604E-005
       102336  1.2186595554582545E-004
       102528  1.4897546850970684E-004
       102720  1.4149859283311847E-004
       102912  1.2846756820176426E-004
       103104  1.1486402166652780E-004
       103296  1.0142725685525697E-004
       103488  8.8097769387760540E-005
       103680  7.4702070635680712E-005
       103872  6.1708117795483734E-005
       104064  4.9458369779292703E-005
       104256  4.0558407836293911E-005
       104448  3.7376665823389684E-005
       104640  4.2420462772711072E-005
       104832  6.7321505202597477E-005
       105024  1.4255324094710443E-004
       105216  2.2797535857657731E-004
       105408  2.4636425726009642E-004
       105600  2.3195037704564457E-004
       105792  2.1794814260792995E-004
       105984  2.0126346879443873E-004
       106176  1.8361255886782896E-004
       106368  1.7399873692429854E-004
       106560  1.6874119380175430E-004
       106752  1.6431159657219452E-004
       106944  1.6040473998677775E-004
       107136  1.5644002861620222E-004
       107328  1.5216173967354604E-004
       107520  1.4815803196062589E-004
       107712  1.3716570237889693E-004
       107904  1.2836511798485577E-004
       108096  1.1651167199737331E-004
       108288  1.0694130071548808E-004
       108480  9.7848347727849054E-005
       108672  9.0860203725365551E-005
       108864  8.7035395432286114E-005
       109056  8.2595777239605539E-005
       109248  8.0385718236121833E-005
       109440  8.1768999380190155E-005
       109632  9.0203683889293236E-005
       109824  1.0782650136993103E-004
       110016  1.3000643257683132E-004
       110208  1.3197004062864365E-004
       110400  1.2095408364449891E-004
       110592  1.1283373440425434E-004
       110784  1.0573014140720071E-004
       110976  9.8366558871344778E-005
       111168  9.1082308545866719E-005
       111360  8.3391036618051881E-005
       111552  7.2102697428080357E-005
       111744  6.0363616921557823E-005
       111936  4.9378859932221853E-005
       112128  3.9693843606441106E-005
       112320  3.2684611803053071E-005
       112512  3.2406341489983217E-005
       112704  5.0573026525838802E-005
       112896  1.2303610261457686E-004
       113088  2.1113093279530987E-004
       113280  2.1825855214915312E-004
       113472  2.0272398775165508E-004
       113664  1.8934730750609988E-004
       113856  1.7744501234894853E-004
       114048  1.6617728694926209E-004
       114240  1.5578446146974741E-004
       114432  1.4718493627220207E-004
       114624  1.3981746294164133E-004
       114816  1.3675929905160233E-004
       115008  1.4122841215987372E-004
       115200  1.5056730978920790E-004
       115392  1.5958900935767983E-004
       115584  1.6345906637717908E-004
       115776  1.6158691557590995E-004
       115968  1.5734014083141400E-004
       116160  1.5266879267467642E-004
       116352  1.4154480868843044E-004
       116544  1.3202153208987749E-004
       116736  1.1939887747180780E-004
       116928  1.0856062161693573E-004
       117120  9.8228308758068899E-005
       117312  8.9568236567541239E-005
       117504  8.3463407224505348E-005
       117696  7.5996681395176254E-005
       117888  6.9911429961853680E-005
       118080  6.4556626228807495E-005
       118272  6.0933683127204707E-005
       118464  5.8552585115545287E-005
       118656  5.8239945021447736E-005
       118848  6.1237247752706314E-005
       119040  6.9694365781537655E-005
       119232  8.6447358358438174E-005
       119424  1.2064013525268734E-004
       119616  1.5816756057105411E-004
       119808  1.5526421321634972E-004
       120000  1.4504054997155970E-004
       120192  1.3179762808721758E-004
       120384  1.1793408720257277E-004
       120576  1.0423020404813877E-004
       120768  9.0609271504787768E-005
       120960  7.6860233208278595E-005
       121152  6.3362370857644379E-005
       121344  5.0236930614135955E-005
       121536  3.9495731294297186E-005
       121728  3.1929678380433620E-005
       121920  2.6523320679683213E-005
       122112  2.6820450492158111E-005
       122304  4.3557948247897633E-005
       122496  9.3452096416532580E-005
       122688  1.8006418463358998E-004
       122880  2.3732479550886036E-004
       123072  2.2988995192177453E-004
       123264  2.1042549869837093E-004
       123456  1.8946305432062695E-004
       123648  1.7867379528772965E-004
       123840  1.7307182961238905E-004
       124032  1.6837793684316952E-004
       124224  1.6422754258557366E-004
       124416  1.6002991398822149E-004
       124608  1.5551718631250219E-004
       124800  1.5118486642861642E-004
       124992  1.3880090990912066E-004
       125184  1.2880832899972360E-004
       125376  1.1550091075601234E-004
       125568  1.0509614522448432E-004
       125760  9.5476577262666384E-005
       125952  8.7975503407333489E-005
       126144  8.3702980144692547E-005
       126336  7.8705438732396292E-005
       126528  7.5836112233268466E-005
       126720  7.5884743774145945E-005
       126912  8.2795389520113968E-005
       127104  9.9472584165601565E-005
       127296  1.2245576274558676E-004
       127488  1.2844000199359424E-004
       127680  1.1835872276012650E-004
       127872  1.0986405221274527E-004
       128064  1.0265029735803228E-004
       128256  9.5349743377887267E-005
       128448  8.8141635317740550E-005
       128640  8.0556947636749838E-005
       128832  6.9449113431878303E-005
       129024  5.8028646210211542E-005
       129216  4.7652173763626423E-005
       129408  3.9202615581686111E-005
       129600  3.4718274187677149E-005
       129792  3.9942011800293752E-005
       129984  7.9134072603963658E-005
       130176  1.6746279282721670E-004
       130368  2.1031581954395574E-004
       130560  1.9630323610387288E-004
       130752  1.8150201549412302E-004
       130944  1.6895155620481376E-004
       131136  1.5793327980149978E-004
       131328  1.4754953098710392E-004
       131520  1.3807713994610330E-004
       131712  1.3070989012578434E-004
       131904  1.2559359132683894E-004
       132096  1.2644338675149843E-004
       132288  1.3496228765481994E-004
       132480  1.4717860553643253E-004
       132672  1.5676525481318589E-004
       132864  1.5830082174949112E-004
       133056  1.5512974795175362E-004
       133248  1.5064568292930000E-004
       133440  1.4598154524876958E-004
       133632  1.3516078657294114E-004
       133824  1.2595059073067805E-004
       134016  1.1372060944678734E-004
       134208  1.0318213233716120E-004
       134400  9.3140434642152625E-005
       134592  8.4604488207488018E-005
       134784  7.8640480391636998E-005
       134976  7.1276970377000365E-005
       135168  6.5172299379495985E-005
       135360  5.9684725257783632E-005
       135552  5.5931683936067100E-005
       135744  5.3319919608716266E-005
       135936  5.2388267504404445E-005
       136128  5.4057115990928777E-005
       136320  6.0050240413417150E-005
       136512  7.3675220070184978E-005
       136704  1.0460351142462952E-004
       136896  1.5197413416445546E-004
       137088  1.6084111720967578E-004
       137280  1.5010737634224680E-004
       137472  1.3667825118294534E-004
       137664  1.2266742472506216E-004
       137856  1.0879853785890785E-004
       138048  9.4995244250894542E-005
       138240  8.1048589585942744E-005
       138432  6.7333544410742290E-005
       138624  5.3959259995112445E-005
       138816  4.2888716143666754E-005
       139008  3.4778167271822334E-005
       139200  2.8187368296368917E-005
       139392  2.5374468328343040E-005
       139584  3.5206540962790149E-005
       139776  6.8318380857176355E-005
       139968  1.4342012068346282E-004
       140160  2.2040015721331094E-004
       140352  2.3402094041781733E-004
       140544  2.1349557509238402E-004
       140736  1.9106860709883287E-004
       140928  1.7970708931545705E-004
       141120  1.7390629790621330E-004
       141312  1.6904787151963966E-004
       141504  1.6473217136149732E-004
       141696  1.6035388734186054E-004
       141888  1.5562472425181142E-004
       142080  1.5096747991278953E-004
       142272  1.3772166484790261E-004
       142464  1.2699863333781608E-004
       142656  1.1295775155967511E-004
       142848  1.0203348738075112E-004
       143040  9.2062014771494412E-005
       143232  8.4188732688068041E-005
       143424  7.9415622576802419E-005
       143616  7.3807745105215490E-005
       143808  7.0305395983391027E-005
       144000  6.9654232251503342E-005
       144192  7.5463601633754039E-005
       144384  9.0963627163454487E-005
       144576  1.1656557203481808E-004
       144768  1.3321508578262450E-004
       144960  1.2754359811292698E-004
       145152  1.1677349554731332E-004
       145344  1.0876631285446410E-004
       145536  1.0122890981713586E-004
       145728  9.3804903777234798E-005
       145920  8.5987187687240534E-005
       146112  7.4601694516177532E-005
       146304  6.2812188692782734E-005
       146496  5.1875203824102596E-005
       146688  4.2441956518070515E-005
       146880  3.6081565743882997E-005
       147072  3.7111156710287729E-005
       147264  5.9780187687926589E-005
       147456  1.3532816773334877E-004
       147648  1.9975166911055921E-004
       147840  1.9135927350440047E-004
       148032  1.7667325740603753E-004
       148224  1.6425226875827498E-004
       148416  1.5334803377297515E-004
       148608  1.4301499531293562E-004
       148800  1.3343535480296975E-004
       148992  1.2546085560443423E-004
       149184  1.1786018417442670E-004
       149376  1.1230625411306367E-004
       149568  1.1304940630664026E-004
       149760  1.2086805702235370E-004
       149952  1.3408131317895595E-004
       150144  1.4879820431075647E-004
       150336  1.5755478191788798E-004
       150528  1.5610631631099686E-004
       150720  1.5126428431102361E-004
       150912  1.3752454988630045E-004
       151104  1.2664903604574844E-004
       151296  1.1292406097166166E-004
       151488  1.0191574342422179E-004
       151680  9.1703198441195279E-005
       151872  8.3037044570053375E-005
       152064  7.7035936333593217E-005
       152256  6.9611223007192772E-005
       152448  6.3508882376781710E-005
       152640  5.7959102433448725E-005
       152832  5.4146613240839531E-005
       153024  5.1467750825993589E-005
       153216  5.0365122962302446E-005
       153408  5.1646123466612937E-005
       153600  5.6834075203857395E-005
       153792  6.8974592126664440E-005
       153984  9.7325425304586465E-005
       154176  1.4013368386560520E-004
       154368  1.4667048114576511E-004
       154560  1.3654484948076332E-004
       154752  1.2344717150842974E-004
       154944  1.0975480972318648E-004
       155136  9.6229015547346698E-005
       155328  8.2791619800380738E-005
       155520  6.9231013478210723E-005
       155712  5.5935524082051857E-005
       155904  4.3041560445559031E-005
       156096  3.2615964580230073E-005
       156288  2.5566782106313749E-005
       156480  2.1190653144775930E-005
       156672  2.3790159914108628E-005
       156864  4.4589240413316861E-005
       157056  1.0580616137034925E-004
       157248  1.9395657425569715E-004
       157440  2.3570775127362416E-004
       157632  2.2281341175091823E-004
       157824  2.0358021899580424E-004
       158016  1.8297972178697594E-004
       158208  1.7239279044256435E-004
       158400  1.6691871857740605E-004
       158592  1.6236492770036029E-004
       158784  1.5837319725356121E-004
       158976  1.5435256130261307E-004
       159168  1.5004834628931784E-004
       159360  1.4592183519956383E-004
       159552  1.3362575081365835E-004
       159744  1.2386959577327894E-004
       159936  1.1068822758043622E-004
       160128  1.0034261610658980E-004
       160320  9.0882677388663745E-005
       160512  8.3538031608143659E-005
       160704  7.9575775941365166E-005
       160896  7.4878471718031251E-005
       161088  7.2445891574381572E-005
       161280  7.3178128492337765E-005
       161472  8.0965949549470541E-005
       161664  9.8107465206546409E-005
       161856  1.1879600918913729E-004
       162048  1.2005501500730631E-004
       162240  1.0995614225174596E-004
       162432  1.0230948625653654E-004
       162624  9.5495944941668430E-005
       162816  8.8350071303352619E-005
       163008  8.1283580796066840E-005
       163200  7.3835544381928316E-005
       163392  6.2871341998894091E-005
       163584  5.1586313160218227E-005
       163776  4.1308006263204031E-005
       163968  3.2876162261958835E-005
       164160  2.8257788759269092E-005
       164352  3.2949878724195309E-005
       164544  7.0030527635340291E-005
       164736  1.5912343693587762E-004
       164928  2.1008690454632113E-004
       165120  1.9713971747917607E-004
       165312  1.8224279573706280E-004
       165504  1.6959239760695521E-004
       165696  1.5849131997099737E-004
       165888  1.4807499850050314E-004
       166080  1.3867859346286302E-004
       166272  1.3165380966469935E-004
       166464  1.2749348857038105E-004
       166656  1.2930221226967414E-004
       166848  1.3666731657240770E-004
       167040  1.4527890887228135E-004
       167232  1.4979179458036643E-004
       167424  1.4926199802969972E-004
       167616  1.4625473009334099E-004
       167808  1.4218405474368976E-004
       168000  1.3788437624198349E-004
       168192  1.2811497726067145E-004
       168384  1.1976937227133453E-004
       168576  1.0804495941441252E-004
       168768  9.7977242256661008E-005
       168960  8.8030268212530618E-005
       169152  7.9415163823762469E-005
       169344  7.3365223051043604E-005
       169536  6.5951090492911727E-005
       169728  5.9938921585747522E-005
       169920  5.4405589586527439E-005
       170112  5.1033037502734239E-005
       170304  4.9039453160142958E-005
       170496  4.9407479181256221E-005
       170688  5.3680290149980127E-005
       170880  6.4192124503812667E-005
       171072  8.3510857480099219E-005
       171264  1.1997515004889264E-004
       171456  1.5366293124731103E-004
       171648  1.4816853736086951E-004
       171840  1.3806726674234202E-004
       172032  1.2490954895937905E-004
       172224  1.1114076607566349E-004
       172416  9.7539002810213368E-005
       172608  8.4024731227375153E-005
       172800  7.0383439878596432E-005
