          192 -1.1281548404363036E-004
          384 -8.4922735818457554E-005
          576 -6.3215751715900786E-005
          768 -3.5953434285907399E-005
          960  9.0801950519014538E-006
         1152  6.4911967320870650E-005
         1344  9.7172984851079714E-005
         1536  9.3903383276007244E-005
         1728  8.8401137387848381E-005
         1920  8.5158156219980149E-005
         2112  8.2528993945069824E-005
         2304  8.1479636464923757E-005
         2496  8.3857381822650964E-005
         2688  8.7526985562861792E-005
         2880  8.7146535189041734E-005
         3072  8.5718937362762925E-005
         3264  7.9846015483599247E-005
         3456  6.7173682605957912E-005
         3648  5.0825266441959433E-005
         3840  3.4700946217208458E-005
         4032  1.9022927181413740E-005
         4224  1.2835972892899060E-007
         4416 -1.8665804816371054E-005
         4608 -3.1633286975805370E-005
         4800 -1.0981750011343303E-005
         4992  2.1803448875073252E-004
         5184  3.0239422048770372E-004
         5376  2.6419176394315818E-004
         5568  2.2999379396016831E-004
         5760  2.0474938401457855E-004
         5952  1.8166413811714858E-004
         6144  1.6028968643261860E-004
         6336  1.4701596399123622E-004
         6528  1.4148012666167034E-004
         6720  1.3722111949818531E-004
         6912  1.3699731235132463E-004
         7104  1.5547487485475541E-004
         7296  1.8844830830593181E-004
         7488  2.0976042156260242E-004
         7680  2.0272427197547363E-004
         7872  1.9022647119557186E-004
         8064  1.8073261580125099E-004
         8256  1.7000714459554955E-004
         8448  1.6196055973804300E-004
         8640  1.5290343557340769E-004
         8832  1.4977964120759427E-004
         9024  1.3964604855165626E-004
         9216  1.3319070567086597E-004
         9408  1.2903467536805796E-004
         9600  1.2539834748451518E-004
         9792  1.2201677441629081E-004
         9984  1.1895400856852257E-004
        10176  1.1668950239411528E-004
        10368  1.1801613319817633E-004
        10560  1.3348487386822297E-004
        10752  2.0758568788241117E-004
        10944  3.6011024901980718E-004
        11136  3.7292967044500906E-004
        11328  3.4732328266214176E-004
        11520  3.2447669654219960E-004
        11712  3.0163648243544981E-004
        11904  2.7907879299108462E-004
        12096  2.5487714204298266E-004
        12288  2.2917466628937682E-004
        12480  2.0399515272414578E-004
        12672  1.7930307395629190E-004
        12864  1.5199575959399687E-004
        13056  1.2436326035207733E-004
        13248  9.8645647011289463E-005
        13440  7.7438153738501421E-005
        13632  6.7696994319792962E-005
        13824  7.4768559547338449E-005
        14016  8.7655265381046105E-005
        14208  8.1854198066601253E-005
        14400  7.5473188226868012E-005
        14592  7.1459124499679739E-005
        14784  7.6886043207582771E-005
        14976  1.0661518530758515E-004
        15168  1.3992671785669286E-004
        15360  1.4845470540839084E-004
        15552  1.5446161413904447E-004
        15744  1.6542462609701571E-004
        15936  1.6843102780594055E-004
        16128  1.7060357665488231E-004
        16320  1.7490797474142090E-004
        16512  1.7937862694969390E-004
        16704  1.7828788676810123E-004
        16896  1.7970383148350428E-004
        17088  1.7430671654583479E-004
        17280  1.7302145954723911E-004
        17472  1.6854723218998716E-004
        17664  1.6241637891848760E-004
        17856  1.5861510172476948E-004
        18048  1.5611555646585846E-004
        18240  1.5833172623355794E-004
        18432  1.6639054354842967E-004
        18624  1.8208357595148739E-004
        18816  2.1135840415485374E-004
        19008  2.3461198172898000E-004
        19200  2.3407914895152981E-004
        19392  2.2815656741831145E-004
        19584  2.2035880657067706E-004
        19776  2.1211952789471962E-004
        19968  2.0046549777837037E-004
        20160  1.8154945666936490E-004
        20352  1.6268428915349297E-004
        20544  1.4475375424136434E-004
        20736  1.2549487988513182E-004
        20928  1.0523252647782984E-004
        21120  8.6467898627479853E-005
        21312  6.9171682791416999E-005
        21504  4.9833038583555427E-005
        21696  3.1179931175256132E-005
        21888  1.5732386298371889E-005
        22080  8.3032245662932309E-006
        22272  4.5435569275058443E-005
        22464  2.8381105651871226E-004
        22656  3.3830681676583614E-004
        22848  3.0216628790380337E-004
        23040  2.7372406184409477E-004
        23232  2.4722326058185251E-004
        23424  2.2234191439602291E-004
        23616  2.0499380427584088E-004
        23808  1.9495413627993932E-004
        24000  1.8568703404192217E-004
        24192  1.7670123357771164E-004
        24384  1.7255576510887707E-004
        24576  1.7419992190012757E-004
        24768  1.7993745325578468E-004
        24960  1.8730003178609933E-004
        25152  1.9981164982613042E-004
        25344  2.0073403852218061E-004
        25536  2.0266962427862930E-004
        25728  1.9454947141278966E-004
        25920  1.9153906294982039E-004
        26112  1.8289065585398801E-004
        26304  1.7561742370779163E-004
        26496  1.6778780388533736E-004
        26688  1.6045692470225046E-004
        26880  1.5513296103086537E-004
        27072  1.5226245513088422E-004
        27264  1.5441472882545177E-004
        27456  1.6872715487857090E-004
        27648  1.9887488141713324E-004
        27840  2.4796747932471597E-004
        28032  2.7100845196605512E-004
        28224  2.5991952878819905E-004
        28416  2.4754920385915293E-004
        28608  2.3271270285495346E-004
        28800  2.1163004272195591E-004
        28992  1.9081616692280943E-004
        29184  1.7093244550342714E-004
        29376  1.4970953707671653E-004
        29568  1.2738565217961675E-004
        29760  1.0644157498196449E-004
        29952  8.7221640323455999E-005
        30144  6.7363119656053321E-005
        30336  5.1523382137734407E-005
        30528  4.3218292173491562E-005
        30720  4.1382755046225756E-005
        30912  4.6594530260057368E-005
        31104  8.0663991778758074E-005
        31296  1.4253753466386937E-004
        31488  1.2978832088574718E-004
        31680  1.1525268205962165E-004
        31872  1.0221710666012980E-004
        32064  9.0154256458322018E-005
        32256  8.5956622923132118E-005
        32448  8.9129100330681744E-005
        32640  9.4186571118972490E-005
        32832  1.0405924569447438E-004
        33024  1.1939044266015984E-004
        33216  1.3329310754879329E-004
        33408  1.6078214936267722E-004
        33600  1.8198231326890145E-004
        33792  1.9092845109214491E-004
        33984  1.8742131592235586E-004
        34176  1.8796911794731897E-004
        34368  1.8138813552670972E-004
        34560  1.7933396679702950E-004
        34752  1.7135896793981097E-004
        34944  1.6569392395708338E-004
        35136  1.5812814240086554E-004
        35328  1.5238861956957961E-004
        35520  1.4857706990897132E-004
        35712  1.4670779807342439E-004
        35904  1.4713889089333726E-004
        36096  1.5137753317515798E-004
        36288  1.6213483466757209E-004
        36480  1.8503069615684163E-004
        36672  2.2966794033701287E-004
        36864  2.7868183799624404E-004
        37056  2.8192969095213296E-004
        37248  2.6600391384856519E-004
        37440  2.4402405411351339E-004
        37632  2.2216299853568342E-004
        37824  2.0102828705489500E-004
        38016  1.7843790037175037E-004
        38208  1.5455197332222949E-004
        38400  1.3161969446018427E-004
        38592  1.0972163985879488E-004
        38784  8.6895454539815469E-005
        38976  7.6918494701361972E-005
        39168  1.3571042655387345E-004
        39360  2.4640915825925260E-004
        39552  2.2080634993598119E-004
        39744  1.8852575193931928E-004
        39936  1.5705777772737531E-004
        40128  1.3044959597785771E-004
        40320  1.1396884554516229E-004
        40512  9.9460167967914588E-005
        40704  8.6818987815336522E-005
        40896  8.4899707083689290E-005
        41088  1.0001726030433957E-004
        41280  1.3967135071026902E-004
        41472  1.8037277462271559E-004
        41664  1.9006967224732049E-004
        41856  1.9003972746635606E-004
        42048  1.8990662823249247E-004
        42240  1.8797374920218610E-004
        42432  1.8847127016603010E-004
        42624  1.8216784866114738E-004
        42816  1.8099575081815362E-004
        43008  1.7404259992771890E-004
        43200  1.7059357855883306E-004
        43392  1.6278442372381934E-004
        43584  1.5681172508797523E-004
        43776  1.4845298587136109E-004
        43968  1.4208647591046648E-004
        44160  1.3717007052162713E-004
        44352  1.3367001349857805E-004
        44544  1.3298383774449336E-004
        44736  1.4149749664243560E-004
        44928  1.6784232638091104E-004
        45120  2.2665967333153841E-004
        45312  3.2285885367252268E-004
        45504  3.2856125225239145E-004
        45696  3.1170974101068805E-004
        45888  2.9455432030961454E-004
        46080  2.7232609390981751E-004
        46272  2.5010896761568438E-004
        46464  2.2844767662323702E-004
        46656  2.0526195057185478E-004
        46848  1.8071754220925780E-004
        47040  1.5699381950505208E-004
        47232  1.3410753619778318E-004
        47424  1.0906465568150956E-004
        47616  8.5447808633974543E-005
        47808  6.9087331342680653E-005
        48000  7.1707008575712944E-005
        48192  1.0392982707789319E-004
        48384  1.2787110212320065E-004
        48576  1.0894039639158160E-004
        48768  8.7932788683940473E-005
        48960  7.6905492034461240E-005
        49152  6.7204870182204263E-005
        49344  5.8317024696270905E-005
        49536  5.7964187418275197E-005
        49728  7.0544708884460471E-005
        49920  1.1378555443867605E-004
        50112  1.7163396157245523E-004
        50304  1.8420775450257162E-004
        50496  1.8544474706352172E-004
        50688  1.8680031325844849E-004
        50880  1.8876434663574998E-004
        51072  1.9137531698639623E-004
        51264  1.8771527288963466E-004
        51456  1.8777462120228889E-004
        51648  1.8153485997130699E-004
        51840  1.7859295742976070E-004
        52032  1.7043544741268972E-004
        52224  1.6486102315950253E-004
        52416  1.5697245197865498E-004
        52608  1.5190423862930085E-004
        52800  1.4953616470640563E-004
        52992  1.4977500541224416E-004
        53184  1.5358480995017625E-004
        53376  1.6264660109684966E-004
        53568  1.8192222281387848E-004
        53760  2.1303002832319263E-004
        53952  2.6339859699736894E-004
        54144  2.9390449503411759E-004
        54336  2.8248110377966152E-004
        54528  2.6610617280595466E-004
        54720  2.4409620951447786E-004
        54912  2.2219732982168848E-004
        55104  2.0101435855533024E-004
        55296  1.7836438356774820E-004
        55488  1.5441712783286445E-004
        55680  1.3148580272984839E-004
        55872  1.1005493173985695E-004
        56064  9.0936730232961404E-005
        56256  9.9217484482190134E-005
        56448  1.7877211736885858E-004
        56640  1.9169131329168553E-004
        56832  1.6138913585537481E-004
        57024  1.3220688128920860E-004
        57216  1.0399906802994706E-004
        57408  8.1051701524904689E-005
        57600  6.8816516966490679E-005
        57792  5.8735598159551132E-005
        57984  5.1885980543124590E-005
        58176  6.1802024883658585E-005
        58368  1.0281755184195782E-004
        58560  1.6229974857128214E-004
        58752  1.7806007611489104E-004
        58944  1.8144962756864034E-004
        59136  1.8166926820639934E-004
        59328  1.8197250625677345E-004
        59520  1.8077228261072123E-004
        59712  1.8165021536960279E-004
        59904  1.7612067219899106E-004
        60096  1.7496870932692137E-004
        60288  1.6891726149414487E-004
        60480  1.6582489951690334E-004
        60672  1.5771376370555911E-004
        60864  1.5193288708098676E-004
        61056  1.4375358219571584E-004
        61248  1.3785515493884364E-004
        61440  1.3416468085998966E-004
        61632  1.3405867350116269E-004
        61824  1.4235383424996429E-004
        62016  1.6452262554454979E-004
        62208  2.1259630872670025E-004
        62400  2.6277109866647697E-004
        62592  2.6786237093936603E-004
        62784  2.5459143449188353E-004
        62976  2.4223521079326068E-004
        63168  2.2757959552377057E-004
        63360  2.0666192113017235E-004
        63552  1.8604804187156244E-004
        63744  1.6636803978580545E-004
        63936  1.4529531946215314E-004
        64128  1.2299224159008032E-004
        64320  1.0178013921012630E-004
        64512  8.1597711558248302E-005
        64704  5.9208676711012170E-005
        64896  3.8639615708729099E-005
        65088  2.9094037548135438E-005
        65280  6.3080913804838370E-005
        65472  1.9089225493666262E-004
        65664  2.0827083995908428E-004
        65856  1.7955874772350428E-004
        66048  1.5494153599603870E-004
        66240  1.3964663977945811E-004
        66432  1.2572902048227613E-004
        66624  1.1266595034401029E-004
        66816  1.0719987934533991E-004
        67008  1.0899260200521426E-004
        67200  1.1309304060700400E-004
        67392  1.2329502007098572E-004
        67584  1.4030600700319090E-004
        67776  1.5595344331063472E-004
        67968  1.8639086639016025E-004
        68160  2.0821114825679278E-004
        68352  2.1478442834390034E-004
        68544  2.0483299118474499E-004
        68736  2.0134896528894248E-004
        68928  1.9083120478783868E-004
        69120  1.8484189993584041E-004
        69312  1.7405370975257263E-004
        69504  1.6610778844506279E-004
        69696  1.5592740840878407E-004
        69888  1.4907156934564661E-004
        70080  1.4403022785949079E-004
        70272  1.4105291413578502E-004
        70464  1.4319899773568864E-004
        70656  1.5629890188234376E-004
        70848  1.8360632514839595E-004
        71040  2.2679162749028733E-004
        71232  2.4031135591790178E-004
        71424  2.2886857450417876E-004
        71616  2.1699128890672275E-004
        71808  2.0280319552051069E-004
        72000  1.8247334290723765E-004
        72192  1.6254506358641345E-004
        72384  1.4363993047553688E-004
        72576  1.2337799705214216E-004
        72768  1.0200347418784062E-004
        72960  8.2072938340465587E-005
        73152  6.3960298165403518E-005
        73344  4.5601285185844008E-005
        73536  3.4443146637544198E-005
        73728  3.9443750282223721E-005
        73920  5.3414600996906871E-005
        74112  6.1178979596068775E-005
        74304  5.8503133020023279E-005
        74496  4.8644873539282207E-005
        74688  3.8353376114086988E-005
        74880  3.6620329771683185E-005
        75072  3.6933947142229284E-005
        75264  4.1622524048436274E-005
        75456  5.8697329084898367E-005
        75648  8.2557205036967374E-005
        75840  9.9873245702935276E-005
        76032  1.1332055093129034E-004
        76224  1.2723921690874579E-004
        76416  1.3301862625615240E-004
        76608  1.3909790149057690E-004
        76800  1.4911788888183683E-004
        76992  1.5717259357813173E-004
        77184  1.5961505450323921E-004
        77376  1.6318460342680370E-004
        77568  1.6050899017978286E-004
        77760  1.5907621547624082E-004
        77952  1.5278888715102970E-004
        78144  1.4805127688680153E-004
        78336  1.4127542709442550E-004
        78528  1.3785310620869211E-004
        78720  1.3708506059038179E-004
        78912  1.3947666100330272E-004
        79104  1.4769999689166576E-004
        79296  1.6806890497060727E-004
        79488  2.0039012541285214E-004
        79680  2.2679801547161160E-004
        79872  2.3062161694940422E-004
        80064  2.2054515740009664E-004
        80256  2.0911374948715759E-004
        80448  1.9510835728326207E-004
        80640  1.7485292486164940E-004
        80832  1.5500707057420021E-004
        81024  1.3618325865158575E-004
        81216  1.1594033761814468E-004
        81408  9.4450810761469631E-005
        81600  7.4123945968174231E-005
        81792  5.5038385494382879E-005
        81984  3.5549242862212797E-005
        82176  3.4318763744504094E-005
        82368  1.5889731475641794E-004
        82560  3.3691274056075050E-004
        82752  3.0650024068536169E-004
        82944  2.7088497628944104E-004
        83136  2.3567819806769594E-004
        83328  2.0462187026556476E-004
        83520  1.8270551155369973E-004
        83712  1.6271744781399183E-004
        83904  1.4415754763157212E-004
        84096  1.3355769539927245E-004
        84288  1.3074122157852113E-004
        84480  1.3134479420428809E-004
        84672  1.4773584351578814E-004
        84864  1.8916292242098274E-004
        85056  2.1560928754308213E-004
        85248  2.2394369514782835E-004
        85440  2.1280831029066679E-004
        85632  2.0976931119275042E-004
        85824  1.9670040593047661E-004
        86016  1.9241849375595211E-004
        86208  1.8275889596640351E-004
        86400  1.7683501675605401E-004
        86592  1.6730018487893372E-004
        86784  1.5982436863254046E-004
        86976  1.5014521532762641E-004
        87168  1.4301881571504929E-004
        87360  1.3711546252030861E-004
        87552  1.3215108943595460E-004
        87744  1.2785732726410708E-004
        87936  1.2482950585564946E-004
        88128  1.2572089155461706E-004
        88320  1.3786951713406766E-004
        88512  1.9899763558283687E-004
        88704  3.4420912270255233E-004
        88896  3.6594556807733507E-004
        89088  3.4059922849055408E-004
        89280  3.1765401682128276E-004
        89472  2.9472030409278573E-004
        89664  2.7209537991050581E-004
        89856  2.4783063306024647E-004
        90048  2.2207486795849710E-004
        90240  1.9688174347639900E-004
        90432  1.7223134895011458E-004
        90624  1.4501375012055539E-004
        90816  1.1758902322498047E-004
        91008  9.2239955987763285E-005
        91200  7.1189712170749835E-005
        91392  5.9363206151825320E-005
        91584  5.8543766028914236E-005
        91776  6.4194814222831440E-005
        91968  6.0560941758092079E-005
        92160  5.6508055125799198E-005
        92352  6.0704267118789592E-005
        92544  8.7663169020420453E-005
        92736  1.3744000184818321E-004
        92928  1.4785981494315814E-004
        93120  1.4811829811084935E-004
        93312  1.5279259854361927E-004
        93504  1.6134499486924439E-004
        93696  1.6306853873788941E-004
        93888  1.6488077994950191E-004
        94080  1.6728683671600252E-004
        94272  1.7048769954930779E-004
        94464  1.6852856575174082E-004
        94656  1.6946736096129384E-004
        94848  1.6556427455507010E-004
        95040  1.6243341481319217E-004
        95232  1.5614698974804534E-004
        95424  1.5136007378086495E-004
        95616  1.4420078492676847E-004
        95808  1.4026182920013106E-004
        96000  1.3907286237169861E-004
        96192  1.4122294018974923E-004
        96384  1.4800207857925549E-004
        96576  1.6495898839590187E-004
        96768  1.9775775542692851E-004
        96960  2.3511545991772206E-004
        97152  2.5911213367574678E-004
        97344  2.5016407277809528E-004
        97536  2.3750475578590324E-004
        97728  2.2252315514832515E-004
        97920  2.0143366240314776E-004
        98112  1.8065077866821332E-004
        98304  1.6078742526529630E-004
        98496  1.3949261383032295E-004
        98688  1.1691813471361522E-004
        98880  9.5381567855806933E-005
        99072  7.4840689611047935E-005
        99264  5.2978220823743724E-005
        99456  4.4791705159854633E-005
        99648  1.2874090034545581E-004
        99840  2.9281407734298907E-004
       100032  2.6803850711753846E-004
       100224  2.3393007831615757E-004
       100416  2.0045383540106122E-004
       100608  1.7148512148895705E-004
       100800  1.5211683457676744E-004
       100992  1.3466874835067091E-004
       101184  1.1866763777813722E-004
       101376  1.1115407829856052E-004
       101568  1.1338808467667047E-004
       101760  1.2806616534103595E-004
       101952  1.7313228993678952E-004
       102144  2.0448498527986223E-004
       102336  2.0507996838050246E-004
       102528  2.0375689881774200E-004
       102720  1.9644229715604650E-004
       102912  1.9485925625390283E-004
       103104  1.8431058170072223E-004
       103296  1.8064665089276351E-004
       103488  1.7179900816624870E-004
       103680  1.6600981216511953E-004
       103872  1.5679450344525077E-004
       104064  1.4913621910842305E-004
       104256  1.3981852455648014E-004
       104448  1.3283488252010351E-004
       104640  1.2687197598909778E-004
       104832  1.2170510952065421E-004
       105024  1.1742791742890464E-004
       105216  1.1565257970446684E-004
       105408  1.2267404066629504E-004
       105600  1.5065123949622745E-004
       105792  2.5266555861127909E-004
       105984  3.7669241922053972E-004
       106176  3.6194262642272437E-004
       106368  3.4070390259349629E-004
       106560  3.1804208263547744E-004
       106752  2.9525812089236698E-004
       106944  2.7273752931170926E-004
       107136  2.4853149712142960E-004
       107328  2.2278840056629514E-004
       107520  1.9755299736867610E-004
       107712  1.7279958512996668E-004
       107904  1.4542886322412498E-004
       108096  1.1788029793189810E-004
       108288  9.2849781921781519E-005
       108480  7.4085106508675787E-005
       108672  7.0302782794878186E-005
       108864  8.4151545658605906E-005
       109056  9.2336945878956382E-005
       109248  8.0656187073685246E-005
       109440  7.3039986831947149E-005
       109632  6.6625097083678939E-005
       109824  6.4394531567714332E-005
       110016  8.4053967474701795E-005
       110208  1.2341892956800349E-004
       110400  1.4423468726781414E-004
       110592  1.5236513804858258E-004
       110784  1.6289535749235712E-004
       110976  1.6527367863229000E-004
       111168  1.6761648314135905E-004
       111360  1.7287162622693365E-004
       111552  1.7649014898200215E-004
       111744  1.7465606821145786E-004
       111936  1.7503270526519858E-004
       112128  1.7009977512408246E-004
       112320  1.6598683984702953E-004
       112512  1.5868113850812260E-004
       112704  1.5287074764388578E-004
       112896  1.4524022358707007E-004
       113088  1.4119551476851277E-004
       113280  1.3961118700465578E-004
       113472  1.4145145197738134E-004
       113664  1.4850084474160802E-004
       113856  1.6729262421658625E-004
       114048  2.0143078487959101E-004
       114240  2.3494137873160685E-004
       114432  2.4574304900981913E-004
       114624  2.3552023411425014E-004
       114816  2.2352442115158324E-004
       115008  2.0903728544202220E-004
       115200  1.8833548134181987E-004
       115392  1.6798680165146986E-004
       115584  1.4860891364498906E-004
       115776  1.2780453990352624E-004
       115968  1.0573190644324668E-004
       116160  8.4735679595795025E-005
       116352  6.4683053811201416E-005
       116544  4.2266954778602437E-005
       116736  2.3640900702767047E-005
       116928  4.0563979647030995E-005
       117120  2.4460837592225643E-004
       117312  3.4175820644603903E-004
       117504  3.0548653851231503E-004
       117696  2.6931593295561598E-004
       117888  2.3689952995879681E-004
       118080  2.1310838935004127E-004
       118272  1.9119567099971956E-004
       118464  1.7070849312293560E-004
       118656  1.5795537128108974E-004
       118848  1.5265903163597821E-004
       119040  1.4905731957260427E-004
       119232  1.5143063101008555E-004
       119424  1.7103162210417068E-004
       119616  1.9589238032788973E-004
       119808  2.1048519853575335E-004
       120000  2.0739405351968165E-004
       120192  2.0945411006090861E-004
       120384  1.9951463591268501E-004
       120576  1.9661490431010961E-004
       120768  1.8761601374165090E-004
       120960  1.8063643473164369E-004
       121152  1.7195815414484261E-004
       121344  1.6442804517727001E-004
       121536  1.5486956372171565E-004
       121728  1.4822515743962388E-004
       121920  1.4338539290633529E-004
       122112  1.4029164720383427E-004
       122304  1.3937172231592238E-004
       122496  1.4195520400143833E-004
       122688  1.4898252556769871E-004
       122880  1.6365773016620131E-004
       123072  1.9128968527507535E-004
       123264  2.0993705413112153E-004
       123456  2.2772733746494794E-004
       123648  2.5643978702661539E-004
       123840  2.5289637785184103E-004
       124032  2.3212516543752025E-004
       124224  2.1108190337247834E-004
       124416  1.8850154283034932E-004
       124608  1.6455599169547857E-004
       124800  1.4141888149342321E-004
       124992  1.1894435439028627E-004
       125184  9.3631940544107358E-005
       125376  6.7772372440413716E-005
       125568  4.3700556843178587E-005
       125760  2.9640142961855608E-005
       125952  9.3418557149246178E-005
       126144  3.0878074696405895E-004
       126336  3.0094002728346832E-004
       126528  2.6667647021797185E-004
       126720  2.4058841087134714E-004
       126912  2.1639031853950977E-004
       127104  1.9372606048025372E-004
       127296  1.7882121542883210E-004
       127488  1.7175816526065536E-004
       127680  1.6817934871657625E-004
       127872  1.7732271121820853E-004
       128064  2.0401484239888725E-004
       128256  2.1800033817186645E-004
       128448  2.1997466089853149E-004
       128640  2.1078805211455155E-004
       128832  2.0845370605704277E-004
       129024  1.9769658049908389E-004
       129216  1.9361854020699416E-004
       129408  1.8469230322437025E-004
       129600  1.7781391346234109E-004
       129792  1.6848907666795054E-004
       129984  1.6048147224811439E-004
       130176  1.5057308852631427E-004
       130368  1.4314325854150541E-004
       130560  1.3680671791179485E-004
       130752  1.3110806525010703E-004
       130944  1.2592588911727363E-004
       131136  1.2135440870323875E-004
       131328  1.1778790534266297E-004
       131520  1.1774211439607167E-004
       131712  1.3328826664275366E-004
       131904  2.2851899716408618E-004
       132096  3.8788460607236272E-004
       132288  4.0457040803720915E-004
       132480  3.7860217882788980E-004
       132672  3.5454983588529122E-004
       132864  3.3073763322988677E-004
       133056  3.0528273391651386E-004
       133248  2.7824103479529548E-004
       133440  2.5145337265459003E-004
       133632  2.2487721470007834E-004
       133824  1.9554612886054011E-004
       134016  1.6540375961723007E-004
       134208  1.3603869483730063E-004
       134400  1.0834348097805468E-004
       134592  8.5343379606122780E-005
       134784  7.0173981355020989E-005
       134976  7.4653556781074362E-005
       135168  1.0622372594922569E-004
       135360  1.1712425042980805E-004
       135552  1.0675490060322669E-004
       135744  9.6123381295561586E-005
       135936  9.3242280160438129E-005
       136128  9.9502919842152517E-005
       136320  1.1908690651409813E-004
       136512  1.6584146134077354E-004
       136704  1.9480049724742094E-004
       136896  1.9676303169705693E-004
       137088  1.9674731737498550E-004
       137280  1.9551289413460136E-004
       137472  1.9582670350248111E-004
       137664  1.8895762945141112E-004
       137856  1.8589306756071846E-004
       138048  1.7845594487332452E-004
       138240  1.7201458436195499E-004
       138432  1.6314541287514348E-004
       138624  1.5542973662157285E-004
       138816  1.4588599276834006E-004
       139008  1.3931860615513152E-004
       139200  1.3495028273938738E-004
       139392  1.3447415085532556E-004
       139584  1.4138725000352898E-004
       139776  1.5944022232098354E-004
       139968  1.9726627844011125E-004
       140160  2.2536194765697615E-004
       140352  2.2157261614467924E-004
       140544  2.1136766288230876E-004
       140736  2.0137975619381016E-004
       140928  1.8885401504114497E-004
       141120  1.6993542568499216E-004
       141312  1.5143339665075605E-004
       141504  1.3413665811700610E-004
       141696  1.1586571519251966E-004
       141888  9.7392849115302829E-005
       142080  8.2402134578459137E-005
       142272  7.2838639554032437E-005
       142464  6.5175810834873418E-005
       142656  5.7110390129111139E-005
       142848  4.5397812347078242E-005
       143040  2.9109214283147953E-005
       143232  1.2250156757026028E-005
       143424 -4.8794710779101721E-006
       143616 -2.1811826842922630E-005
       143808 -3.3197957699257125E-005
       144000 -3.0653879947059662E-005
       144192  2.5665953251181967E-006
       144384  2.2985859822365355E-004
       144576  3.3575672617610356E-004
       144768  3.1580368478444115E-004
       144960  2.9301466505119133E-004
       145152  2.6105382545665878E-004
       145344  2.3234583633629710E-004
       145536  2.2719378588735082E-004
       145728  2.2403577872414995E-004
       145920  2.0844247378297784E-004
       146112  2.0587242254081048E-004
       146304  1.9446020252918459E-004
       146496  1.9088624186894808E-004
       146688  1.8189748252247552E-004
       146880  1.7497107098533388E-004
       147072  1.6615082816356442E-004
       147264  1.5816372106589296E-004
       147456  1.4877267200888111E-004
       147648  1.4270242053831048E-004
       147840  1.3858993439791901E-004
       148032  1.3664456488974639E-004
       148224  1.3806315905383901E-004
       148416  1.4389946395747624E-004
       148608  1.5711378929538175E-004
       148800  1.8200827593526232E-004
       148992  2.2989360827346681E-004
       149184  2.8116553670210002E-004
       149376  2.8564443309604030E-004
       149568  2.6921730261983618E-004
       149760  2.4718134152843045E-004
       149952  2.2524799579814512E-004
       150144  2.0398814325351642E-004
       150336  1.8122523475393745E-004
       150528  1.5711160736784122E-004
       150720  1.3387388609358217E-004
       150912  1.1149952481699153E-004
       151104  8.7372582413866974E-005
       151296  7.1166336500296055E-005
       151488  1.0697308154039186E-004
       151680  2.3500632702886940E-004
       151872  2.2510439992557357E-004
       152064  1.9233654611298208E-004
       152256  1.6033523346864435E-004
       152448  1.3314372808804172E-004
       152640  1.1603812082670045E-004
       152832  1.0086526832739783E-004
       153024  8.7368445053973012E-005
       153216  8.3858419613550133E-005
       153408  9.5270294273675266E-005
       153600  1.3036318698378429E-004
       153792  1.7603874118121671E-004
       153984  1.8885637601443955E-004
       154176  1.8866393053450364E-004
       154368  1.8842281161032839E-004
       154560  1.8537923669147686E-004
       154752  1.8507841218429118E-004
       154944  1.7768395986766071E-004
       155136  1.7517926939525710E-004
       155328  1.6790890014479646E-004
       155520  1.6159671861878873E-004
       155712  1.5362785610342322E-004
       155904  1.4640934316891401E-004
       156096  1.3692464930084648E-004
       156288  1.2953972789470289E-004
       156480  1.2311606354774198E-004
       156672  1.1777618334433467E-004
       156864  1.1364775938133900E-004
       157056  1.1285923921710378E-004
       157248  1.2242804865170029E-004
       157440  1.5486046879841501E-004
       157632  2.7388956490878612E-004
       157824  3.7968394801331045E-004
       158016  3.5636045811957164E-004
       158208  3.3571728604902661E-004
       158400  3.1310338339220201E-004
       158592  2.9037270253615566E-004
       158784  2.6792019953355558E-004
       158976  2.4378079466094165E-004
       159168  2.1810510573181530E-004
       159360  1.9295079351438593E-004
       159552  1.6828986518921269E-004
       159744  1.4100327591529989E-004
       159936  1.1356028801617617E-004
       160128  8.8736103204981127E-005
       160320  7.0585081789294930E-005
       160512  6.8959114730207771E-005
       160704  8.7101714739593335E-005
       160896  9.5979347265029229E-005
       161088  8.2870376721911029E-005
       161280  7.4406998340759975E-005
       161472  6.6680844895804759E-005
       161664  6.0420658651038645E-005
       161856  6.8120663195151484E-005
       162048  1.0519934276169141E-004
       162240  1.5114476409783400E-004
       162432  1.6528857503150560E-004
       162624  1.7265179300324031E-004
       162816  1.7412994773710798E-004
       163008  1.7572903077668565E-004
       163200  1.7870906686645854E-004
       163392  1.8100987946538633E-004
       163584  1.7741130340478942E-004
       163776  1.7638698768329569E-004
       163968  1.7052704946077683E-004
       164160  1.6497941858721970E-004
       164352  1.5730317681088196E-004
       164544  1.4980134820018095E-004
       164736  1.4207353819567522E-004
       164928  1.3668273040090632E-004
       165120  1.3333938668502000E-004
       165312  1.3312241763884525E-004
       165504  1.3730144588893885E-004
       165696  1.4985911658098089E-004
       165888  1.7879988214896346E-004
       166080  2.2239593232927277E-004
       166272  2.5735439087386534E-004
       166464  2.5322597862593711E-004
       166656  2.4037019678897583E-004
       166848  2.2513355087946198E-004
       167040  2.0396102111896119E-004
       167232  1.8307184549678807E-004
       167424  1.6306609435215097E-004
       167616  1.4160303297874484E-004
       167808  1.1883467326836175E-004
       168000  9.7068668172252065E-005
       168192  7.6169594660609961E-005
       168384  5.2814438152537574E-005
       168576  3.2844671314181618E-005
       168768  4.6305295719951725E-005
       168960  2.2097562366930464E-004
       169152  3.0184473622984614E-004
       169344  2.6643264989207325E-004
       169536  2.3140509732126724E-004
       169728  2.0056160928366237E-004
       169920  1.7891054200839098E-004
       170112  1.5917595003802826E-004
       170304  1.4084422582480869E-004
       170496  1.3044863730828101E-004
       170688  1.2764434486759940E-004
       170880  1.2677716594798917E-004
       171072  1.3342016042799140E-004
       171264  1.6133458562930567E-004
       171456  1.9659090313056687E-004
       171648  2.1887404844104418E-004
       171840  2.1221722741600425E-004
       172032  2.0984264994585664E-004
       172224  1.9619558322332716E-004
       172416  1.9057672748840269E-004
       172608  1.8082026945926964E-004
       172800  1.7314067956060076E-004
