          192  1.5117917680063323E-004  0.0000000000000000E+000
   0.0000000000000000E+000
          384  2.4729909686385925E-004  0.0000000000000000E+000
   0.0000000000000000E+000
          576  4.8130955326650490E-004  0.0000000000000000E+000
   0.0000000000000000E+000
          768  1.0157917122043006E-003  0.0000000000000000E+000
   0.0000000000000000E+000
          960  1.8129115229771960E-003  0.0000000000000000E+000
   0.0000000000000000E+000
         1152  2.2249261781356502E-003  0.0000000000000000E+000
   0.0000000000000000E+000
         1344  1.1481740234084738E-003  0.0000000000000000E+000
   0.0000000000000000E+000
         1536  2.7327173512133333E-004  0.0000000000000000E+000
   0.0000000000000000E+000
         1728  1.8508232368093615E-004  0.0000000000000000E+000
   0.0000000000000000E+000
         1920  1.9463075564468127E-004  0.0000000000000000E+000
   0.0000000000000000E+000
         2112  2.4960323669811037E-004  0.0000000000000000E+000
   0.0000000000000000E+000
         2304  3.6017970516192714E-004  0.0000000000000000E+000
   0.0000000000000000E+000
         2496  5.4806473754720833E-004  0.0000000000000000E+000
   0.0000000000000000E+000
         2688  8.1446771366723851E-004  0.0000000000000000E+000
   0.0000000000000000E+000
         2880  1.0367532939316647E-003  0.0000000000000000E+000
   0.0000000000000000E+000
         3072  8.7598940142442981E-004  0.0000000000000000E+000
   0.0000000000000000E+000
         3264  5.2418418298997595E-004  0.0000000000000000E+000
   0.0000000000000000E+000
         3456  3.8320149427968598E-004  0.0000000000000000E+000
   0.0000000000000000E+000
         3648  3.4028721998379300E-004  0.0000000000000000E+000
   0.0000000000000000E+000
         3840  3.1085745500075099E-004  0.0000000000000000E+000
   0.0000000000000000E+000
         4032  2.4955313524807680E-004  0.0000000000000000E+000
   0.0000000000000000E+000
         4224  2.3984118399858885E-004  0.0000000000000000E+000
   0.0000000000000000E+000
         4416  3.3156354150879716E-004  0.0000000000000000E+000
   0.0000000000000000E+000
         4608  7.7167234870798690E-004  0.0000000000000000E+000
   0.0000000000000000E+000
         4800  3.1306701894345274E-003  0.0000000000000000E+000
   0.0000000000000000E+000
         4992  5.9219206522540041E-003  0.0000000000000000E+000
   0.0000000000000000E+000
         5184  4.9201076273607783E-004  0.0000000000000000E+000
   0.0000000000000000E+000
         5376  5.8405451120040772E-004  0.0000000000000000E+000
   0.0000000000000000E+000
         5568  5.8844340001587081E-004  0.0000000000000000E+000
   0.0000000000000000E+000
         5760  4.3749053716262890E-004  0.0000000000000000E+000
   0.0000000000000000E+000
         5952  2.8076494056751566E-004  0.0000000000000000E+000
   0.0000000000000000E+000
         6144  1.9575400947793690E-004  0.0000000000000000E+000
   0.0000000000000000E+000
         6336  1.7564159378532804E-004  0.0000000000000000E+000
   0.0000000000000000E+000
         6528  2.3034111495745762E-004  0.0000000000000000E+000
   0.0000000000000000E+000
         6720  3.9226175234305995E-004  0.0000000000000000E+000
   0.0000000000000000E+000
         6912  6.8843148837557553E-004  0.0000000000000000E+000
   0.0000000000000000E+000
         7104  1.1243601225309563E-003  0.0000000000000000E+000
   0.0000000000000000E+000
         7296  1.2081493444477402E-003  0.0000000000000000E+000
   0.0000000000000000E+000
         7488  4.8709213344347676E-004  0.0000000000000000E+000
   0.0000000000000000E+000
         7680  6.4247560422842935E-005  0.0000000000000000E+000
   0.0000000000000000E+000
         7872  1.9621359794475338E-005  0.0000000000000000E+000
   0.0000000000000000E+000
         8064  1.0247758882978089E-005  0.0000000000000000E+000
   0.0000000000000000E+000
         8256  5.0565252372730061E-006  0.0000000000000000E+000
   0.0000000000000000E+000
         8448  2.7056000175178674E-006  0.0000000000000000E+000
   0.0000000000000000E+000
         8640  2.0108398453253469E-006  0.0000000000000000E+000
   0.0000000000000000E+000
         8832  1.7580544629897581E-006  0.0000000000000000E+000
   0.0000000000000000E+000
         9024  1.7532106720327837E-006  0.0000000000000000E+000
   0.0000000000000000E+000
         9216  2.1064298371340785E-006  0.0000000000000000E+000
   0.0000000000000000E+000
         9408  3.1395813412925850E-006  0.0000000000000000E+000
   0.0000000000000000E+000
         9600  5.5863680229773556E-006  0.0000000000000000E+000
   0.0000000000000000E+000
         9792  1.1712200658659645E-005  0.0000000000000000E+000
   0.0000000000000000E+000
         9984  3.1309770907035441E-005  0.0000000000000000E+000
   0.0000000000000000E+000
        10176  1.0825758444176345E-004  0.0000000000000000E+000
   0.0000000000000000E+000
        10368  4.4714623600081990E-004  0.0000000000000000E+000
   0.0000000000000000E+000
        10560  1.5433496863207247E-003  0.0000000000000000E+000
   0.0000000000000000E+000
        10752  3.9759656376963885E-003  0.0000000000000000E+000
   0.0000000000000000E+000
        10944  5.0798155465610513E-003  0.0000000000000000E+000
   0.0000000000000000E+000
        11136  1.2110255128319996E-003  0.0000000000000000E+000
   0.0000000000000000E+000
        11328  1.1938114601277043E-003  0.0000000000000000E+000
   0.0000000000000000E+000
        11520  9.5447988807602975E-004  0.0000000000000000E+000
   0.0000000000000000E+000
        11712  6.7000533266977659E-004  0.0000000000000000E+000
   0.0000000000000000E+000
        11904  5.0038004579307347E-004  0.0000000000000000E+000
   0.0000000000000000E+000
        12096  3.7554230546054876E-004  0.0000000000000000E+000
   0.0000000000000000E+000
        12288  3.1462998487403820E-004  0.0000000000000000E+000
   0.0000000000000000E+000
        12480  3.0621229238182783E-004  0.0000000000000000E+000
   0.0000000000000000E+000
        12672  3.7057205082512780E-004  0.0000000000000000E+000
   0.0000000000000000E+000
        12864  5.5862126048795003E-004  0.0000000000000000E+000
   0.0000000000000000E+000
        13056  9.3765201950155052E-004  0.0000000000000000E+000
   0.0000000000000000E+000
        13248  1.4688630868394865E-003  0.0000000000000000E+000
   0.0000000000000000E+000
        13440  1.5336072151231404E-003  0.0000000000000000E+000
   0.0000000000000000E+000
        13632  1.2314470600846392E-003  0.0000000000000000E+000
   0.0000000000000000E+000
        13824  7.1761670813601263E-004  0.0000000000000000E+000
   0.0000000000000000E+000
        14016  4.5495970869778601E-004  0.0000000000000000E+000
   0.0000000000000000E+000
        14208  1.5718163695060237E-004  0.0000000000000000E+000
   0.0000000000000000E+000
        14400  1.5292900088505689E-004  0.0000000000000000E+000
   0.0000000000000000E+000
        14592  2.8630454018631834E-004  0.0000000000000000E+000
   0.0000000000000000E+000
        14784  7.9581330444946209E-004  0.0000000000000000E+000
   0.0000000000000000E+000
        14976  1.3778411541475897E-003  0.0000000000000000E+000
   0.0000000000000000E+000
        15168  9.0693293857301059E-004  0.0000000000000000E+000
   0.0000000000000000E+000
        15360  3.4869482030556483E-004  0.0000000000000000E+000
   0.0000000000000000E+000
        15552  1.9280163150061318E-004  0.0000000000000000E+000
   0.0000000000000000E+000
        15744  1.2276829401530336E-004  0.0000000000000000E+000
   0.0000000000000000E+000
        15936  8.5114224952447144E-005  0.0000000000000000E+000
   0.0000000000000000E+000
        16128  6.4633005449346231E-005  0.0000000000000000E+000
   0.0000000000000000E+000
        16320  5.8776897428717244E-005  0.0000000000000000E+000
   0.0000000000000000E+000
        16512  6.6384589426778172E-005  0.0000000000000000E+000
   0.0000000000000000E+000
        16704  7.8646444738301476E-005  0.0000000000000000E+000
   0.0000000000000000E+000
        16896  8.5743221232611097E-005  0.0000000000000000E+000
   0.0000000000000000E+000
        17088  8.6513565595924198E-005  0.0000000000000000E+000
   0.0000000000000000E+000
        17280  1.0378861766691123E-004  0.0000000000000000E+000
   0.0000000000000000E+000
        17472  1.3073438643584274E-004  0.0000000000000000E+000
   0.0000000000000000E+000
        17664  1.7029369856960973E-004  0.0000000000000000E+000
   0.0000000000000000E+000
        17856  2.4136421763645773E-004  0.0000000000000000E+000
   0.0000000000000000E+000
        18048  3.9194674979661971E-004  0.0000000000000000E+000
   0.0000000000000000E+000
        18240  6.5093445311710388E-004  0.0000000000000000E+000
   0.0000000000000000E+000
        18432  9.8084906803809881E-004  0.0000000000000000E+000
   0.0000000000000000E+000
        18624  1.5921662556697446E-003  0.0000000000000000E+000
   0.0000000000000000E+000
        18816  2.3421379111211106E-003  0.0000000000000000E+000
   0.0000000000000000E+000
        19008  1.7258169718630497E-003  0.0000000000000000E+000
   0.0000000000000000E+000
        19200  6.6602591270682905E-004  0.0000000000000000E+000
   0.0000000000000000E+000
        19392  3.9371701732705903E-004  0.0000000000000000E+000
   0.0000000000000000E+000
        19584  2.9754192695021512E-004  0.0000000000000000E+000
   0.0000000000000000E+000
        19776  2.5233151402250485E-004  0.0000000000000000E+000
   0.0000000000000000E+000
        19968  2.3511055975447158E-004  0.0000000000000000E+000
   0.0000000000000000E+000
        20160  2.4525996015722446E-004  0.0000000000000000E+000
   0.0000000000000000E+000
        20352  2.8092226660255017E-004  0.0000000000000000E+000
   0.0000000000000000E+000
        20544  3.4197586016658006E-004  0.0000000000000000E+000
   0.0000000000000000E+000
        20736  4.2535615910677013E-004  0.0000000000000000E+000
   0.0000000000000000E+000
        20928  5.0607348784259337E-004  0.0000000000000000E+000
   0.0000000000000000E+000
        21120  5.2258755195282137E-004  0.0000000000000000E+000
   0.0000000000000000E+000
        21312  4.6714706303668200E-004  0.0000000000000000E+000
   0.0000000000000000E+000
        21504  3.8841472593418653E-004  0.0000000000000000E+000
   0.0000000000000000E+000
        21696  3.3220691011937503E-004  0.0000000000000000E+000
   0.0000000000000000E+000
        21888  3.4296871116775980E-004  0.0000000000000000E+000
   0.0000000000000000E+000
        22080  6.0978592655565051E-004  0.0000000000000000E+000
   0.0000000000000000E+000
        22272  2.8336887275331878E-003  0.0000000000000000E+000
   0.0000000000000000E+000
        22464  5.9878058335675133E-003  0.0000000000000000E+000
   0.0000000000000000E+000
        22656  1.1076892580927174E-003  0.0000000000000000E+000
   0.0000000000000000E+000
        22848  1.2027519997430778E-003  0.0000000000000000E+000
   0.0000000000000000E+000
        23040  8.0003620631820998E-004  0.0000000000000000E+000
   0.0000000000000000E+000
        23232  4.3320684709193387E-004  0.0000000000000000E+000
   0.0000000000000000E+000
        23424  2.3408288170785412E-004  0.0000000000000000E+000
   0.0000000000000000E+000
        23616  1.3873952613925971E-004  0.0000000000000000E+000
   0.0000000000000000E+000
        23808  8.4821708355795264E-005  0.0000000000000000E+000
   0.0000000000000000E+000
        24000  6.1433941066811682E-005  0.0000000000000000E+000
   0.0000000000000000E+000
        24192  6.3235661538226258E-005  0.0000000000000000E+000
   0.0000000000000000E+000
        24384  9.7123644362190583E-005  0.0000000000000000E+000
   0.0000000000000000E+000
        24576  1.8684605137050790E-004  0.0000000000000000E+000
   0.0000000000000000E+000
        24768  3.7121224177786834E-004  0.0000000000000000E+000
   0.0000000000000000E+000
        24960  6.0339289948819672E-004  0.0000000000000000E+000
   0.0000000000000000E+000
        25152  6.7785647304170640E-004  0.0000000000000000E+000
   0.0000000000000000E+000
        25344  4.5538111702330655E-004  0.0000000000000000E+000
   0.0000000000000000E+000
        25536  1.9901742137679368E-004  0.0000000000000000E+000
   0.0000000000000000E+000
        25728  7.2714031379921633E-005  0.0000000000000000E+000
   0.0000000000000000E+000
        25920  3.8004985104868017E-005  0.0000000000000000E+000
   0.0000000000000000E+000
        26112  2.5800578485191732E-005  0.0000000000000000E+000
   0.0000000000000000E+000
        26304  2.2628360639330442E-005  0.0000000000000000E+000
   0.0000000000000000E+000
        26496  2.5826034468683295E-005  0.0000000000000000E+000
   0.0000000000000000E+000
        26688  4.1159565020252838E-005  0.0000000000000000E+000
   0.0000000000000000E+000
        26880  8.6314317192335806E-005  0.0000000000000000E+000
   0.0000000000000000E+000
        27072  2.2399371354479635E-004  0.0000000000000000E+000
   0.0000000000000000E+000
        27264  6.5727235520196146E-004  0.0000000000000000E+000
   0.0000000000000000E+000
        27456  1.5455314324814558E-003  0.0000000000000000E+000
   0.0000000000000000E+000
        27648  2.6290196665635277E-003  0.0000000000000000E+000
   0.0000000000000000E+000
        27840  3.3812638592322455E-003  0.0000000000000000E+000
   0.0000000000000000E+000
        28032  7.9740770800286540E-004  0.0000000000000000E+000
   0.0000000000000000E+000
        28224  1.9187790363418429E-004  0.0000000000000000E+000
   0.0000000000000000E+000
        28416  1.5162111806651580E-004  0.0000000000000000E+000
   0.0000000000000000E+000
        28608  1.4722005567206095E-004  0.0000000000000000E+000
   0.0000000000000000E+000
        28800  1.6130486193346430E-004  0.0000000000000000E+000
   0.0000000000000000E+000
        28992  1.9931593541826939E-004  0.0000000000000000E+000
   0.0000000000000000E+000
        29184  2.7664840301821786E-004  0.0000000000000000E+000
   0.0000000000000000E+000
        29376  4.1970078256970561E-004  0.0000000000000000E+000
   0.0000000000000000E+000
        29568  6.9106062818104588E-004  0.0000000000000000E+000
   0.0000000000000000E+000
        29760  1.0919576105841561E-003  0.0000000000000000E+000
   0.0000000000000000E+000
        29952  1.3415311768315552E-003  0.0000000000000000E+000
   0.0000000000000000E+000
        30144  9.6928758877685094E-004  0.0000000000000000E+000
   0.0000000000000000E+000
        30336  6.9268626377750339E-004  0.0000000000000000E+000
   0.0000000000000000E+000
        30528  4.2688728827741819E-004  0.0000000000000000E+000
   0.0000000000000000E+000
        30720  3.9242416386281074E-004  0.0000000000000000E+000
   0.0000000000000000E+000
        30912  6.1701319729311047E-004  0.0000000000000000E+000
   0.0000000000000000E+000
        31104  1.8306934627129370E-003  0.0000000000000000E+000
   0.0000000000000000E+000
        31296  2.0185353068719993E-003  0.0000000000000000E+000
   0.0000000000000000E+000
        31488  7.5466051177692465E-004  0.0000000000000000E+000
   0.0000000000000000E+000
        31680  5.4525112152285489E-004  0.0000000000000000E+000
   0.0000000000000000E+000
        31872  4.0102278497659220E-004  0.0000000000000000E+000
   0.0000000000000000E+000
        32064  2.7963016825095912E-004  0.0000000000000000E+000
   0.0000000000000000E+000
        32256  1.8845097645537963E-004  0.0000000000000000E+000
   0.0000000000000000E+000
        32448  1.2814429764040921E-004  0.0000000000000000E+000
   0.0000000000000000E+000
        32640  9.7965324155817316E-005  0.0000000000000000E+000
   0.0000000000000000E+000
        32832  1.0670072662377667E-004  0.0000000000000000E+000
   0.0000000000000000E+000
        33024  2.1793818973634920E-004  0.0000000000000000E+000
   0.0000000000000000E+000
        33216  6.2310281715381320E-004  0.0000000000000000E+000
   0.0000000000000000E+000
        33408  1.1070252934862078E-003  0.0000000000000000E+000
   0.0000000000000000E+000
        33600  7.2307792612779428E-004  0.0000000000000000E+000
   0.0000000000000000E+000
        33792  3.1769955696962809E-004  0.0000000000000000E+000
   0.0000000000000000E+000
        33984  1.7950376491842503E-004  0.0000000000000000E+000
   0.0000000000000000E+000
        34176  1.1513583499683363E-004  0.0000000000000000E+000
   0.0000000000000000E+000
        34368  7.7880209998172734E-005  0.0000000000000000E+000
   0.0000000000000000E+000
        34560  6.7633343730706734E-005  0.0000000000000000E+000
   0.0000000000000000E+000
        34752  6.4364556205684641E-005  0.0000000000000000E+000
   0.0000000000000000E+000
        34944  6.6192357853630808E-005  0.0000000000000000E+000
   0.0000000000000000E+000
        35136  7.6067520057589443E-005  0.0000000000000000E+000
   0.0000000000000000E+000
        35328  1.0365275976525879E-004  0.0000000000000000E+000
   0.0000000000000000E+000
        35520  1.5576267618012639E-004  0.0000000000000000E+000
   0.0000000000000000E+000
        35712  2.4910069166143503E-004  0.0000000000000000E+000
   0.0000000000000000E+000
        35904  4.1880849188609935E-004  0.0000000000000000E+000
   0.0000000000000000E+000
        36096  7.0284590779503902E-004  0.0000000000000000E+000
   0.0000000000000000E+000
        36288  1.2094421658648178E-003  0.0000000000000000E+000
   0.0000000000000000E+000
        36480  1.9320828967919141E-003  0.0000000000000000E+000
   0.0000000000000000E+000
        36672  2.5745716915368923E-003  0.0000000000000000E+000
   0.0000000000000000E+000
        36864  2.0383192051610542E-003  0.0000000000000000E+000
   0.0000000000000000E+000
        37056  8.0164600195487738E-004  0.0000000000000000E+000
   0.0000000000000000E+000
        37248  7.0424176846982270E-004  0.0000000000000000E+000
   0.0000000000000000E+000
        37440  7.4438456444803969E-004  0.0000000000000000E+000
   0.0000000000000000E+000
        37632  6.9233246547588455E-004  0.0000000000000000E+000
   0.0000000000000000E+000
        37824  5.5442512102462879E-004  0.0000000000000000E+000
   0.0000000000000000E+000
        38016  4.2638028177051303E-004  0.0000000000000000E+000
   0.0000000000000000E+000
        38208  3.2226976201269332E-004  0.0000000000000000E+000
   0.0000000000000000E+000
        38400  2.7497945671332705E-004  0.0000000000000000E+000
   0.0000000000000000E+000
        38592  3.2513538877598807E-004  0.0000000000000000E+000
   0.0000000000000000E+000
        38784  6.9823548289004041E-004  0.0000000000000000E+000
   0.0000000000000000E+000
        38976  1.8871181283566234E-003  0.0000000000000000E+000
   0.0000000000000000E+000
        39168  3.9445748232198007E-003  0.0000000000000000E+000
   0.0000000000000000E+000
        39360  1.1844023949030443E-003  0.0000000000000000E+000
   0.0000000000000000E+000
        39552  1.7879818798862332E-004  0.0000000000000000E+000
   0.0000000000000000E+000
        39744  1.9425469293192710E-004  0.0000000000000000E+000
   0.0000000000000000E+000
        39936  2.3528408408003939E-004  0.0000000000000000E+000
   0.0000000000000000E+000
        40128  3.0851971327369992E-004  0.0000000000000000E+000
   0.0000000000000000E+000
        40320  4.3220339762422850E-004  0.0000000000000000E+000
   0.0000000000000000E+000
        40512  6.3881272065965142E-004  0.0000000000000000E+000
   0.0000000000000000E+000
        40704  8.9833369058713540E-004  0.0000000000000000E+000
   0.0000000000000000E+000
        40896  1.0897196142654684E-003  0.0000000000000000E+000
   0.0000000000000000E+000
        41088  1.1337042352093975E-003  0.0000000000000000E+000
   0.0000000000000000E+000
        41280  9.9127153038820900E-004  0.0000000000000000E+000
   0.0000000000000000E+000
        41472  3.8144111653282630E-004  0.0000000000000000E+000
   0.0000000000000000E+000
        41664  3.1378180925236161E-005  0.0000000000000000E+000
   0.0000000000000000E+000
        41856  1.0334825304124562E-005  0.0000000000000000E+000
   0.0000000000000000E+000
        42048  6.4173619905749246E-006  0.0000000000000000E+000
   0.0000000000000000E+000
        42240  4.2752672736555278E-006  0.0000000000000000E+000
   0.0000000000000000E+000
        42432  2.9136963283250743E-006  0.0000000000000000E+000
   0.0000000000000000E+000
        42624  2.1551746352693913E-006  0.0000000000000000E+000
   0.0000000000000000E+000
        42816  1.6432573064809410E-006  0.0000000000000000E+000
   0.0000000000000000E+000
        43008  1.4929452528836406E-006  0.0000000000000000E+000
   0.0000000000000000E+000
        43200  1.6628608325645578E-006  0.0000000000000000E+000
   0.0000000000000000E+000
        43392  2.1358911465728658E-006  0.0000000000000000E+000
   0.0000000000000000E+000
        43584  3.0422833852967824E-006  0.0000000000000000E+000
   0.0000000000000000E+000
        43776  5.1147590574160835E-006  0.0000000000000000E+000
   0.0000000000000000E+000
        43968  1.1184325490031107E-005  0.0000000000000000E+000
   0.0000000000000000E+000
        44160  3.0142993913951799E-005  0.0000000000000000E+000
   0.0000000000000000E+000
        44352  9.5643124766613794E-005  0.0000000000000000E+000
   0.0000000000000000E+000
        44544  3.4841628060646384E-004  0.0000000000000000E+000
   0.0000000000000000E+000
        44736  1.1244513930540657E-003  0.0000000000000000E+000
   0.0000000000000000E+000
        44928  2.2980103158444713E-003  0.0000000000000000E+000
   0.0000000000000000E+000
        45120  4.2254110421328485E-003  0.0000000000000000E+000
   0.0000000000000000E+000
        45312  3.5559296667957581E-003  0.0000000000000000E+000
   0.0000000000000000E+000
        45504  4.4806722951885636E-004  0.0000000000000000E+000
   0.0000000000000000E+000
        45696  3.4974312019966735E-004  0.0000000000000000E+000
   0.0000000000000000E+000
        45888  3.2700003163561408E-004  0.0000000000000000E+000
   0.0000000000000000E+000
        46080  3.0782625117047394E-004  0.0000000000000000E+000
   0.0000000000000000E+000
        46272  2.9344573158068262E-004  0.0000000000000000E+000
   0.0000000000000000E+000
        46464  2.9680794654866422E-004  0.0000000000000000E+000
   0.0000000000000000E+000
        46656  3.3449568074270670E-004  0.0000000000000000E+000
   0.0000000000000000E+000
        46848  4.4748553080424161E-004  0.0000000000000000E+000
   0.0000000000000000E+000
        47040  7.3429800627385251E-004  0.0000000000000000E+000
   0.0000000000000000E+000
        47232  1.1924745868742189E-003  0.0000000000000000E+000
   0.0000000000000000E+000
        47424  1.7034407708322156E-003  0.0000000000000000E+000
   0.0000000000000000E+000
        47616  1.7706804131607321E-003  0.0000000000000000E+000
   0.0000000000000000E+000
        47808  1.2961568351550466E-003  0.0000000000000000E+000
   0.0000000000000000E+000
        48000  1.1190586008082183E-003  0.0000000000000000E+000
   0.0000000000000000E+000
        48192  1.0031947021103252E-003  0.0000000000000000E+000
   0.0000000000000000E+000
        48384  4.2627059609588155E-004  0.0000000000000000E+000
   0.0000000000000000E+000
        48576  8.7852329167536854E-005  0.0000000000000000E+000
   0.0000000000000000E+000
        48768  7.5571108521747346E-005  0.0000000000000000E+000
   0.0000000000000000E+000
        48960  8.6381775946756472E-005  0.0000000000000000E+000
   0.0000000000000000E+000
        49152  1.1474640466035041E-004  0.0000000000000000E+000
   0.0000000000000000E+000
        49344  1.9610768533687883E-004  0.0000000000000000E+000
   0.0000000000000000E+000
        49536  4.7083423576238054E-004  0.0000000000000000E+000
   0.0000000000000000E+000
        49728  1.2361463567347336E-003  0.0000000000000000E+000
   0.0000000000000000E+000
        49920  1.7956822206615295E-003  0.0000000000000000E+000
   0.0000000000000000E+000
        50112  8.7920605809213191E-004  0.0000000000000000E+000
   0.0000000000000000E+000
        50304  1.7162257189470292E-004  0.0000000000000000E+000
   0.0000000000000000E+000
        50496  1.0471345437284917E-004  0.0000000000000000E+000
   0.0000000000000000E+000
        50688  8.0445238384905640E-005  0.0000000000000000E+000
   0.0000000000000000E+000
        50880  7.1770545623620624E-005  0.0000000000000000E+000
   0.0000000000000000E+000
        51072  7.2573517628943314E-005  0.0000000000000000E+000
   0.0000000000000000E+000
        51264  7.4836142824231757E-005  0.0000000000000000E+000
   0.0000000000000000E+000
        51456  7.2314513918622135E-005  0.0000000000000000E+000
   0.0000000000000000E+000
        51648  6.6148747853164084E-005  0.0000000000000000E+000
   0.0000000000000000E+000
        51840  7.1452443438329275E-005  0.0000000000000000E+000
   0.0000000000000000E+000
        52032  8.0294127501649850E-005  0.0000000000000000E+000
   0.0000000000000000E+000
        52224  9.2923401344120933E-005  0.0000000000000000E+000
   0.0000000000000000E+000
        52416  1.1642631242645846E-004  0.0000000000000000E+000
   0.0000000000000000E+000
        52608  1.6799089423174120E-004  0.0000000000000000E+000
   0.0000000000000000E+000
        52800  2.6193657288208687E-004  0.0000000000000000E+000
   0.0000000000000000E+000
        52992  4.1922928061608475E-004  0.0000000000000000E+000
   0.0000000000000000E+000
        53184  6.8246354922918732E-004  0.0000000000000000E+000
   0.0000000000000000E+000
        53376  1.1018298563412385E-003  0.0000000000000000E+000
   0.0000000000000000E+000
        53568  1.8173094672070992E-003  0.0000000000000000E+000
   0.0000000000000000E+000
        53760  2.4991634236300937E-003  0.0000000000000000E+000
   0.0000000000000000E+000
        53952  2.7814668111935574E-003  0.0000000000000000E+000
   0.0000000000000000E+000
        54144  1.1252696722716883E-003  0.0000000000000000E+000
   0.0000000000000000E+000
        54336  4.1592709539110215E-004  0.0000000000000000E+000
   0.0000000000000000E+000
        54528  4.1317680928480862E-004  0.0000000000000000E+000
   0.0000000000000000E+000
        54720  4.7057879243666699E-004  0.0000000000000000E+000
   0.0000000000000000E+000
        54912  5.2139567958054377E-004  0.0000000000000000E+000
   0.0000000000000000E+000
        55104  5.2171644001592493E-004  0.0000000000000000E+000
   0.0000000000000000E+000
        55296  4.6422182060637291E-004  0.0000000000000000E+000
   0.0000000000000000E+000
        55488  4.0435858111062827E-004  0.0000000000000000E+000
   0.0000000000000000E+000
        55680  4.3668704302963411E-004  0.0000000000000000E+000
   0.0000000000000000E+000
        55872  6.9142421158224147E-004  0.0000000000000000E+000
   0.0000000000000000E+000
        56064  1.3717830085120213E-003  0.0000000000000000E+000
   0.0000000000000000E+000
        56256  2.4957574139359952E-003  0.0000000000000000E+000
   0.0000000000000000E+000
        56448  2.1772019881748142E-003  0.0000000000000000E+000
   0.0000000000000000E+000
        56640  1.6108848686598217E-004  0.0000000000000000E+000
   0.0000000000000000E+000
        56832  1.4815874494007836E-004  0.0000000000000000E+000
   0.0000000000000000E+000
        57024  1.8480178247056648E-004  0.0000000000000000E+000
   0.0000000000000000E+000
        57216  2.5724775006074073E-004  0.0000000000000000E+000
   0.0000000000000000E+000
        57408  3.8488838104232140E-004  0.0000000000000000E+000
   0.0000000000000000E+000
        57600  5.9806963755694486E-004  0.0000000000000000E+000
   0.0000000000000000E+000
        57792  8.7052578306945675E-004  0.0000000000000000E+000
   0.0000000000000000E+000
        57984  1.1172757648882053E-003  0.0000000000000000E+000
   0.0000000000000000E+000
        58176  1.2518955391081265E-003  0.0000000000000000E+000
   0.0000000000000000E+000
        58368  1.1673156767407181E-003  0.0000000000000000E+000
   0.0000000000000000E+000
        58560  7.0929407718323882E-004  0.0000000000000000E+000
   0.0000000000000000E+000
        58752  3.8813971753464191E-005  0.0000000000000000E+000
   0.0000000000000000E+000
        58944  1.1189885524537577E-005  0.0000000000000000E+000
   0.0000000000000000E+000
        59136  7.8367963494405675E-006  0.0000000000000000E+000
   0.0000000000000000E+000
        59328  5.6995131292693352E-006  0.0000000000000000E+000
   0.0000000000000000E+000
        59520  4.2139444513232176E-006  0.0000000000000000E+000
   0.0000000000000000E+000
        59712  3.3161111800052484E-006  0.0000000000000000E+000
   0.0000000000000000E+000
        59904  3.0245779386272885E-006  0.0000000000000000E+000
   0.0000000000000000E+000
        60096  2.9399406865707723E-006  0.0000000000000000E+000
   0.0000000000000000E+000
        60288  3.1818854749864995E-006  0.0000000000000000E+000
   0.0000000000000000E+000
        60480  4.2790366074978533E-006  0.0000000000000000E+000
   0.0000000000000000E+000
        60672  6.4820254300510118E-006  0.0000000000000000E+000
   0.0000000000000000E+000
        60864  1.0624075056304176E-005  0.0000000000000000E+000
   0.0000000000000000E+000
        61056  2.0118376015753584E-005  0.0000000000000000E+000
   0.0000000000000000E+000
        61248  4.8134553587083662E-005  0.0000000000000000E+000
   0.0000000000000000E+000
        61440  1.3487334678464151E-004  0.0000000000000000E+000
   0.0000000000000000E+000
        61632  4.0038554513598866E-004  0.0000000000000000E+000
   0.0000000000000000E+000
        61824  1.0713996521257189E-003  0.0000000000000000E+000
   0.0000000000000000E+000
        62016  2.0142337838743884E-003  0.0000000000000000E+000
   0.0000000000000000E+000
        62208  3.7057696322825625E-003  0.0000000000000000E+000
   0.0000000000000000E+000
        62400  3.2364332003790549E-003  0.0000000000000000E+000
   0.0000000000000000E+000
        62592  3.1798384619513700E-004  0.0000000000000000E+000
   0.0000000000000000E+000
        62784  1.0472325891340637E-004  0.0000000000000000E+000
   0.0000000000000000E+000
        62976  7.8279530996836941E-005  0.0000000000000000E+000
   0.0000000000000000E+000
        63168  6.7214016041557443E-005  0.0000000000000000E+000
   0.0000000000000000E+000
        63360  6.2722801586595034E-005  0.0000000000000000E+000
   0.0000000000000000E+000
        63552  6.5366308226413479E-005  0.0000000000000000E+000
   0.0000000000000000E+000
        63744  7.8964631335040600E-005  0.0000000000000000E+000
   0.0000000000000000E+000
        63936  1.1239961679729898E-004  0.0000000000000000E+000
   0.0000000000000000E+000
        64128  1.8810726652596050E-004  0.0000000000000000E+000
   0.0000000000000000E+000
        64320  3.5400786344471220E-004  0.0000000000000000E+000
   0.0000000000000000E+000
        64512  6.8794586333423237E-004  0.0000000000000000E+000
   0.0000000000000000E+000
        64704  1.3663756498048980E-003  0.0000000000000000E+000
   0.0000000000000000E+000
        64896  2.2727946185300131E-003  0.0000000000000000E+000
   0.0000000000000000E+000
        65088  2.8191514746135236E-003  0.0000000000000000E+000
   0.0000000000000000E+000
        65280  2.8481435031632038E-003  0.0000000000000000E+000
   0.0000000000000000E+000
        65472  2.1360394600789781E-003  0.0000000000000000E+000
   0.0000000000000000E+000
        65664  1.0598505098489213E-004  0.0000000000000000E+000
   0.0000000000000000E+000
        65856  1.0229818682141010E-004  0.0000000000000000E+000
   0.0000000000000000E+000
        66048  1.2413245805006825E-004  0.0000000000000000E+000
   0.0000000000000000E+000
        66240  1.4214766826677833E-004  0.0000000000000000E+000
   0.0000000000000000E+000
        66432  1.5393358274677944E-004  0.0000000000000000E+000
   0.0000000000000000E+000
        66624  1.6010164762748550E-004  0.0000000000000000E+000
   0.0000000000000000E+000
        66816  1.6366747949975304E-004  0.0000000000000000E+000
   0.0000000000000000E+000
        67008  1.7146794160438947E-004  0.0000000000000000E+000
   0.0000000000000000E+000
        67200  1.9531875625136377E-004  0.0000000000000000E+000
   0.0000000000000000E+000
        67392  2.5500355313344151E-004  0.0000000000000000E+000
   0.0000000000000000E+000
        67584  4.1712840506875378E-004  0.0000000000000000E+000
   0.0000000000000000E+000
        67776  8.3775943544019376E-004  0.0000000000000000E+000
   0.0000000000000000E+000
        67968  1.3183041454286829E-003  0.0000000000000000E+000
   0.0000000000000000E+000
        68160  8.5749598354636360E-004  0.0000000000000000E+000
   0.0000000000000000E+000
        68352  2.6274629912299418E-004  0.0000000000000000E+000
   0.0000000000000000E+000
        68544  8.2462041435172348E-005  0.0000000000000000E+000
   0.0000000000000000E+000
        68736  3.2529638966196312E-005  0.0000000000000000E+000
   0.0000000000000000E+000
        68928  1.6505717264044073E-005  0.0000000000000000E+000
   0.0000000000000000E+000
        69120  1.1919284340436361E-005  0.0000000000000000E+000
   0.0000000000000000E+000
        69312  1.1223888596294639E-005  0.0000000000000000E+000
   0.0000000000000000E+000
        69504  1.2684956164990801E-005  0.0000000000000000E+000
   0.0000000000000000E+000
        69696  1.8118139606328618E-005  0.0000000000000000E+000
   0.0000000000000000E+000
        69888  3.4793056661375181E-005  0.0000000000000000E+000
   0.0000000000000000E+000
        70080  8.2991425916068153E-005  0.0000000000000000E+000
   0.0000000000000000E+000
        70272  2.2673092328691488E-004  0.0000000000000000E+000
   0.0000000000000000E+000
        70464  6.5561366802686027E-004  0.0000000000000000E+000
   0.0000000000000000E+000
        70656  1.4369179339452582E-003  0.0000000000000000E+000
   0.0000000000000000E+000
        70848  2.4910520410590625E-003  0.0000000000000000E+000
   0.0000000000000000E+000
        71040  2.8850626208626554E-003  0.0000000000000000E+000
   0.0000000000000000E+000
        71232  5.4675277596413405E-004  0.0000000000000000E+000
   0.0000000000000000E+000
        71424  1.2112013070993392E-004  0.0000000000000000E+000
   0.0000000000000000E+000
        71616  9.1489537314516642E-005  0.0000000000000000E+000
   0.0000000000000000E+000
        71808  8.4870021498028867E-005  0.0000000000000000E+000
   0.0000000000000000E+000
        72000  8.9898238979297410E-005  0.0000000000000000E+000
   0.0000000000000000E+000
        72192  1.1071445703962279E-004  0.0000000000000000E+000
   0.0000000000000000E+000
        72384  1.5975511503153750E-004  0.0000000000000000E+000
   0.0000000000000000E+000
        72576  2.6190401736874021E-004  0.0000000000000000E+000
   0.0000000000000000E+000
        72768  4.6541959921616259E-004  0.0000000000000000E+000
   0.0000000000000000E+000
        72960  8.9893863670050618E-004  0.0000000000000000E+000
   0.0000000000000000E+000
        73152  1.6285648697781799E-003  0.0000000000000000E+000
   0.0000000000000000E+000
        73344  2.1274355065330668E-003  0.0000000000000000E+000
   0.0000000000000000E+000
        73536  1.7700585659258226E-003  0.0000000000000000E+000
   0.0000000000000000E+000
        73728  8.4171611242360661E-004  0.0000000000000000E+000
   0.0000000000000000E+000
        73920  5.1287702554453699E-004  0.0000000000000000E+000
   0.0000000000000000E+000
        74112  4.0925337673430271E-004  0.0000000000000000E+000
   0.0000000000000000E+000
        74304  3.5931860912282555E-004  0.0000000000000000E+000
   0.0000000000000000E+000
        74496  3.2483187689835008E-004  0.0000000000000000E+000
   0.0000000000000000E+000
        74688  3.6996605256381035E-004  0.0000000000000000E+000
   0.0000000000000000E+000
        74880  5.4604712880576675E-004  0.0000000000000000E+000
   0.0000000000000000E+000
        75072  7.9322920612611455E-004  0.0000000000000000E+000
   0.0000000000000000E+000
        75264  8.7036730365998858E-004  0.0000000000000000E+000
   0.0000000000000000E+000
        75456  7.4563958272595070E-004  0.0000000000000000E+000
   0.0000000000000000E+000
        75648  5.4703798592560190E-004  0.0000000000000000E+000
   0.0000000000000000E+000
        75840  3.2410563918535215E-004  0.0000000000000000E+000
   0.0000000000000000E+000
        76032  1.8894854786753807E-004  0.0000000000000000E+000
   0.0000000000000000E+000
        76224  1.3969833006804939E-004  0.0000000000000000E+000
   0.0000000000000000E+000
        76416  1.3221690176142415E-004  0.0000000000000000E+000
   0.0000000000000000E+000
        76608  1.5243826308476417E-004  0.0000000000000000E+000
   0.0000000000000000E+000
        76800  1.9503595281740717E-004  0.0000000000000000E+000
   0.0000000000000000E+000
        76992  2.4309587788238062E-004  0.0000000000000000E+000
   0.0000000000000000E+000
        77184  2.5578624136119896E-004  0.0000000000000000E+000
   0.0000000000000000E+000
        77376  2.2938700006222646E-004  0.0000000000000000E+000
   0.0000000000000000E+000
        77568  1.8748712125492485E-004  0.0000000000000000E+000
   0.0000000000000000E+000
        77760  1.7902253516081994E-004  0.0000000000000000E+000
   0.0000000000000000E+000
        77952  1.7846916057786494E-004  0.0000000000000000E+000
   0.0000000000000000E+000
        78144  1.8286629631923158E-004  0.0000000000000000E+000
   0.0000000000000000E+000
        78336  2.0532972248880489E-004  0.0000000000000000E+000
   0.0000000000000000E+000
        78528  2.6707757125196701E-004  0.0000000000000000E+000
   0.0000000000000000E+000
        78720  3.8148523092042789E-004  0.0000000000000000E+000
   0.0000000000000000E+000
        78912  5.8847069212506679E-004  0.0000000000000000E+000
   0.0000000000000000E+000
        79104  1.0388495445187373E-003  0.0000000000000000E+000
   0.0000000000000000E+000
        79296  1.8567057270259370E-003  0.0000000000000000E+000
   0.0000000000000000E+000
        79488  2.5919353478063814E-003  0.0000000000000000E+000
   0.0000000000000000E+000
        79680  1.9820460409550062E-003  0.0000000000000000E+000
   0.0000000000000000E+000
        79872  4.9392318253435748E-004  0.0000000000000000E+000
   0.0000000000000000E+000
        80064  1.3726502066227879E-004  0.0000000000000000E+000
   0.0000000000000000E+000
        80256  8.4437786911647583E-005  0.0000000000000000E+000
   0.0000000000000000E+000
        80448  7.2446416494696808E-005  0.0000000000000000E+000
   0.0000000000000000E+000
        80640  7.2567045315558446E-005  0.0000000000000000E+000
   0.0000000000000000E+000
        80832  8.1977716169457632E-005  0.0000000000000000E+000
   0.0000000000000000E+000
        81024  1.0372346554485621E-004  0.0000000000000000E+000
   0.0000000000000000E+000
        81216  1.4424237155308275E-004  0.0000000000000000E+000
   0.0000000000000000E+000
        81408  2.1846051802050349E-004  0.0000000000000000E+000
   0.0000000000000000E+000
        81600  3.6092147013431190E-004  0.0000000000000000E+000
   0.0000000000000000E+000
        81792  6.5122307333841860E-004  0.0000000000000000E+000
   0.0000000000000000E+000
        81984  1.3319535632904710E-003  0.0000000000000000E+000
   0.0000000000000000E+000
        82176  3.1093827481033075E-003  0.0000000000000000E+000
   0.0000000000000000E+000
        82368  6.0556669844398772E-003  0.0000000000000000E+000
   0.0000000000000000E+000
        82560  1.3629754061220880E-003  0.0000000000000000E+000
   0.0000000000000000E+000
        82752  1.5727341773314434E-004  0.0000000000000000E+000
   0.0000000000000000E+000
        82944  1.9143559286919989E-004  0.0000000000000000E+000
   0.0000000000000000E+000
        83136  2.3217302070127957E-004  0.0000000000000000E+000
   0.0000000000000000E+000
        83328  2.7284572584016306E-004  0.0000000000000000E+000
   0.0000000000000000E+000
        83520  3.0724841299885748E-004  0.0000000000000000E+000
   0.0000000000000000E+000
        83712  3.3800107917800963E-004  0.0000000000000000E+000
   0.0000000000000000E+000
        83904  3.7713007950848410E-004  0.0000000000000000E+000
   0.0000000000000000E+000
        84096  4.4606301936793240E-004  0.0000000000000000E+000
   0.0000000000000000E+000
        84288  5.8133257112240430E-004  0.0000000000000000E+000
   0.0000000000000000E+000
        84480  8.0643857104273039E-004  0.0000000000000000E+000
   0.0000000000000000E+000
        84672  1.1770805216877560E-003  0.0000000000000000E+000
   0.0000000000000000E+000
        84864  1.3671629333501310E-003  0.0000000000000000E+000
   0.0000000000000000E+000
        85056  7.7254057776321319E-004  0.0000000000000000E+000
   0.0000000000000000E+000
        85248  2.3480343195605026E-004  0.0000000000000000E+000
   0.0000000000000000E+000
        85440  6.3858934465907754E-005  0.0000000000000000E+000
   0.0000000000000000E+000
        85632  2.6051730618752024E-005  0.0000000000000000E+000
   0.0000000000000000E+000
        85824  1.3876567311749690E-005  0.0000000000000000E+000
   0.0000000000000000E+000
        86016  7.9976448999580932E-006  0.0000000000000000E+000
   0.0000000000000000E+000
        86208  5.2064344562577990E-006  0.0000000000000000E+000
   0.0000000000000000E+000
        86400  4.3788651102980476E-006  0.0000000000000000E+000
   0.0000000000000000E+000
        86592  4.2350858190878431E-006  0.0000000000000000E+000
   0.0000000000000000E+000
        86784  4.4953770311931290E-006  0.0000000000000000E+000
   0.0000000000000000E+000
        86976  5.4572734940019533E-006  0.0000000000000000E+000
   0.0000000000000000E+000
        87168  8.0146124708354566E-006  0.0000000000000000E+000
   0.0000000000000000E+000
        87360  1.3624459689560065E-005  0.0000000000000000E+000
   0.0000000000000000E+000
        87552  2.6386866780356760E-005  0.0000000000000000E+000
   0.0000000000000000E+000
        87744  6.0705695198617866E-005  0.0000000000000000E+000
   0.0000000000000000E+000
        87936  1.6718984163515961E-004  0.0000000000000000E+000
   0.0000000000000000E+000
        88128  5.2327080908509628E-004  0.0000000000000000E+000
   0.0000000000000000E+000
        88320  1.4042080328216312E-003  0.0000000000000000E+000
   0.0000000000000000E+000
        88512  3.6665850336761049E-003  0.0000000000000000E+000
   0.0000000000000000E+000
        88704  5.0713062667239956E-003  0.0000000000000000E+000
   0.0000000000000000E+000
        88896  1.2151360571382411E-003  0.0000000000000000E+000
   0.0000000000000000E+000
        89088  1.1311154643689511E-003  0.0000000000000000E+000
   0.0000000000000000E+000
        89280  9.7607126113611437E-004  0.0000000000000000E+000
   0.0000000000000000E+000
        89472  7.2891037383130710E-004  0.0000000000000000E+000
   0.0000000000000000E+000
        89664  5.5549294206531604E-004  0.0000000000000000E+000
   0.0000000000000000E+000
        89856  4.5547177031602287E-004  0.0000000000000000E+000
   0.0000000000000000E+000
        90048  4.2213390634211658E-004  0.0000000000000000E+000
   0.0000000000000000E+000
        90240  4.6104110985557178E-004  0.0000000000000000E+000
   0.0000000000000000E+000
        90432  5.6604075082001800E-004  0.0000000000000000E+000
   0.0000000000000000E+000
        90624  7.1455804581893763E-004  0.0000000000000000E+000
   0.0000000000000000E+000
        90816  8.7157026183268770E-004  0.0000000000000000E+000
   0.0000000000000000E+000
        91008  9.1350261898806464E-004  0.0000000000000000E+000
   0.0000000000000000E+000
        91200  8.0494861814555795E-004  0.0000000000000000E+000
   0.0000000000000000E+000
        91392  6.8757468017426526E-004  0.0000000000000000E+000
   0.0000000000000000E+000
        91584  5.4273612605226795E-004  0.0000000000000000E+000
   0.0000000000000000E+000
        91776  4.5018533659446972E-004  0.0000000000000000E+000
   0.0000000000000000E+000
        91968  2.1006226301330136E-004  0.0000000000000000E+000
   0.0000000000000000E+000
        92160  2.8547238171729671E-004  0.0000000000000000E+000
   0.0000000000000000E+000
        92352  8.8894104312065112E-004  0.0000000000000000E+000
   0.0000000000000000E+000
        92544  1.9311007170145747E-003  0.0000000000000000E+000
   0.0000000000000000E+000
        92736  1.4260076808921996E-003  0.0000000000000000E+000
   0.0000000000000000E+000
        92928  3.7344942494300996E-004  0.0000000000000000E+000
   0.0000000000000000E+000
        93120  2.1852173213604626E-004  0.0000000000000000E+000
   0.0000000000000000E+000
        93312  1.3990385243332429E-004  0.0000000000000000E+000
   0.0000000000000000E+000
        93504  9.5771619771646170E-005  0.0000000000000000E+000
   0.0000000000000000E+000
        93696  7.2265581627506398E-005  0.0000000000000000E+000
   0.0000000000000000E+000
        93888  6.2525992414129054E-005  0.0000000000000000E+000
   0.0000000000000000E+000
        94080  6.8136453442626206E-005  0.0000000000000000E+000
   0.0000000000000000E+000
        94272  8.6393877439060291E-005  0.0000000000000000E+000
   0.0000000000000000E+000
        94464  1.0416520949256006E-004  0.0000000000000000E+000
   0.0000000000000000E+000
        94656  1.1060292617283203E-004  0.0000000000000000E+000
   0.0000000000000000E+000
        94848  1.0645818751770188E-004  0.0000000000000000E+000
   0.0000000000000000E+000
        95040  1.1720006460183036E-004  0.0000000000000000E+000
   0.0000000000000000E+000
        95232  1.3306223120162797E-004  0.0000000000000000E+000
   0.0000000000000000E+000
        95424  1.5265986853325145E-004  0.0000000000000000E+000
   0.0000000000000000E+000
        95616  1.8741661916779701E-004  0.0000000000000000E+000
   0.0000000000000000E+000
        95808  2.6251079466614650E-004  0.0000000000000000E+000
   0.0000000000000000E+000
        96000  3.9415186145509316E-004  0.0000000000000000E+000
   0.0000000000000000E+000
        96192  5.9795598557492761E-004  0.0000000000000000E+000
   0.0000000000000000E+000
        96384  9.6631351137779656E-004  0.0000000000000000E+000
   0.0000000000000000E+000
        96576  1.7302731693978899E-003  0.0000000000000000E+000
   0.0000000000000000E+000
        96768  2.7000007648584280E-003  0.0000000000000000E+000
   0.0000000000000000E+000
        96960  2.9341656785314128E-003  0.0000000000000000E+000
   0.0000000000000000E+000
        97152  1.0687710696745810E-003  0.0000000000000000E+000
   0.0000000000000000E+000
        97344  1.7502176112221981E-004  0.0000000000000000E+000
   0.0000000000000000E+000
        97536  1.1070811499981133E-004  0.0000000000000000E+000
   0.0000000000000000E+000
        97728  9.8327299354727919E-005  0.0000000000000000E+000
   0.0000000000000000E+000
        97920  9.7099589531729748E-005  0.0000000000000000E+000
   0.0000000000000000E+000
        98112  1.0458866898434310E-004  0.0000000000000000E+000
   0.0000000000000000E+000
        98304  1.2348264695720307E-004  0.0000000000000000E+000
   0.0000000000000000E+000
        98496  1.5887883224585561E-004  0.0000000000000000E+000
   0.0000000000000000E+000
        98688  2.2647267962723141E-004  0.0000000000000000E+000
   0.0000000000000000E+000
        98880  3.7186572297961772E-004  0.0000000000000000E+000
   0.0000000000000000E+000
        99072  7.0927074143562244E-004  0.0000000000000000E+000
   0.0000000000000000E+000
        99264  1.4753049100987492E-003  0.0000000000000000E+000
   0.0000000000000000E+000
        99456  3.0595662068765681E-003  0.0000000000000000E+000
   0.0000000000000000E+000
        99648  4.8151669504072608E-003  0.0000000000000000E+000
   0.0000000000000000E+000
        99840  1.5849616842116910E-003  0.0000000000000000E+000
   0.0000000000000000E+000
       100032  1.2145089713858202E-004  0.0000000000000000E+000
   0.0000000000000000E+000
       100224  1.2429533748950023E-004  0.0000000000000000E+000
   0.0000000000000000E+000
       100416  1.3878503736316326E-004  0.0000000000000000E+000
   0.0000000000000000E+000
       100608  1.6618552005113883E-004  0.0000000000000000E+000
   0.0000000000000000E+000
       100800  2.1355440419803807E-004  0.0000000000000000E+000
   0.0000000000000000E+000
       100992  2.9806753061387641E-004  0.0000000000000000E+000
   0.0000000000000000E+000
       101184  4.4635550673143243E-004  0.0000000000000000E+000
   0.0000000000000000E+000
       101376  6.8038177066728235E-004  0.0000000000000000E+000
   0.0000000000000000E+000
       101568  9.6835561942123735E-004  0.0000000000000000E+000
   0.0000000000000000E+000
       101760  1.2333498919980172E-003  0.0000000000000000E+000
   0.0000000000000000E+000
       101952  1.1638042448196277E-003  0.0000000000000000E+000
   0.0000000000000000E+000
       102144  2.9341795550675984E-004  0.0000000000000000E+000
   0.0000000000000000E+000
       102336  2.7699366697633477E-005  0.0000000000000000E+000
   0.0000000000000000E+000
       102528  1.1014581922075698E-005  0.0000000000000000E+000
   0.0000000000000000E+000
       102720  6.5983965109068627E-006  0.0000000000000000E+000
   0.0000000000000000E+000
       102912  4.1560586897275321E-006  0.0000000000000000E+000
   0.0000000000000000E+000
       103104  2.8015884784654017E-006  0.0000000000000000E+000
   0.0000000000000000E+000
       103296  1.8609713721239480E-006  0.0000000000000000E+000
   0.0000000000000000E+000
       103488  1.4523061878691045E-006  0.0000000000000000E+000
   0.0000000000000000E+000
       103680  1.3589554844160343E-006  0.0000000000000000E+000
   0.0000000000000000E+000
       103872  1.4630569172242356E-006  0.0000000000000000E+000
   0.0000000000000000E+000
       104064  1.7230673404727634E-006  0.0000000000000000E+000
   0.0000000000000000E+000
       104256  2.3685225565381746E-006  0.0000000000000000E+000
   0.0000000000000000E+000
       104448  4.1216813727393772E-006  0.0000000000000000E+000
   0.0000000000000000E+000
       104640  8.8628139035557250E-006  0.0000000000000000E+000
   0.0000000000000000E+000
       104832  2.3156062562593320E-005  0.0000000000000000E+000
   0.0000000000000000E+000
       105024  7.7031214628709690E-005  0.0000000000000000E+000
   0.0000000000000000E+000
       105216  3.0249546503469343E-004  0.0000000000000000E+000
   0.0000000000000000E+000
       105408  1.0632790284317208E-003  0.0000000000000000E+000
   0.0000000000000000E+000
       105600  2.4463579491179862E-003  0.0000000000000000E+000
   0.0000000000000000E+000
       105792  5.0345656420981355E-003  0.0000000000000000E+000
   0.0000000000000000E+000
       105984  3.7265262984932687E-003  0.0000000000000000E+000
   0.0000000000000000E+000
       106176  9.4727803686190022E-004  0.0000000000000000E+000
   0.0000000000000000E+000
       106368  8.6694354510083969E-004  0.0000000000000000E+000
   0.0000000000000000E+000
       106560  6.9340618638282501E-004  0.0000000000000000E+000
   0.0000000000000000E+000
       106752  5.0505683655166977E-004  0.0000000000000000E+000
   0.0000000000000000E+000
       106944  3.8209089638490269E-004  0.0000000000000000E+000
   0.0000000000000000E+000
       107136  3.0819697195684552E-004  0.0000000000000000E+000
   0.0000000000000000E+000
       107328  2.9191338931081414E-004  0.0000000000000000E+000
   0.0000000000000000E+000
       107520  3.4659564990158627E-004  0.0000000000000000E+000
   0.0000000000000000E+000
       107712  5.3207620652181487E-004  0.0000000000000000E+000
   0.0000000000000000E+000
       107904  8.9035267112847914E-004  0.0000000000000000E+000
   0.0000000000000000E+000
       108096  1.4196278018729983E-003  0.0000000000000000E+000
   0.0000000000000000E+000
       108288  1.7493502672288814E-003  0.0000000000000000E+000
   0.0000000000000000E+000
       108480  1.4120283462926272E-003  0.0000000000000000E+000
   0.0000000000000000E+000
       108672  1.1172915657640693E-003  0.0000000000000000E+000
   0.0000000000000000E+000
       108864  6.6337332629680954E-004  0.0000000000000000E+000
   0.0000000000000000E+000
       109056  3.3181560473220486E-004  0.0000000000000000E+000
   0.0000000000000000E+000
       109248  1.2908981403306750E-004  0.0000000000000000E+000
   0.0000000000000000E+000
       109440  1.2549981578573549E-004  0.0000000000000000E+000
   0.0000000000000000E+000
       109632  1.8322095476811472E-004  0.0000000000000000E+000
   0.0000000000000000E+000
       109824  4.4110006496597952E-004  0.0000000000000000E+000
   0.0000000000000000E+000
       110016  1.1728351125874443E-003  0.0000000000000000E+000
   0.0000000000000000E+000
       110208  1.2752368198373581E-003  0.0000000000000000E+000
   0.0000000000000000E+000
       110400  5.2956727539855216E-004  0.0000000000000000E+000
   0.0000000000000000E+000
       110592  2.4545140984034470E-004  0.0000000000000000E+000
   0.0000000000000000E+000
       110784  1.5307312351285114E-004  0.0000000000000000E+000
   0.0000000000000000E+000
       110976  1.0808921449882457E-004  0.0000000000000000E+000
   0.0000000000000000E+000
       111168  8.5419162379300059E-005  0.0000000000000000E+000
   0.0000000000000000E+000
       111360  8.2593395075019114E-005  0.0000000000000000E+000
   0.0000000000000000E+000
       111552  9.4435414178036919E-005  0.0000000000000000E+000
   0.0000000000000000E+000
       111744  1.0698040263049087E-004  0.0000000000000000E+000
   0.0000000000000000E+000
       111936  1.0896393043008779E-004  0.0000000000000000E+000
   0.0000000000000000E+000
       112128  1.0232865794916713E-004  0.0000000000000000E+000
   0.0000000000000000E+000
       112320  1.1086511012389453E-004  0.0000000000000000E+000
   0.0000000000000000E+000
       112512  1.2494932684810130E-004  0.0000000000000000E+000
   0.0000000000000000E+000
       112704  1.4362721323090961E-004  0.0000000000000000E+000
   0.0000000000000000E+000
       112896  1.7805224638986226E-004  0.0000000000000000E+000
   0.0000000000000000E+000
       113088  2.5528292819997685E-004  0.0000000000000000E+000
   0.0000000000000000E+000
       113280  3.9307255880818869E-004  0.0000000000000000E+000
   0.0000000000000000E+000
       113472  6.1127142092482010E-004  0.0000000000000000E+000
   0.0000000000000000E+000
       113664  1.0058013068931402E-003  0.0000000000000000E+000
   0.0000000000000000E+000
       113856  1.8656689094986650E-003  0.0000000000000000E+000
   0.0000000000000000E+000
       114048  2.8300386705180890E-003  0.0000000000000000E+000
   0.0000000000000000E+000
       114240  2.5641742295311959E-003  0.0000000000000000E+000
   0.0000000000000000E+000
       114432  6.7974109624449359E-004  0.0000000000000000E+000
   0.0000000000000000E+000
       114624  1.6499387004510288E-004  0.0000000000000000E+000
   0.0000000000000000E+000
       114816  1.0313457567606963E-004  0.0000000000000000E+000
   0.0000000000000000E+000
       115008  8.9326795108353986E-005  0.0000000000000000E+000
   0.0000000000000000E+000
       115200  8.8845553193958558E-005  0.0000000000000000E+000
   0.0000000000000000E+000
       115392  9.8367810371007876E-005  0.0000000000000000E+000
   0.0000000000000000E+000
       115584  1.2049595412216438E-004  0.0000000000000000E+000
   0.0000000000000000E+000
       115776  1.5995753655481264E-004  0.0000000000000000E+000
   0.0000000000000000E+000
       115968  2.2738340308710330E-004  0.0000000000000000E+000
   0.0000000000000000E+000
       116160  3.4466153496417632E-004  0.0000000000000000E+000
   0.0000000000000000E+000
       116352  5.4802171225679325E-004  0.0000000000000000E+000
   0.0000000000000000E+000
       116544  9.2078790378760081E-004  0.0000000000000000E+000
   0.0000000000000000E+000
       116736  1.7574657963221288E-003  0.0000000000000000E+000
   0.0000000000000000E+000
       116928  3.8291270613173070E-003  0.0000000000000000E+000
   0.0000000000000000E+000
       117120  6.0490299345788640E-003  0.0000000000000000E+000
   0.0000000000000000E+000
       117312  1.4411586054240139E-004  0.0000000000000000E+000
   0.0000000000000000E+000
       117504  1.2372662106341329E-004  0.0000000000000000E+000
   0.0000000000000000E+000
       117696  1.5288865339861587E-004  0.0000000000000000E+000
   0.0000000000000000E+000
       117888  1.8743810269284341E-004  0.0000000000000000E+000
   0.0000000000000000E+000
       118080  2.2360764815219643E-004  0.0000000000000000E+000
   0.0000000000000000E+000
       118272  2.6342440877643052E-004  0.0000000000000000E+000
   0.0000000000000000E+000
       118464  3.1052112971291415E-004  0.0000000000000000E+000
   0.0000000000000000E+000
       118656  3.6681684409478599E-004  0.0000000000000000E+000
   0.0000000000000000E+000
       118848  4.3851226985586547E-004  0.0000000000000000E+000
   0.0000000000000000E+000
       119040  5.3538649878374163E-004  0.0000000000000000E+000
   0.0000000000000000E+000
       119232  6.7172788634559067E-004  0.0000000000000000E+000
   0.0000000000000000E+000
       119424  9.9780564851137941E-004  0.0000000000000000E+000
   0.0000000000000000E+000
       119616  9.3515222013109821E-004  0.0000000000000000E+000
   0.0000000000000000E+000
       119808  4.9536198492525631E-004  0.0000000000000000E+000
   0.0000000000000000E+000
       120000  3.4000301651537313E-004  0.0000000000000000E+000
   0.0000000000000000E+000
       120192  2.6035083822936191E-004  0.0000000000000000E+000
   0.0000000000000000E+000
       120384  1.8488210771758470E-004  0.0000000000000000E+000
   0.0000000000000000E+000
       120576  1.2606873182588438E-004  0.0000000000000000E+000
   0.0000000000000000E+000
       120768  8.5716297370751386E-005  0.0000000000000000E+000
   0.0000000000000000E+000
       120960  7.2796717817767315E-005  0.0000000000000000E+000
   0.0000000000000000E+000
       121152  6.8700614691345651E-005  0.0000000000000000E+000
   0.0000000000000000E+000
       121344  6.9333744165245913E-005  0.0000000000000000E+000
   0.0000000000000000E+000
       121536  7.8387492314981757E-005  0.0000000000000000E+000
   0.0000000000000000E+000
       121728  1.0492610051271940E-004  0.0000000000000000E+000
   0.0000000000000000E+000
       121920  1.5575076871135937E-004  0.0000000000000000E+000
   0.0000000000000000E+000
       122112  2.4485970321581321E-004  0.0000000000000000E+000
   0.0000000000000000E+000
       122304  4.0490151522007374E-004  0.0000000000000000E+000
   0.0000000000000000E+000
       122496  6.5813795778027647E-004  0.0000000000000000E+000
   0.0000000000000000E+000
       122688  1.0094329587521751E-003  0.0000000000000000E+000
   0.0000000000000000E+000
       122880  1.5119498233143779E-003  0.0000000000000000E+000
   0.0000000000000000E+000
       123072  1.6349547060695397E-003  0.0000000000000000E+000
   0.0000000000000000E+000
       123264  1.1201014719634747E-003  0.0000000000000000E+000
   0.0000000000000000E+000
       123456  1.8036346382684111E-003  0.0000000000000000E+000
   0.0000000000000000E+000
       123648  2.1405964782594726E-003  0.0000000000000000E+000
   0.0000000000000000E+000
       123840  1.1636777364468062E-003  0.0000000000000000E+000
   0.0000000000000000E+000
       124032  9.2414946787646834E-004  0.0000000000000000E+000
   0.0000000000000000E+000
       124224  7.7825011322533294E-004  0.0000000000000000E+000
   0.0000000000000000E+000
       124416  5.9367751449226230E-004  0.0000000000000000E+000
   0.0000000000000000E+000
       124608  4.2936367784350088E-004  0.0000000000000000E+000
   0.0000000000000000E+000
       124800  2.9709683958413464E-004  0.0000000000000000E+000
   0.0000000000000000E+000
       124992  2.1583833952055359E-004  0.0000000000000000E+000
   0.0000000000000000E+000
       125184  1.7041695146542240E-004  0.0000000000000000E+000
   0.0000000000000000E+000
       125376  1.6647065955207368E-004  0.0000000000000000E+000
   0.0000000000000000E+000
       125568  3.2702201873441631E-004  0.0000000000000000E+000
   0.0000000000000000E+000
       125760  1.4109180862086701E-003  0.0000000000000000E+000
   0.0000000000000000E+000
       125952  4.8415970420783092E-003  0.0000000000000000E+000
   0.0000000000000000E+000
       126144  3.2870725778003981E-003  0.0000000000000000E+000
   0.0000000000000000E+000
       126336  2.4933572632612766E-004  0.0000000000000000E+000
   0.0000000000000000E+000
       126528  2.7460634558410907E-004  0.0000000000000000E+000
   0.0000000000000000E+000
       126720  3.1462041642487244E-004  0.0000000000000000E+000
   0.0000000000000000E+000
       126912  3.7875422176090963E-004  0.0000000000000000E+000
   0.0000000000000000E+000
       127104  4.9185010494834282E-004  0.0000000000000000E+000
   0.0000000000000000E+000
       127296  6.5937362500481818E-004  0.0000000000000000E+000
   0.0000000000000000E+000
       127488  7.9855736719975832E-004  0.0000000000000000E+000
   0.0000000000000000E+000
       127680  8.5235912015254201E-004  0.0000000000000000E+000
   0.0000000000000000E+000
       127872  8.4133075687038499E-004  0.0000000000000000E+000
   0.0000000000000000E+000
       128064  8.1697090656944070E-004  0.0000000000000000E+000
   0.0000000000000000E+000
       128256  3.5706980618602555E-004  0.0000000000000000E+000
   0.0000000000000000E+000
       128448  6.9564938128681888E-005  0.0000000000000000E+000
   0.0000000000000000E+000
       128640  1.7990312356771103E-005  0.0000000000000000E+000
   0.0000000000000000E+000
       128832  7.7988795850024885E-006  0.0000000000000000E+000
   0.0000000000000000E+000
       129024  4.2294281867600656E-006  0.0000000000000000E+000
   0.0000000000000000E+000
       129216  2.5513917562241287E-006  0.0000000000000000E+000
   0.0000000000000000E+000
       129408  1.7641825212732181E-006  0.0000000000000000E+000
   0.0000000000000000E+000
       129600  1.5306476684248217E-006  0.0000000000000000E+000
   0.0000000000000000E+000
       129792  1.5189338693165529E-006  0.0000000000000000E+000
   0.0000000000000000E+000
       129984  1.6321594290053042E-006  0.0000000000000000E+000
   0.0000000000000000E+000
       130176  1.9913694341943021E-006  0.0000000000000000E+000
   0.0000000000000000E+000
       130368  2.9171359122624886E-006  0.0000000000000000E+000
   0.0000000000000000E+000
       130560  4.8582120969174902E-006  0.0000000000000000E+000
   0.0000000000000000E+000
       130752  8.9774324725467291E-006  0.0000000000000000E+000
   0.0000000000000000E+000
       130944  1.9171636345037468E-005  0.0000000000000000E+000
   0.0000000000000000E+000
       131136  4.7565380934261473E-005  0.0000000000000000E+000
   0.0000000000000000E+000
       131328  1.4002104442039078E-004  0.0000000000000000E+000
   0.0000000000000000E+000
       131520  4.8875345944616240E-004  0.0000000000000000E+000
   0.0000000000000000E+000
       131712  1.6297193668967634E-003  0.0000000000000000E+000
   0.0000000000000000E+000
       131904  4.7170671139540503E-003  0.0000000000000000E+000
   0.0000000000000000E+000
       132096  5.7138351057633274E-003  0.0000000000000000E+000
   0.0000000000000000E+000
       132288  1.5676914226121180E-003  0.0000000000000000E+000
   0.0000000000000000E+000
       132480  1.5602292711998263E-003  0.0000000000000000E+000
   0.0000000000000000E+000
       132672  1.1786773953586854E-003  0.0000000000000000E+000
   0.0000000000000000E+000
       132864  7.9216492711086078E-004  0.0000000000000000E+000
   0.0000000000000000E+000
       133056  5.4425605097515076E-004  0.0000000000000000E+000
   0.0000000000000000E+000
       133248  3.6049646867307509E-004  0.0000000000000000E+000
   0.0000000000000000E+000
       133440  2.7271303006285878E-004  0.0000000000000000E+000
   0.0000000000000000E+000
       133632  2.3203800811888634E-004  0.0000000000000000E+000
   0.0000000000000000E+000
       133824  2.4164760247533988E-004  0.0000000000000000E+000
   0.0000000000000000E+000
       134016  3.2688110401923740E-004  0.0000000000000000E+000
   0.0000000000000000E+000
       134208  5.3931192149113101E-004  0.0000000000000000E+000
   0.0000000000000000E+000
       134400  9.6416861497340570E-004  0.0000000000000000E+000
   0.0000000000000000E+000
       134592  1.6482420343513090E-003  0.0000000000000000E+000
   0.0000000000000000E+000
       134784  1.8538190142032092E-003  0.0000000000000000E+000
   0.0000000000000000E+000
       134976  1.4024357868777958E-003  0.0000000000000000E+000
   0.0000000000000000E+000
       135168  7.9792804577670225E-004  0.0000000000000000E+000
   0.0000000000000000E+000
       135360  1.5268807536464760E-004  0.0000000000000000E+000
   0.0000000000000000E+000
       135552  9.7024957908673021E-005  0.0000000000000000E+000
   0.0000000000000000E+000
       135744  1.0133246604848967E-004  0.0000000000000000E+000
   0.0000000000000000E+000
       135936  1.2163376711197346E-004  0.0000000000000000E+000
   0.0000000000000000E+000
       136128  2.4941981964311105E-004  0.0000000000000000E+000
   0.0000000000000000E+000
       136320  8.8299659108731553E-004  0.0000000000000000E+000
   0.0000000000000000E+000
       136512  1.4775994513375075E-003  0.0000000000000000E+000
   0.0000000000000000E+000
       136704  6.3470833178865438E-004  0.0000000000000000E+000
   0.0000000000000000E+000
       136896  2.5483079499805046E-004  0.0000000000000000E+000
   0.0000000000000000E+000
       137088  1.4209623174738100E-004  0.0000000000000000E+000
   0.0000000000000000E+000
       137280  8.4699814832990141E-005  0.0000000000000000E+000
   0.0000000000000000E+000
       137472  5.2666449644468164E-005  0.0000000000000000E+000
   0.0000000000000000E+000
       137664  3.7175720305205234E-005  0.0000000000000000E+000
   0.0000000000000000E+000
       137856  2.7004889590529286E-005  0.0000000000000000E+000
   0.0000000000000000E+000
       138048  2.2213233262952762E-005  0.0000000000000000E+000
   0.0000000000000000E+000
       138240  2.2936227446174906E-005  0.0000000000000000E+000
   0.0000000000000000E+000
       138432  2.7255092114994044E-005  0.0000000000000000E+000
   0.0000000000000000E+000
       138624  3.5203798020474966E-005  0.0000000000000000E+000
   0.0000000000000000E+000
       138816  5.2715751339337100E-005  0.0000000000000000E+000
   0.0000000000000000E+000
       139008  9.8930043306673653E-005  0.0000000000000000E+000
   0.0000000000000000E+000
       139200  2.1545050930294276E-004  0.0000000000000000E+000
   0.0000000000000000E+000
       139392  4.9138636344517198E-004  0.0000000000000000E+000
   0.0000000000000000E+000
       139584  1.0231689511570482E-003  0.0000000000000000E+000
   0.0000000000000000E+000
       139776  1.8498888601844391E-003  0.0000000000000000E+000
   0.0000000000000000E+000
       139968  3.0664230387419948E-003  0.0000000000000000E+000
   0.0000000000000000E+000
       140160  1.8984611273760322E-003  0.0000000000000000E+000
   0.0000000000000000E+000
       140352  3.3060874003472033E-004  0.0000000000000000E+000
   0.0000000000000000E+000
       140544  1.9139947906472485E-004  0.0000000000000000E+000
   0.0000000000000000E+000
       140736  1.7227357048056480E-004  0.0000000000000000E+000
   0.0000000000000000E+000
       140928  1.8462712665087556E-004  0.0000000000000000E+000
   0.0000000000000000E+000
       141120  2.3203430129831333E-004  0.0000000000000000E+000
   0.0000000000000000E+000
       141312  3.3425262517809923E-004  0.0000000000000000E+000
   0.0000000000000000E+000
       141504  5.4999342140889306E-004  0.0000000000000000E+000
   0.0000000000000000E+000
       141696  9.3396599491178082E-004  0.0000000000000000E+000
   0.0000000000000000E+000
       141888  1.3714914186202163E-003  0.0000000000000000E+000
   0.0000000000000000E+000
       142080  1.4607722968202153E-003  0.0000000000000000E+000
   0.0000000000000000E+000
       142272  1.0734753040759330E-003  0.0000000000000000E+000
   0.0000000000000000E+000
       142464  5.4307713631961737E-004  0.0000000000000000E+000
   0.0000000000000000E+000
       142656  3.6329953347111004E-004  0.0000000000000000E+000
   0.0000000000000000E+000
       142848  2.8783691476793027E-004  0.0000000000000000E+000
   0.0000000000000000E+000
       143040  2.0945270965250600E-004  0.0000000000000000E+000
   0.0000000000000000E+000
       143232  1.5923355756319499E-004  0.0000000000000000E+000
   0.0000000000000000E+000
       143424  1.3485550998555785E-004  0.0000000000000000E+000
   0.0000000000000000E+000
       143616  1.2893313651094404E-004  0.0000000000000000E+000
   0.0000000000000000E+000
       143808  1.5570816510614475E-004  0.0000000000000000E+000
   0.0000000000000000E+000
       144000  4.0763943064345498E-004  0.0000000000000000E+000
   0.0000000000000000E+000
       144192  2.2657474634780674E-003  0.0000000000000000E+000
   0.0000000000000000E+000
       144384  6.2425390560091913E-003  0.0000000000000000E+000
   0.0000000000000000E+000
       144576  7.3161183496564248E-004  0.0000000000000000E+000
   0.0000000000000000E+000
       144768  5.4275803004280457E-004  0.0000000000000000E+000
   0.0000000000000000E+000
       144960  4.0503133937766023E-004  0.0000000000000000E+000
   0.0000000000000000E+000
       145152  2.4901210731169177E-004  0.0000000000000000E+000
   0.0000000000000000E+000
       145344  1.5530207916172910E-004  0.0000000000000000E+000
   0.0000000000000000E+000
       145536  1.0414947190417644E-004  0.0000000000000000E+000
   0.0000000000000000E+000
       145728  7.6885773667204147E-005  0.0000000000000000E+000
   0.0000000000000000E+000
       145920  6.9518177226240838E-005  0.0000000000000000E+000
   0.0000000000000000E+000
       146112  7.0838379275901675E-005  0.0000000000000000E+000
   0.0000000000000000E+000
       146304  7.2030551242298566E-005  0.0000000000000000E+000
   0.0000000000000000E+000
       146496  6.7829953836258218E-005  0.0000000000000000E+000
   0.0000000000000000E+000
       146688  6.0417497737036260E-005  0.0000000000000000E+000
   0.0000000000000000E+000
       146880  6.3360713257434021E-005  0.0000000000000000E+000
   0.0000000000000000E+000
       147072  7.0325962395937887E-005  0.0000000000000000E+000
   0.0000000000000000E+000
       147264  8.0170605111429605E-005  0.0000000000000000E+000
   0.0000000000000000E+000
       147456  9.9379398668083990E-005  0.0000000000000000E+000
   0.0000000000000000E+000
       147648  1.4235379969558670E-004  0.0000000000000000E+000
   0.0000000000000000E+000
       147840  2.2079981213519610E-004  0.0000000000000000E+000
   0.0000000000000000E+000
       148032  3.5449263848229073E-004  0.0000000000000000E+000
   0.0000000000000000E+000
       148224  5.8595995766327999E-004  0.0000000000000000E+000
   0.0000000000000000E+000
       148416  9.2529793976768918E-004  0.0000000000000000E+000
   0.0000000000000000E+000
       148608  1.4912958462124717E-003  0.0000000000000000E+000
   0.0000000000000000E+000
       148800  2.1257433094639387E-003  0.0000000000000000E+000
   0.0000000000000000E+000
       148992  2.6163934771963426E-003  0.0000000000000000E+000
   0.0000000000000000E+000
       149184  2.2262302904686717E-003  0.0000000000000000E+000
   0.0000000000000000E+000
       149376  8.2837513329034882E-004  0.0000000000000000E+000
   0.0000000000000000E+000
       149568  7.3121551939375545E-004  0.0000000000000000E+000
   0.0000000000000000E+000
       149760  7.7039675766332109E-004  0.0000000000000000E+000
   0.0000000000000000E+000
       149952  7.0423444199686769E-004  0.0000000000000000E+000
   0.0000000000000000E+000
       150144  5.4949699491991437E-004  0.0000000000000000E+000
   0.0000000000000000E+000
       150336  4.1192848830853693E-004  0.0000000000000000E+000
   0.0000000000000000E+000
       150528  2.9781117057807764E-004  0.0000000000000000E+000
   0.0000000000000000E+000
       150720  2.4115553953516183E-004  0.0000000000000000E+000
   0.0000000000000000E+000
       150912  2.6408734630412533E-004  0.0000000000000000E+000
   0.0000000000000000E+000
       151104  5.4860453834402730E-004  0.0000000000000000E+000
   0.0000000000000000E+000
       151296  1.5983442003625345E-003  0.0000000000000000E+000
   0.0000000000000000E+000
       151488  3.6271479178716305E-003  0.0000000000000000E+000
   0.0000000000000000E+000
       151680  2.0810683671710901E-003  0.0000000000000000E+000
   0.0000000000000000E+000
       151872  1.7381580361278123E-004  0.0000000000000000E+000
   0.0000000000000000E+000
       152064  1.8630429570085560E-004  0.0000000000000000E+000
   0.0000000000000000E+000
       152256  2.2201505579742619E-004  0.0000000000000000E+000
   0.0000000000000000E+000
       152448  2.8486488895799675E-004  0.0000000000000000E+000
   0.0000000000000000E+000
       152640  3.9160270150961283E-004  0.0000000000000000E+000
   0.0000000000000000E+000
       152832  5.7850509466303695E-004  0.0000000000000000E+000
   0.0000000000000000E+000
       153024  8.6883816855001079E-004  0.0000000000000000E+000
   0.0000000000000000E+000
       153216  1.1818025543718269E-003  0.0000000000000000E+000
   0.0000000000000000E+000
       153408  1.2306210302098059E-003  0.0000000000000000E+000
   0.0000000000000000E+000
       153600  1.1436898964573945E-003  0.0000000000000000E+000
   0.0000000000000000E+000
       153792  4.9549470043587301E-004  0.0000000000000000E+000
   0.0000000000000000E+000
       153984  4.4016870960521220E-005  0.0000000000000000E+000
   0.0000000000000000E+000
       154176  1.2011799669817632E-005  0.0000000000000000E+000
   0.0000000000000000E+000
       154368  7.2155897978135719E-006  0.0000000000000000E+000
   0.0000000000000000E+000
       154560  4.6913976811992849E-006  0.0000000000000000E+000
   0.0000000000000000E+000
       154752  3.0856997895892905E-006  0.0000000000000000E+000
   0.0000000000000000E+000
       154944  2.1333559153098820E-006  0.0000000000000000E+000
   0.0000000000000000E+000
       155136  1.5143711256836285E-006  0.0000000000000000E+000
   0.0000000000000000E+000
       155328  1.2817975414510982E-006  0.0000000000000000E+000
   0.0000000000000000E+000
       155520  1.2847697412847403E-006  0.0000000000000000E+000
   0.0000000000000000E+000
       155712  1.4671844700234921E-006  0.0000000000000000E+000
   0.0000000000000000E+000
       155904  1.8165373470674576E-006  0.0000000000000000E+000
   0.0000000000000000E+000
       156096  2.6117436018241152E-006  0.0000000000000000E+000
   0.0000000000000000E+000
       156288  4.7857604690262636E-006  0.0000000000000000E+000
   0.0000000000000000E+000
       156480  1.0820113066011116E-005  0.0000000000000000E+000
   0.0000000000000000E+000
       156672  2.9680532429093493E-005  0.0000000000000000E+000
   0.0000000000000000E+000
       156864  1.0216701942506342E-004  0.0000000000000000E+000
   0.0000000000000000E+000
       157056  3.9746036402183273E-004  0.0000000000000000E+000
   0.0000000000000000E+000
       157248  1.2579331556949373E-003  0.0000000000000000E+000
   0.0000000000000000E+000
       157440  2.7663761432764229E-003  0.0000000000000000E+000
   0.0000000000000000E+000
       157632  5.2714626979234337E-003  0.0000000000000000E+000
   0.0000000000000000E+000
       157824  3.0237575197224176E-003  0.0000000000000000E+000
   0.0000000000000000E+000
       158016  9.2333708727792944E-004  0.0000000000000000E+000
   0.0000000000000000E+000
       158208  8.4742181072106505E-004  0.0000000000000000E+000
   0.0000000000000000E+000
       158400  6.5777299272723694E-004  0.0000000000000000E+000
   0.0000000000000000E+000
       158592  4.7842699634865934E-004  0.0000000000000000E+000
   0.0000000000000000E+000
       158784  3.5931747146012534E-004  0.0000000000000000E+000
   0.0000000000000000E+000
       158976  2.9093351468505510E-004  0.0000000000000000E+000
   0.0000000000000000E+000
       159168  2.7554803659731369E-004  0.0000000000000000E+000
   0.0000000000000000E+000
       159360  3.2781088426739769E-004  0.0000000000000000E+000
   0.0000000000000000E+000
       159552  5.0521802573242703E-004  0.0000000000000000E+000
   0.0000000000000000E+000
       159744  8.7328294018961374E-004  0.0000000000000000E+000
   0.0000000000000000E+000
       159936  1.4494709688723322E-003  0.0000000000000000E+000
   0.0000000000000000E+000
       160128  1.8632698220365804E-003  0.0000000000000000E+000
   0.0000000000000000E+000
       160320  1.5760735042473235E-003  0.0000000000000000E+000
   0.0000000000000000E+000
       160512  1.2407480469873464E-003  0.0000000000000000E+000
   0.0000000000000000E+000
       160704  7.1711649154042095E-004  0.0000000000000000E+000
   0.0000000000000000E+000
       160896  3.0979694611074469E-004  0.0000000000000000E+000
   0.0000000000000000E+000
       161088  1.1389767098965647E-004  0.0000000000000000E+000
   0.0000000000000000E+000
       161280  1.0784310329305860E-004  0.0000000000000000E+000
   0.0000000000000000E+000
       161472  1.2761119503739695E-004  0.0000000000000000E+000
   0.0000000000000000E+000
       161664  2.1106745385293630E-004  0.0000000000000000E+000
   0.0000000000000000E+000
       161856  6.2785176245047539E-004  0.0000000000000000E+000
   0.0000000000000000E+000
       162048  1.5387461017548022E-003  0.0000000000000000E+000
   0.0000000000000000E+000
       162240  1.1358675105397685E-003  0.0000000000000000E+000
   0.0000000000000000E+000
       162432  3.5806064470854778E-004  0.0000000000000000E+000
   0.0000000000000000E+000
       162624  1.9490680734694308E-004  0.0000000000000000E+000
   0.0000000000000000E+000
       162816  1.2807489531836003E-004  0.0000000000000000E+000
   0.0000000000000000E+000
       163008  9.2483564693165263E-005  0.0000000000000000E+000
   0.0000000000000000E+000
       163200  7.9109476181537849E-005  0.0000000000000000E+000
   0.0000000000000000E+000
       163392  7.9369586533213700E-005  0.0000000000000000E+000
   0.0000000000000000E+000
       163584  8.3008948363375829E-005  0.0000000000000000E+000
   0.0000000000000000E+000
       163776  8.0698444694530662E-005  0.0000000000000000E+000
   0.0000000000000000E+000
       163968  7.4328213219634803E-005  0.0000000000000000E+000
   0.0000000000000000E+000
       164160  7.9534477720139503E-005  0.0000000000000000E+000
   0.0000000000000000E+000
       164352  8.9605880797008836E-005  0.0000000000000000E+000
   0.0000000000000000E+000
       164544  1.0296369998560997E-004  0.0000000000000000E+000
   0.0000000000000000E+000
       164736  1.2951195005775728E-004  0.0000000000000000E+000
   0.0000000000000000E+000
       164928  1.8775848995207005E-004  0.0000000000000000E+000
   0.0000000000000000E+000
       165120  2.9689322722991599E-004  0.0000000000000000E+000
   0.0000000000000000E+000
       165312  4.8658577054532719E-004  0.0000000000000000E+000
   0.0000000000000000E+000
       165504  8.0879835243327419E-004  0.0000000000000000E+000
   0.0000000000000000E+000
       165696  1.4462306953572633E-003  0.0000000000000000E+000
   0.0000000000000000E+000
       165888  2.5409701379398289E-003  0.0000000000000000E+000
   0.0000000000000000E+000
       166080  3.2210627523895190E-003  0.0000000000000000E+000
   0.0000000000000000E+000
       166272  1.6556088124190535E-003  0.0000000000000000E+000
   0.0000000000000000E+000
       166464  2.7011091095551306E-004  0.0000000000000000E+000
   0.0000000000000000E+000
       166656  1.5485443092446059E-004  0.0000000000000000E+000
   0.0000000000000000E+000
       166848  1.3669422218063782E-004  0.0000000000000000E+000
   0.0000000000000000E+000
       167040  1.3644002120145312E-004  0.0000000000000000E+000
   0.0000000000000000E+000
       167232  1.4807704764779552E-004  0.0000000000000000E+000
   0.0000000000000000E+000
       167424  1.7331020399114096E-004  0.0000000000000000E+000
   0.0000000000000000E+000
       167616  2.1416291688766261E-004  0.0000000000000000E+000
   0.0000000000000000E+000
       167808  2.7758176108011500E-004  0.0000000000000000E+000
   0.0000000000000000E+000
       168000  3.8242330767361641E-004  0.0000000000000000E+000
   0.0000000000000000E+000
       168192  5.6567157533168909E-004  0.0000000000000000E+000
   0.0000000000000000E+000
       168384  9.2406123964559287E-004  0.0000000000000000E+000
   0.0000000000000000E+000
       168576  1.7853584244354413E-003  0.0000000000000000E+000
   0.0000000000000000E+000
       168768  3.6917967841631886E-003  0.0000000000000000E+000
   0.0000000000000000E+000
       168960  5.1107501543754047E-003  0.0000000000000000E+000
   0.0000000000000000E+000
       169152  1.1862557147347696E-004  0.0000000000000000E+000
   0.0000000000000000E+000
       169344  8.8416945809678381E-005  0.0000000000000000E+000
   0.0000000000000000E+000
       169536  9.5883522073773159E-005  0.0000000000000000E+000
   0.0000000000000000E+000
       169728  1.0820035115592185E-004  0.0000000000000000E+000
   0.0000000000000000E+000
       169920  1.2465948009520003E-004  0.0000000000000000E+000
   0.0000000000000000E+000
       170112  1.5007359753958630E-004  0.0000000000000000E+000
   0.0000000000000000E+000
       170304  1.9327245575814959E-004  0.0000000000000000E+000
   0.0000000000000000E+000
       170496  2.6635733916607836E-004  0.0000000000000000E+000
   0.0000000000000000E+000
       170688  3.8733214001620951E-004  0.0000000000000000E+000
   0.0000000000000000E+000
       170880  5.7857635910868628E-004  0.0000000000000000E+000
   0.0000000000000000E+000
       171072  8.6434359340428833E-004  0.0000000000000000E+000
   0.0000000000000000E+000
       171264  1.3350805947845179E-003  0.0000000000000000E+000
   0.0000000000000000E+000
       171456  1.3145194984617750E-003  0.0000000000000000E+000
   0.0000000000000000E+000
       171648  6.5894765742896110E-004  0.0000000000000000E+000
   0.0000000000000000E+000
       171840  2.0067561480326387E-004  0.0000000000000000E+000
   0.0000000000000000E+000
       172032  6.4622343377638964E-005  0.0000000000000000E+000
   0.0000000000000000E+000
       172224  2.7564361183975539E-005  0.0000000000000000E+000
   0.0000000000000000E+000
       172416  1.3620206129302961E-005  0.0000000000000000E+000
   0.0000000000000000E+000
       172608  7.8767598859809097E-006  0.0000000000000000E+000
   0.0000000000000000E+000
       172800  6.0400416154203728E-006  0.0000000000000000E+000
   0.0000000000000000E+000
