          192  2.3420237833419663E-004  0.0000000000000000E+000
   0.0000000000000000E+000
          384  4.5551899816948297E-004  0.0000000000000000E+000
   0.0000000000000000E+000
          576  7.5099049212122440E-004  0.0000000000000000E+000
   0.0000000000000000E+000
          768  9.4218166916688764E-004  0.0000000000000000E+000
   0.0000000000000000E+000
          960  9.3670350454947381E-004  0.0000000000000000E+000
   0.0000000000000000E+000
         1152  9.3409092259526261E-004  0.0000000000000000E+000
   0.0000000000000000E+000
         1344  8.4646582050496553E-004  0.0000000000000000E+000
   0.0000000000000000E+000
         1536  6.5693658374216485E-004  0.0000000000000000E+000
   0.0000000000000000E+000
         1728  5.1718217341635109E-004  0.0000000000000000E+000
   0.0000000000000000E+000
         1920  4.6740756129488322E-004  0.0000000000000000E+000
   0.0000000000000000E+000
         2112  4.7735079100348095E-004  0.0000000000000000E+000
   0.0000000000000000E+000
         2304  5.0239663896597118E-004  0.0000000000000000E+000
   0.0000000000000000E+000
         2496  5.0709315237344689E-004  0.0000000000000000E+000
   0.0000000000000000E+000
         2688  4.8513003493262625E-004  0.0000000000000000E+000
   0.0000000000000000E+000
         2880  4.5993934873512392E-004  0.0000000000000000E+000
   0.0000000000000000E+000
         3072  4.4473933117201319E-004  0.0000000000000000E+000
   0.0000000000000000E+000
         3264  4.4398999185590822E-004  0.0000000000000000E+000
   0.0000000000000000E+000
         3456  4.6084985456339633E-004  0.0000000000000000E+000
   0.0000000000000000E+000
         3648  4.9561509577596705E-004  0.0000000000000000E+000
   0.0000000000000000E+000
         3840  5.4611997311714889E-004  0.0000000000000000E+000
   0.0000000000000000E+000
         4032  6.0413098006842619E-004  0.0000000000000000E+000
   0.0000000000000000E+000
         4224  6.4670022250515194E-004  0.0000000000000000E+000
   0.0000000000000000E+000
         4416  6.5120431736360540E-004  0.0000000000000000E+000
   0.0000000000000000E+000
         4608  6.3040221357553569E-004  0.0000000000000000E+000
   0.0000000000000000E+000
         4800  6.0425998667594733E-004  0.0000000000000000E+000
   0.0000000000000000E+000
         4992  5.8181228195220607E-004  0.0000000000000000E+000
   0.0000000000000000E+000
         5184  5.7414433591408730E-004  0.0000000000000000E+000
   0.0000000000000000E+000
         5376  5.7633264576514561E-004  0.0000000000000000E+000
   0.0000000000000000E+000
         5568  5.7658904491242704E-004  0.0000000000000000E+000
   0.0000000000000000E+000
         5760  5.5669570690756976E-004  0.0000000000000000E+000
   0.0000000000000000E+000
         5952  5.2471952038401777E-004  0.0000000000000000E+000
   0.0000000000000000E+000
         6144  4.9666090416924621E-004  0.0000000000000000E+000
   0.0000000000000000E+000
         6336  4.7570003183355312E-004  0.0000000000000000E+000
   0.0000000000000000E+000
         6528  4.6039113858952369E-004  0.0000000000000000E+000
   0.0000000000000000E+000
         6720  4.4490726229669915E-004  0.0000000000000000E+000
   0.0000000000000000E+000
         6912  4.2495031339312965E-004  0.0000000000000000E+000
   0.0000000000000000E+000
         7104  4.0221608738654873E-004  0.0000000000000000E+000
   0.0000000000000000E+000
         7296  3.8177302886272885E-004  0.0000000000000000E+000
   0.0000000000000000E+000
         7488  3.6538214494967036E-004  0.0000000000000000E+000
   0.0000000000000000E+000
         7680  3.5202686340155069E-004  0.0000000000000000E+000
   0.0000000000000000E+000
         7872  3.4506832288805611E-004  0.0000000000000000E+000
   0.0000000000000000E+000
         8064  3.4814785495519761E-004  0.0000000000000000E+000
   0.0000000000000000E+000
         8256  3.5207427422951178E-004  0.0000000000000000E+000
   0.0000000000000000E+000
         8448  3.7689320877099826E-004  0.0000000000000000E+000
   0.0000000000000000E+000
         8640  4.1599409053186764E-004  0.0000000000000000E+000
   0.0000000000000000E+000
         8832  5.1471478138606999E-004  0.0000000000000000E+000
   0.0000000000000000E+000
         9024  6.6445713627134189E-004  0.0000000000000000E+000
   0.0000000000000000E+000
         9216  8.4559313947118282E-004  0.0000000000000000E+000
   0.0000000000000000E+000
         9408  9.5025401401987130E-004  0.0000000000000000E+000
   0.0000000000000000E+000
         9600  9.7096546307501828E-004  0.0000000000000000E+000
   0.0000000000000000E+000
         9792  8.4392463242185037E-004  0.0000000000000000E+000
   0.0000000000000000E+000
         9984  6.7187658243185531E-004  0.0000000000000000E+000
   0.0000000000000000E+000
        10176  5.3993280760371342E-004  0.0000000000000000E+000
   0.0000000000000000E+000
        10368  4.6690540509555811E-004  0.0000000000000000E+000
   0.0000000000000000E+000
        10560  4.4650973866811402E-004  0.0000000000000000E+000
   0.0000000000000000E+000
        10752  4.6588603102286509E-004  0.0000000000000000E+000
   0.0000000000000000E+000
        10944  4.9669096483496902E-004  0.0000000000000000E+000
   0.0000000000000000E+000
        11136  5.2562680013846954E-004  0.0000000000000000E+000
   0.0000000000000000E+000
        11328  5.5192032378917257E-004  0.0000000000000000E+000
   0.0000000000000000E+000
        11520  5.8172970265297933E-004  0.0000000000000000E+000
   0.0000000000000000E+000
        11712  6.1329817664978580E-004  0.0000000000000000E+000
   0.0000000000000000E+000
        11904  6.2848417428568116E-004  0.0000000000000000E+000
   0.0000000000000000E+000
        12096  6.1745119073694195E-004  0.0000000000000000E+000
   0.0000000000000000E+000
        12288  5.9957826428688407E-004  0.0000000000000000E+000
   0.0000000000000000E+000
        12480  5.9830492279981412E-004  0.0000000000000000E+000
   0.0000000000000000E+000
        12672  6.2271818179372978E-004  0.0000000000000000E+000
   0.0000000000000000E+000
        12864  6.6254631458637189E-004  0.0000000000000000E+000
   0.0000000000000000E+000
        13056  6.8464289099311518E-004  0.0000000000000000E+000
   0.0000000000000000E+000
        13248  6.6304093489546220E-004  0.0000000000000000E+000
   0.0000000000000000E+000
        13440  6.1271893360221404E-004  0.0000000000000000E+000
   0.0000000000000000E+000
        13632  5.7203368549366151E-004  0.0000000000000000E+000
   0.0000000000000000E+000
        13824  5.6464527071646792E-004  0.0000000000000000E+000
   0.0000000000000000E+000
        14016  5.8283846747611112E-004  0.0000000000000000E+000
   0.0000000000000000E+000
        14208  6.0032348747561992E-004  0.0000000000000000E+000
   0.0000000000000000E+000
        14400  5.8415198576682232E-004  0.0000000000000000E+000
   0.0000000000000000E+000
        14592  5.4647020948199779E-004  0.0000000000000000E+000
   0.0000000000000000E+000
        14784  5.1543831875393287E-004  0.0000000000000000E+000
   0.0000000000000000E+000
        14976  4.9614306776605036E-004  0.0000000000000000E+000
   0.0000000000000000E+000
        15168  4.8404109726934909E-004  0.0000000000000000E+000
   0.0000000000000000E+000
        15360  4.7084513088956569E-004  0.0000000000000000E+000
   0.0000000000000000E+000
        15552  4.5129481895110147E-004  0.0000000000000000E+000
   0.0000000000000000E+000
        15744  4.2818359439710494E-004  0.0000000000000000E+000
   0.0000000000000000E+000
        15936  4.0807967045505421E-004  0.0000000000000000E+000
   0.0000000000000000E+000
        16128  3.9293661009268160E-004  0.0000000000000000E+000
   0.0000000000000000E+000
        16320  3.8100204794875718E-004  0.0000000000000000E+000
   0.0000000000000000E+000
        16512  3.7551833038430469E-004  0.0000000000000000E+000
   0.0000000000000000E+000
        16704  3.7907123858590388E-004  0.0000000000000000E+000
   0.0000000000000000E+000
        16896  3.8235441414850857E-004  0.0000000000000000E+000
   0.0000000000000000E+000
        17088  4.0351186806164303E-004  0.0000000000000000E+000
   0.0000000000000000E+000
        17280  4.5148314131241498E-004  0.0000000000000000E+000
   0.0000000000000000E+000
        17472  5.6153058397861945E-004  0.0000000000000000E+000
   0.0000000000000000E+000
        17664  7.1282658184476167E-004  0.0000000000000000E+000
   0.0000000000000000E+000
        17856  8.4897269344053603E-004  0.0000000000000000E+000
   0.0000000000000000E+000
        18048  9.1085167785351947E-004  0.0000000000000000E+000
   0.0000000000000000E+000
        18240  8.9158285230131625E-004  0.0000000000000000E+000
   0.0000000000000000E+000
        18432  7.6048134606909951E-004  0.0000000000000000E+000
   0.0000000000000000E+000
        18624  6.3635837239743543E-004  0.0000000000000000E+000
   0.0000000000000000E+000
        18816  5.6127455131357504E-004  0.0000000000000000E+000
   0.0000000000000000E+000
        19008  5.2188472258235476E-004  0.0000000000000000E+000
   0.0000000000000000E+000
        19200  5.0593363347239051E-004  0.0000000000000000E+000
   0.0000000000000000E+000
        19392  5.0532828954243515E-004  0.0000000000000000E+000
   0.0000000000000000E+000
        19584  5.0444618298699825E-004  0.0000000000000000E+000
   0.0000000000000000E+000
        19776  5.0838848684349566E-004  0.0000000000000000E+000
   0.0000000000000000E+000
        19968  5.1862987136406667E-004  0.0000000000000000E+000
   0.0000000000000000E+000
        20160  5.3972572800559517E-004  0.0000000000000000E+000
   0.0000000000000000E+000
        20352  5.7569474329452572E-004  0.0000000000000000E+000
   0.0000000000000000E+000
        20544  6.1400309782004797E-004  0.0000000000000000E+000
   0.0000000000000000E+000
        20736  6.2787914613865090E-004  0.0000000000000000E+000
   0.0000000000000000E+000
        20928  6.2220672945315547E-004  0.0000000000000000E+000
   0.0000000000000000E+000
        21120  6.3191224458241529E-004  0.0000000000000000E+000
   0.0000000000000000E+000
        21312  6.6328629173033240E-004  0.0000000000000000E+000
   0.0000000000000000E+000
        21504  6.9366897620115728E-004  0.0000000000000000E+000
   0.0000000000000000E+000
        21696  6.9726762097675223E-004  0.0000000000000000E+000
   0.0000000000000000E+000
        21888  6.6706600760845121E-004  0.0000000000000000E+000
   0.0000000000000000E+000
        22080  6.1352448517431582E-004  0.0000000000000000E+000
   0.0000000000000000E+000
        22272  5.6810737570139240E-004  0.0000000000000000E+000
   0.0000000000000000E+000
        22464  5.5763411300502309E-004  0.0000000000000000E+000
   0.0000000000000000E+000
        22656  5.7654676126098333E-004  0.0000000000000000E+000
   0.0000000000000000E+000
        22848  6.0050284732702944E-004  0.0000000000000000E+000
   0.0000000000000000E+000
        23040  5.9192887700414924E-004  0.0000000000000000E+000
   0.0000000000000000E+000
        23232  5.5442486131096870E-004  0.0000000000000000E+000
   0.0000000000000000E+000
        23424  5.1883466906317132E-004  0.0000000000000000E+000
   0.0000000000000000E+000
        23616  4.9513405075063573E-004  0.0000000000000000E+000
   0.0000000000000000E+000
        23808  4.8034683869951553E-004  0.0000000000000000E+000
   0.0000000000000000E+000
        24000  4.6644229967688500E-004  0.0000000000000000E+000
   0.0000000000000000E+000
        24192  4.4764182346519781E-004  0.0000000000000000E+000
   0.0000000000000000E+000
        24384  4.2615624678324837E-004  0.0000000000000000E+000
   0.0000000000000000E+000
        24576  4.0875504767331951E-004  0.0000000000000000E+000
   0.0000000000000000E+000
        24768  3.9735118146624459E-004  0.0000000000000000E+000
   0.0000000000000000E+000
        24960  3.8953469707925291E-004  0.0000000000000000E+000
   0.0000000000000000E+000
        25152  3.8797089955590629E-004  0.0000000000000000E+000
   0.0000000000000000E+000
        25344  3.9420201026391783E-004  0.0000000000000000E+000
   0.0000000000000000E+000
        25536  3.9689893934677232E-004  0.0000000000000000E+000
   0.0000000000000000E+000
        25728  4.1625837554590359E-004  0.0000000000000000E+000
   0.0000000000000000E+000
        25920  4.6320752203550964E-004  0.0000000000000000E+000
   0.0000000000000000E+000
        26112  5.6763980840489748E-004  0.0000000000000000E+000
   0.0000000000000000E+000
        26304  7.2210237349296829E-004  0.0000000000000000E+000
   0.0000000000000000E+000
        26496  8.5244516694145042E-004  0.0000000000000000E+000
   0.0000000000000000E+000
        26688  9.4182768587382725E-004  0.0000000000000000E+000
   0.0000000000000000E+000
        26880  8.9351897515727030E-004  0.0000000000000000E+000
   0.0000000000000000E+000
        27072  7.4604573035260487E-004  0.0000000000000000E+000
   0.0000000000000000E+000
        27264  6.4772136411899762E-004  0.0000000000000000E+000
   0.0000000000000000E+000
        27456  6.0027185138029091E-004  0.0000000000000000E+000
   0.0000000000000000E+000
        27648  5.6701481164258757E-004  0.0000000000000000E+000
   0.0000000000000000E+000
        27840  5.3571022417813754E-004  0.0000000000000000E+000
   0.0000000000000000E+000
        28032  5.1362977789930176E-004  0.0000000000000000E+000
   0.0000000000000000E+000
        28224  4.9662848224882642E-004  0.0000000000000000E+000
   0.0000000000000000E+000
        28416  4.9303882179675749E-004  0.0000000000000000E+000
   0.0000000000000000E+000
        28608  4.9924771741255392E-004  0.0000000000000000E+000
   0.0000000000000000E+000
        28800  5.1680818547921717E-004  0.0000000000000000E+000
   0.0000000000000000E+000
        28992  5.5320260719016385E-004  0.0000000000000000E+000
   0.0000000000000000E+000
        29184  6.0326442772307175E-004  0.0000000000000000E+000
   0.0000000000000000E+000
        29376  6.3199044842133319E-004  0.0000000000000000E+000
   0.0000000000000000E+000
        29568  6.2414374307950837E-004  0.0000000000000000E+000
   0.0000000000000000E+000
        29760  6.2975777468650342E-004  0.0000000000000000E+000
   0.0000000000000000E+000
        29952  6.6340717258125709E-004  0.0000000000000000E+000
   0.0000000000000000E+000
        30144  6.9744468509704862E-004  0.0000000000000000E+000
   0.0000000000000000E+000
        30336  7.0522123048381673E-004  0.0000000000000000E+000
   0.0000000000000000E+000
        30528  6.8140237155967453E-004  0.0000000000000000E+000
   0.0000000000000000E+000
        30720  6.2745897063211744E-004  0.0000000000000000E+000
   0.0000000000000000E+000
        30912  5.7272908415814737E-004  0.0000000000000000E+000
   0.0000000000000000E+000
        31104  5.5422871866593712E-004  0.0000000000000000E+000
   0.0000000000000000E+000
        31296  5.7033553896930576E-004  0.0000000000000000E+000
   0.0000000000000000E+000
        31488  5.9787200895886148E-004  0.0000000000000000E+000
   0.0000000000000000E+000
        31680  5.9527680453369742E-004  0.0000000000000000E+000
   0.0000000000000000E+000
        31872  5.5857647161750576E-004  0.0000000000000000E+000
   0.0000000000000000E+000
        32064  5.2043986347387382E-004  0.0000000000000000E+000
   0.0000000000000000E+000
        32256  4.9483441815984441E-004  0.0000000000000000E+000
   0.0000000000000000E+000
        32448  4.7956713629686520E-004  0.0000000000000000E+000
   0.0000000000000000E+000
        32640  4.6615715571697705E-004  0.0000000000000000E+000
   0.0000000000000000E+000
        32832  4.4795423672171783E-004  0.0000000000000000E+000
   0.0000000000000000E+000
        33024  4.2661941292702535E-004  0.0000000000000000E+000
   0.0000000000000000E+000
        33216  4.0923806763240822E-004  0.0000000000000000E+000
   0.0000000000000000E+000
        33408  3.9808162033925669E-004  0.0000000000000000E+000
   0.0000000000000000E+000
        33600  3.9082204554555250E-004  0.0000000000000000E+000
   0.0000000000000000E+000
        33792  3.8999369239184757E-004  0.0000000000000000E+000
   0.0000000000000000E+000
        33984  3.9710509509849269E-004  0.0000000000000000E+000
   0.0000000000000000E+000
        34176  3.9974298732715235E-004  0.0000000000000000E+000
   0.0000000000000000E+000
        34368  4.1928380130145119E-004  0.0000000000000000E+000
   0.0000000000000000E+000
        34560  4.6888516720243402E-004  0.0000000000000000E+000
   0.0000000000000000E+000
        34752  5.7251470986824675E-004  0.0000000000000000E+000
   0.0000000000000000E+000
        34944  7.3570488567002387E-004  0.0000000000000000E+000
   0.0000000000000000E+000
        35136  8.6077526993226842E-004  0.0000000000000000E+000
   0.0000000000000000E+000
        35328  9.6053478642704141E-004  0.0000000000000000E+000
   0.0000000000000000E+000
        35520  8.9655351263852909E-004  0.0000000000000000E+000
   0.0000000000000000E+000
        35712  7.5053935044639851E-004  0.0000000000000000E+000
   0.0000000000000000E+000
        35904  6.6800814278346516E-004  0.0000000000000000E+000
   0.0000000000000000E+000
        36096  6.2636680774227178E-004  0.0000000000000000E+000
   0.0000000000000000E+000
        36288  5.8722870846927605E-004  0.0000000000000000E+000
   0.0000000000000000E+000
        36480  5.4130547191736506E-004  0.0000000000000000E+000
   0.0000000000000000E+000
        36672  5.0479216148802857E-004  0.0000000000000000E+000
   0.0000000000000000E+000
        36864  4.8301861670506098E-004  0.0000000000000000E+000
   0.0000000000000000E+000
        37056  4.8338490593894447E-004  0.0000000000000000E+000
   0.0000000000000000E+000
        37248  4.9521855264162036E-004  0.0000000000000000E+000
   0.0000000000000000E+000
        37440  5.1560685064492749E-004  0.0000000000000000E+000
   0.0000000000000000E+000
        37632  5.5267365532935832E-004  0.0000000000000000E+000
   0.0000000000000000E+000
        37824  6.0413508220648598E-004  0.0000000000000000E+000
   0.0000000000000000E+000
        38016  6.3318455268026133E-004  0.0000000000000000E+000
   0.0000000000000000E+000
        38208  6.2047711442517867E-004  0.0000000000000000E+000
   0.0000000000000000E+000
        38400  6.2514917662395599E-004  0.0000000000000000E+000
   0.0000000000000000E+000
        38592  6.6359319533952957E-004  0.0000000000000000E+000
   0.0000000000000000E+000
        38784  7.0291511581280501E-004  0.0000000000000000E+000
   0.0000000000000000E+000
        38976  7.1275773889496882E-004  0.0000000000000000E+000
   0.0000000000000000E+000
        39168  6.8890842633850466E-004  0.0000000000000000E+000
   0.0000000000000000E+000
        39360  6.3247660360885895E-004  0.0000000000000000E+000
   0.0000000000000000E+000
        39552  5.7318893466125993E-004  0.0000000000000000E+000
   0.0000000000000000E+000
        39744  5.5206645618377981E-004  0.0000000000000000E+000
   0.0000000000000000E+000
        39936  5.6806027444648171E-004  0.0000000000000000E+000
   0.0000000000000000E+000
        40128  5.9773665714134598E-004  0.0000000000000000E+000
   0.0000000000000000E+000
        40320  5.9757614863243584E-004  0.0000000000000000E+000
   0.0000000000000000E+000
        40512  5.6100026426620221E-004  0.0000000000000000E+000
   0.0000000000000000E+000
        40704  5.2188238173716585E-004  0.0000000000000000E+000
   0.0000000000000000E+000
        40896  4.9572008360607514E-004  0.0000000000000000E+000
   0.0000000000000000E+000
        41088  4.8036330067015347E-004  0.0000000000000000E+000
   0.0000000000000000E+000
        41280  4.6698647080710469E-004  0.0000000000000000E+000
   0.0000000000000000E+000
        41472  4.4860161191570362E-004  0.0000000000000000E+000
   0.0000000000000000E+000
        41664  4.2681279287115636E-004  0.0000000000000000E+000
   0.0000000000000000E+000
        41856  4.0900333912718154E-004  0.0000000000000000E+000
   0.0000000000000000E+000
        42048  3.9768635321152986E-004  0.0000000000000000E+000
   0.0000000000000000E+000
        42240  3.9059534828357097E-004  0.0000000000000000E+000
   0.0000000000000000E+000
        42432  3.9020259456933016E-004  0.0000000000000000E+000
   0.0000000000000000E+000
        42624  3.9808665379854067E-004  0.0000000000000000E+000
   0.0000000000000000E+000
        42816  4.0140352479777500E-004  0.0000000000000000E+000
   0.0000000000000000E+000
        43008  4.2166793424476014E-004  0.0000000000000000E+000
   0.0000000000000000E+000
        43200  4.7357672571670507E-004  0.0000000000000000E+000
   0.0000000000000000E+000
        43392  5.7730297648102800E-004  0.0000000000000000E+000
   0.0000000000000000E+000
        43584  7.4590601602138166E-004  0.0000000000000000E+000
   0.0000000000000000E+000
        43776  8.7779008471341069E-004  0.0000000000000000E+000
   0.0000000000000000E+000
        43968  9.8191997810629771E-004  0.0000000000000000E+000
   0.0000000000000000E+000
        44160  8.9527257565593028E-004  0.0000000000000000E+000
   0.0000000000000000E+000
        44352  7.5388740016890622E-004  0.0000000000000000E+000
   0.0000000000000000E+000
        44544  6.7412123693406630E-004  0.0000000000000000E+000
   0.0000000000000000E+000
        44736  6.3215533474522603E-004  0.0000000000000000E+000
   0.0000000000000000E+000
        44928  5.8841739557681820E-004  0.0000000000000000E+000
   0.0000000000000000E+000
        45120  5.4086414811396668E-004  0.0000000000000000E+000
   0.0000000000000000E+000
        45312  5.0582051440001144E-004  0.0000000000000000E+000
   0.0000000000000000E+000
        45504  4.8463177840446780E-004  0.0000000000000000E+000
   0.0000000000000000E+000
        45696  4.8386915434731840E-004  0.0000000000000000E+000
   0.0000000000000000E+000
        45888  4.9438947725699740E-004  0.0000000000000000E+000
   0.0000000000000000E+000
        46080  5.1321705949469091E-004  0.0000000000000000E+000
   0.0000000000000000E+000
        46272  5.4856361632303890E-004  0.0000000000000000E+000
   0.0000000000000000E+000
        46464  5.9931825119023652E-004  0.0000000000000000E+000
   0.0000000000000000E+000
        46656  6.3015522003786887E-004  0.0000000000000000E+000
   0.0000000000000000E+000
        46848  6.1893393567114983E-004  0.0000000000000000E+000
   0.0000000000000000E+000
        47040  6.2439984527335455E-004  0.0000000000000000E+000
   0.0000000000000000E+000
        47232  6.6539393119421182E-004  0.0000000000000000E+000
   0.0000000000000000E+000
        47424  7.0760586136022288E-004  0.0000000000000000E+000
   0.0000000000000000E+000
        47616  7.1813871475476796E-004  0.0000000000000000E+000
   0.0000000000000000E+000
        47808  6.9354143846326851E-004  0.0000000000000000E+000
   0.0000000000000000E+000
        48000  6.3647576021057597E-004  0.0000000000000000E+000
   0.0000000000000000E+000
        48192  5.7564312911084368E-004  0.0000000000000000E+000
   0.0000000000000000E+000
        48384  5.5289136019119069E-004  0.0000000000000000E+000
   0.0000000000000000E+000
        48576  5.6791625296528220E-004  0.0000000000000000E+000
   0.0000000000000000E+000
        48768  5.9758468388910503E-004  0.0000000000000000E+000
   0.0000000000000000E+000
        48960  5.9828869647447433E-004  0.0000000000000000E+000
   0.0000000000000000E+000
        49152  5.6235163277901755E-004  0.0000000000000000E+000
   0.0000000000000000E+000
        49344  5.2329680652183936E-004  0.0000000000000000E+000
   0.0000000000000000E+000
        49536  4.9708754360258743E-004  0.0000000000000000E+000
   0.0000000000000000E+000
        49728  4.8169854754409830E-004  0.0000000000000000E+000
   0.0000000000000000E+000
        49920  4.6822281090472538E-004  0.0000000000000000E+000
   0.0000000000000000E+000
        50112  4.4957353748132528E-004  0.0000000000000000E+000
   0.0000000000000000E+000
        50304  4.2734393503703207E-004  0.0000000000000000E+000
   0.0000000000000000E+000
        50496  4.0902974464916421E-004  0.0000000000000000E+000
   0.0000000000000000E+000
        50688  3.9729536254933998E-004  0.0000000000000000E+000
   0.0000000000000000E+000
        50880  3.8998631416226000E-004  0.0000000000000000E+000
   0.0000000000000000E+000
        51072  3.8963673748053628E-004  0.0000000000000000E+000
   0.0000000000000000E+000
        51264  3.9791022236790330E-004  0.0000000000000000E+000
   0.0000000000000000E+000
        51456  4.0178779443499920E-004  0.0000000000000000E+000
   0.0000000000000000E+000
        51648  4.2280338805914111E-004  0.0000000000000000E+000
   0.0000000000000000E+000
        51840  4.7772990928981134E-004  0.0000000000000000E+000
   0.0000000000000000E+000
        52032  5.8206124421909724E-004  0.0000000000000000E+000
   0.0000000000000000E+000
        52224  7.5447482608912320E-004  0.0000000000000000E+000
   0.0000000000000000E+000
        52416  8.9222504319276953E-004  0.0000000000000000E+000
   0.0000000000000000E+000
        52608  9.9274810879730266E-004  0.0000000000000000E+000
   0.0000000000000000E+000
        52800  8.9472584167780663E-004  0.0000000000000000E+000
   0.0000000000000000E+000
        52992  7.6073853891681759E-004  0.0000000000000000E+000
   0.0000000000000000E+000
        53184  6.7649551346324105E-004  0.0000000000000000E+000
   0.0000000000000000E+000
        53376  6.3144855912715598E-004  0.0000000000000000E+000
   0.0000000000000000E+000
        53568  5.9012103289631543E-004  0.0000000000000000E+000
   0.0000000000000000E+000
        53760  5.4472218628215429E-004  0.0000000000000000E+000
   0.0000000000000000E+000
        53952  5.1010077067095456E-004  0.0000000000000000E+000
   0.0000000000000000E+000
        54144  4.8749907797394421E-004  0.0000000000000000E+000
   0.0000000000000000E+000
        54336  4.8641411779895896E-004  0.0000000000000000E+000
   0.0000000000000000E+000
        54528  4.9699851846290186E-004  0.0000000000000000E+000
   0.0000000000000000E+000
        54720  5.1503213626115623E-004  0.0000000000000000E+000
   0.0000000000000000E+000
        54912  5.4820781459329027E-004  0.0000000000000000E+000
   0.0000000000000000E+000
        55104  5.9607091337914822E-004  0.0000000000000000E+000
   0.0000000000000000E+000
        55296  6.2599159407375113E-004  0.0000000000000000E+000
   0.0000000000000000E+000
        55488  6.1458089476937197E-004  0.0000000000000000E+000
   0.0000000000000000E+000
        55680  6.1881198058617653E-004  0.0000000000000000E+000
   0.0000000000000000E+000
        55872  6.6109539688097600E-004  0.0000000000000000E+000
   0.0000000000000000E+000
        56064  7.0723217398264374E-004  0.0000000000000000E+000
   0.0000000000000000E+000
        56256  7.2091317728346677E-004  0.0000000000000000E+000
   0.0000000000000000E+000
        56448  6.9727230305461306E-004  0.0000000000000000E+000
   0.0000000000000000E+000
        56640  6.4070277758309453E-004  0.0000000000000000E+000
   0.0000000000000000E+000
        56832  5.7908412426310079E-004  0.0000000000000000E+000
   0.0000000000000000E+000
        57024  5.5466067803559675E-004  0.0000000000000000E+000
   0.0000000000000000E+000
        57216  5.6820295619225674E-004  0.0000000000000000E+000
   0.0000000000000000E+000
        57408  5.9717252062544063E-004  0.0000000000000000E+000
   0.0000000000000000E+000
        57600  5.9838899778618217E-004  0.0000000000000000E+000
   0.0000000000000000E+000
        57792  5.6324364799330252E-004  0.0000000000000000E+000
   0.0000000000000000E+000
        57984  5.2438111214520510E-004  0.0000000000000000E+000
   0.0000000000000000E+000
        58176  4.9807072698176491E-004  0.0000000000000000E+000
   0.0000000000000000E+000
        58368  4.8257121236017339E-004  0.0000000000000000E+000
   0.0000000000000000E+000
        58560  4.6903324837278029E-004  0.0000000000000000E+000
   0.0000000000000000E+000
        58752  4.5031819161515333E-004  0.0000000000000000E+000
   0.0000000000000000E+000
        58944  4.2792577815724535E-004  0.0000000000000000E+000
   0.0000000000000000E+000
        59136  4.0934349076556182E-004  0.0000000000000000E+000
   0.0000000000000000E+000
        59328  3.9731631863574728E-004  0.0000000000000000E+000
   0.0000000000000000E+000
        59520  3.8978698161670403E-004  0.0000000000000000E+000
   0.0000000000000000E+000
        59712  3.8935962397562327E-004  0.0000000000000000E+000
   0.0000000000000000E+000
        59904  3.9780741400373312E-004  0.0000000000000000E+000
   0.0000000000000000E+000
        60096  4.0205389818452256E-004  0.0000000000000000E+000
   0.0000000000000000E+000
        60288  4.2339579136004262E-004  0.0000000000000000E+000
   0.0000000000000000E+000
        60480  4.7953936215739795E-004  0.0000000000000000E+000
   0.0000000000000000E+000
        60672  5.8515267561763196E-004  0.0000000000000000E+000
   0.0000000000000000E+000
        60864  7.6000425317103481E-004  0.0000000000000000E+000
   0.0000000000000000E+000
        61056  9.0977192359194563E-004  0.0000000000000000E+000
   0.0000000000000000E+000
        61248  1.0052905747802477E-003  0.0000000000000000E+000
   0.0000000000000000E+000
        61440  8.9568611038380748E-004  0.0000000000000000E+000
   0.0000000000000000E+000
        61632  7.6446766383387276E-004  0.0000000000000000E+000
   0.0000000000000000E+000
        61824  6.7556173950575674E-004  0.0000000000000000E+000
   0.0000000000000000E+000
        62016  6.2699546601974979E-004  0.0000000000000000E+000
   0.0000000000000000E+000
        62208  5.8766599758816216E-004  0.0000000000000000E+000
   0.0000000000000000E+000
        62400  5.4487394584321004E-004  0.0000000000000000E+000
   0.0000000000000000E+000
        62592  5.1197220574671987E-004  0.0000000000000000E+000
   0.0000000000000000E+000
        62784  4.9007148873773606E-004  0.0000000000000000E+000
   0.0000000000000000E+000
        62976  4.8796729722978843E-004  0.0000000000000000E+000
   0.0000000000000000E+000
        63168  4.9714388501109741E-004  0.0000000000000000E+000
   0.0000000000000000E+000
        63360  5.1386356154737212E-004  0.0000000000000000E+000
   0.0000000000000000E+000
        63552  5.4599862736808989E-004  0.0000000000000000E+000
   0.0000000000000000E+000
        63744  5.9345753308775550E-004  0.0000000000000000E+000
   0.0000000000000000E+000
        63936  6.2457420602473224E-004  0.0000000000000000E+000
   0.0000000000000000E+000
        64128  6.1489073511893750E-004  0.0000000000000000E+000
   0.0000000000000000E+000
        64320  6.1977870823703290E-004  0.0000000000000000E+000
   0.0000000000000000E+000
        64512  6.6282957013522785E-004  0.0000000000000000E+000
   0.0000000000000000E+000
        64704  7.0971847908265736E-004  0.0000000000000000E+000
   0.0000000000000000E+000
        64896  7.2322670458744025E-004  0.0000000000000000E+000
   0.0000000000000000E+000
        65088  6.9893134976672260E-004  0.0000000000000000E+000
   0.0000000000000000E+000
        65280  6.4220764607396624E-004  0.0000000000000000E+000
   0.0000000000000000E+000
        65472  5.8024546764155499E-004  0.0000000000000000E+000
   0.0000000000000000E+000
        65664  5.5517933589151192E-004  0.0000000000000000E+000
   0.0000000000000000E+000
        65856  5.6818906074324223E-004  0.0000000000000000E+000
   0.0000000000000000E+000
        66048  5.9696257562102321E-004  0.0000000000000000E+000
   0.0000000000000000E+000
        66240  5.9849171990536301E-004  0.0000000000000000E+000
   0.0000000000000000E+000
        66432  5.6379311775805888E-004  0.0000000000000000E+000
   0.0000000000000000E+000
        66624  5.2511763839106394E-004  0.0000000000000000E+000
   0.0000000000000000E+000
        66816  4.9884976047308456E-004  0.0000000000000000E+000
   0.0000000000000000E+000
        67008  4.8334417497273858E-004  0.0000000000000000E+000
   0.0000000000000000E+000
        67200  4.6975959446121293E-004  0.0000000000000000E+000
   0.0000000000000000E+000
        67392  4.5093791486497506E-004  0.0000000000000000E+000
   0.0000000000000000E+000
        67584  4.2836737894568139E-004  0.0000000000000000E+000
   0.0000000000000000E+000
        67776  4.0955878336189393E-004  0.0000000000000000E+000
   0.0000000000000000E+000
        67968  3.9731177314286816E-004  0.0000000000000000E+000
   0.0000000000000000E+000
        68160  3.8962372849377926E-004  0.0000000000000000E+000
   0.0000000000000000E+000
        68352  3.8918534953042469E-004  0.0000000000000000E+000
   0.0000000000000000E+000
        68544  3.9765826694963466E-004  0.0000000000000000E+000
   0.0000000000000000E+000
        68736  4.0244654282896438E-004  0.0000000000000000E+000
   0.0000000000000000E+000
        68928  4.2399121008692813E-004  0.0000000000000000E+000
   0.0000000000000000E+000
        69120  4.8066247356555816E-004  0.0000000000000000E+000
   0.0000000000000000E+000
        69312  5.8815644537146957E-004  0.0000000000000000E+000
   0.0000000000000000E+000
        69504  7.6517688626794326E-004  0.0000000000000000E+000
   0.0000000000000000E+000
        69696  9.2072820758016605E-004  0.0000000000000000E+000
   0.0000000000000000E+000
        69888  1.0131284569041118E-003  0.0000000000000000E+000
   0.0000000000000000E+000
        70080  9.0054706410970466E-004  0.0000000000000000E+000
   0.0000000000000000E+000
        70272  7.7001622654389074E-004  0.0000000000000000E+000
   0.0000000000000000E+000
        70464  6.7376216342763162E-004  0.0000000000000000E+000
   0.0000000000000000E+000
        70656  6.2161795911182770E-004  0.0000000000000000E+000
   0.0000000000000000E+000
        70848  5.8331415643466311E-004  0.0000000000000000E+000
   0.0000000000000000E+000
        71040  5.4391890778421705E-004  0.0000000000000000E+000
   0.0000000000000000E+000
        71232  5.1477203518010138E-004  0.0000000000000000E+000
   0.0000000000000000E+000
        71424  4.9307112107554736E-004  0.0000000000000000E+000
   0.0000000000000000E+000
        71616  4.8951235087676124E-004  0.0000000000000000E+000
   0.0000000000000000E+000
        71808  4.9769504163447542E-004  0.0000000000000000E+000
   0.0000000000000000E+000
        72000  5.1393133073246932E-004  0.0000000000000000E+000
   0.0000000000000000E+000
        72192  5.4538919247784667E-004  0.0000000000000000E+000
   0.0000000000000000E+000
        72384  5.9205381322466745E-004  0.0000000000000000E+000
   0.0000000000000000E+000
        72576  6.2405576531266241E-004  0.0000000000000000E+000
   0.0000000000000000E+000
        72768  6.1580626818591780E-004  0.0000000000000000E+000
   0.0000000000000000E+000
        72960  6.2000076748657603E-004  0.0000000000000000E+000
   0.0000000000000000E+000
        73152  6.6231847608939204E-004  0.0000000000000000E+000
   0.0000000000000000E+000
        73344  7.0947442898237260E-004  0.0000000000000000E+000
   0.0000000000000000E+000
        73536  7.2350730011133343E-004  0.0000000000000000E+000
   0.0000000000000000E+000
        73728  6.9961327650064668E-004  0.0000000000000000E+000
   0.0000000000000000E+000
        73920  6.4371028368964711E-004  0.0000000000000000E+000
   0.0000000000000000E+000
        74112  5.8188994098578748E-004  0.0000000000000000E+000
   0.0000000000000000E+000
        74304  5.5610524423050452E-004  0.0000000000000000E+000
   0.0000000000000000E+000
        74496  5.6828963618599866E-004  0.0000000000000000E+000
   0.0000000000000000E+000
        74688  5.9660546911593875E-004  0.0000000000000000E+000
   0.0000000000000000E+000
        74880  5.9846640029671686E-004  0.0000000000000000E+000
   0.0000000000000000E+000
        75072  5.6439450255352881E-004  0.0000000000000000E+000
   0.0000000000000000E+000
        75264  5.2593595314916718E-004  0.0000000000000000E+000
   0.0000000000000000E+000
        75456  4.9959938869829522E-004  0.0000000000000000E+000
   0.0000000000000000E+000
        75648  4.8396277973308393E-004  0.0000000000000000E+000
   0.0000000000000000E+000
        75840  4.7027444528872301E-004  0.0000000000000000E+000
   0.0000000000000000E+000
        76032  4.5138250190510386E-004  0.0000000000000000E+000
   0.0000000000000000E+000
        76224  4.2872312815560819E-004  0.0000000000000000E+000
   0.0000000000000000E+000
        76416  4.0977850271980114E-004  0.0000000000000000E+000
   0.0000000000000000E+000
        76608  3.9738054792859710E-004  0.0000000000000000E+000
   0.0000000000000000E+000
        76800  3.8957533527989442E-004  0.0000000000000000E+000
   0.0000000000000000E+000
        76992  3.8913634199311904E-004  0.0000000000000000E+000
   0.0000000000000000E+000
        77184  3.9767283861863022E-004  0.0000000000000000E+000
   0.0000000000000000E+000
        77376  4.0244032718940914E-004  0.0000000000000000E+000
   0.0000000000000000E+000
        77568  4.2421564585333943E-004  0.0000000000000000E+000
   0.0000000000000000E+000
        77760  4.8331081751404971E-004  0.0000000000000000E+000
   0.0000000000000000E+000
        77952  5.9187796939606818E-004  0.0000000000000000E+000
   0.0000000000000000E+000
        78144  7.7065007227966826E-004  0.0000000000000000E+000
   0.0000000000000000E+000
        78336  9.2940944066608703E-004  0.0000000000000000E+000
   0.0000000000000000E+000
        78528  1.0138674207152178E-003  0.0000000000000000E+000
   0.0000000000000000E+000
        78720  8.9582317468148403E-004  0.0000000000000000E+000
   0.0000000000000000E+000
        78912  7.6852319256966617E-004  0.0000000000000000E+000
   0.0000000000000000E+000
        79104  6.7275019011338473E-004  0.0000000000000000E+000
   0.0000000000000000E+000
        79296  6.2152847294141280E-004  0.0000000000000000E+000
   0.0000000000000000E+000
        79488  5.8574418222893238E-004  0.0000000000000000E+000
   0.0000000000000000E+000
        79680  5.4903617489629052E-004  0.0000000000000000E+000
   0.0000000000000000E+000
        79872  5.1835209695979862E-004  0.0000000000000000E+000
   0.0000000000000000E+000
        80064  4.9399792644075054E-004  0.0000000000000000E+000
   0.0000000000000000E+000
        80256  4.9033035907486086E-004  0.0000000000000000E+000
   0.0000000000000000E+000
        80448  4.9954274413588980E-004  0.0000000000000000E+000
   0.0000000000000000E+000
        80640  5.1637857354486314E-004  0.0000000000000000E+000
   0.0000000000000000E+000
        80832  5.4738178766937904E-004  0.0000000000000000E+000
   0.0000000000000000E+000
        81024  5.9262540873725623E-004  0.0000000000000000E+000
   0.0000000000000000E+000
        81216  6.2296728685007146E-004  0.0000000000000000E+000
   0.0000000000000000E+000
        81408  6.1290554396175321E-004  0.0000000000000000E+000
   0.0000000000000000E+000
        81600  6.1538805141881574E-004  0.0000000000000000E+000
   0.0000000000000000E+000
        81792  6.5778427873256537E-004  0.0000000000000000E+000
   0.0000000000000000E+000
        81984  7.0722829333294524E-004  0.0000000000000000E+000
   0.0000000000000000E+000
        82176  7.2392792602466924E-004  0.0000000000000000E+000
   0.0000000000000000E+000
        82368  7.0128683092664950E-004  0.0000000000000000E+000
   0.0000000000000000E+000
        82560  6.4563563594010730E-004  0.0000000000000000E+000
   0.0000000000000000E+000
        82752  5.8343506699673974E-004  0.0000000000000000E+000
   0.0000000000000000E+000
        82944  5.5698042975135950E-004  0.0000000000000000E+000
   0.0000000000000000E+000
        83136  5.6863022042256701E-004  0.0000000000000000E+000
   0.0000000000000000E+000
        83328  5.9671396101921453E-004  0.0000000000000000E+000
   0.0000000000000000E+000
        83520  5.9871904844014539E-004  0.0000000000000000E+000
   0.0000000000000000E+000
        83712  5.6482596234081600E-004  0.0000000000000000E+000
   0.0000000000000000E+000
        83904  5.2634567713777652E-004  0.0000000000000000E+000
   0.0000000000000000E+000
        84096  4.9992143115228614E-004  0.0000000000000000E+000
   0.0000000000000000E+000
        84288  4.8423212989222417E-004  0.0000000000000000E+000
   0.0000000000000000E+000
        84480  4.7053735296366723E-004  0.0000000000000000E+000
   0.0000000000000000E+000
        84672  4.5165295815418228E-004  0.0000000000000000E+000
   0.0000000000000000E+000
        84864  4.2896982845088192E-004  0.0000000000000000E+000
   0.0000000000000000E+000
        85056  4.0996324576192503E-004  0.0000000000000000E+000
   0.0000000000000000E+000
        85248  3.9748808913836763E-004  0.0000000000000000E+000
   0.0000000000000000E+000
        85440  3.8961686218714212E-004  0.0000000000000000E+000
   0.0000000000000000E+000
        85632  3.8916388319192176E-004  0.0000000000000000E+000
   0.0000000000000000E+000
        85824  3.9771600807736375E-004  0.0000000000000000E+000
   0.0000000000000000E+000
        86016  4.0273560601883384E-004  0.0000000000000000E+000
   0.0000000000000000E+000
        86208  4.2437464108282554E-004  0.0000000000000000E+000
   0.0000000000000000E+000
        86400  4.8259778498018738E-004  0.0000000000000000E+000
   0.0000000000000000E+000
        86592  5.9362080927748942E-004  0.0000000000000000E+000
   0.0000000000000000E+000
        86784  7.7290939471678249E-004  0.0000000000000000E+000
   0.0000000000000000E+000
        86976  9.3699734796640522E-004  0.0000000000000000E+000
   0.0000000000000000E+000
        87168  1.0188051684381595E-003  0.0000000000000000E+000
   0.0000000000000000E+000
        87360  9.0245271823181223E-004  0.0000000000000000E+000
   0.0000000000000000E+000
        87552  7.7709639065652591E-004  0.0000000000000000E+000
   0.0000000000000000E+000
        87744  6.7339409070809079E-004  0.0000000000000000E+000
   0.0000000000000000E+000
        87936  6.1589127972844909E-004  0.0000000000000000E+000
   0.0000000000000000E+000
        88128  5.7834320559842255E-004  0.0000000000000000E+000
   0.0000000000000000E+000
        88320  5.4462230312261764E-004  0.0000000000000000E+000
   0.0000000000000000E+000
        88512  5.1997778463707149E-004  0.0000000000000000E+000
   0.0000000000000000E+000
        88704  4.9846838480509411E-004  0.0000000000000000E+000
   0.0000000000000000E+000
        88896  4.9395292665710183E-004  0.0000000000000000E+000
   0.0000000000000000E+000
        89088  5.0107116233085011E-004  0.0000000000000000E+000
   0.0000000000000000E+000
        89280  5.1619004547330148E-004  0.0000000000000000E+000
   0.0000000000000000E+000
        89472  5.4600917014864742E-004  0.0000000000000000E+000
   0.0000000000000000E+000
        89664  5.9006652080612423E-004  0.0000000000000000E+000
   0.0000000000000000E+000
        89856  6.2046464668858131E-004  0.0000000000000000E+000
   0.0000000000000000E+000
        90048  6.1329771832814486E-004  0.0000000000000000E+000
   0.0000000000000000E+000
        90240  6.1773572158252302E-004  0.0000000000000000E+000
   0.0000000000000000E+000
        90432  6.5999500956734282E-004  0.0000000000000000E+000
   0.0000000000000000E+000
        90624  7.0818390490101743E-004  0.0000000000000000E+000
   0.0000000000000000E+000
        90816  7.2335247561251240E-004  0.0000000000000000E+000
   0.0000000000000000E+000
        91008  6.9975457780085883E-004  0.0000000000000000E+000
   0.0000000000000000E+000
        91200  6.4463788997134780E-004  0.0000000000000000E+000
   0.0000000000000000E+000
        91392  5.8383364707029640E-004  0.0000000000000000E+000
   0.0000000000000000E+000
        91584  5.5803790414956018E-004  0.0000000000000000E+000
   0.0000000000000000E+000
        91776  5.6954840076226551E-004  0.0000000000000000E+000
   0.0000000000000000E+000
        91968  5.9694829996796586E-004  0.0000000000000000E+000
   0.0000000000000000E+000
        92160  5.9840657292248506E-004  0.0000000000000000E+000
   0.0000000000000000E+000
        92352  5.6472098552341385E-004  0.0000000000000000E+000
   0.0000000000000000E+000
        92544  5.2666435267088342E-004  0.0000000000000000E+000
   0.0000000000000000E+000
        92736  5.0044011177273213E-004  0.0000000000000000E+000
   0.0000000000000000E+000
        92928  4.8473939818813078E-004  0.0000000000000000E+000
   0.0000000000000000E+000
        93120  4.7093641611896392E-004  0.0000000000000000E+000
   0.0000000000000000E+000
        93312  4.5195983542793184E-004  0.0000000000000000E+000
   0.0000000000000000E+000
        93504  4.2924480579714603E-004  0.0000000000000000E+000
   0.0000000000000000E+000
        93696  4.1021944792586022E-004  0.0000000000000000E+000
   0.0000000000000000E+000
        93888  3.9769087904544383E-004  0.0000000000000000E+000
   0.0000000000000000E+000
        94080  3.8973168989410309E-004  0.0000000000000000E+000
   0.0000000000000000E+000
        94272  3.8917332117539280E-004  0.0000000000000000E+000
   0.0000000000000000E+000
        94464  3.9770900456475054E-004  0.0000000000000000E+000
   0.0000000000000000E+000
        94656  4.0301318084746621E-004  0.0000000000000000E+000
   0.0000000000000000E+000
        94848  4.2477165145656838E-004  0.0000000000000000E+000
   0.0000000000000000E+000
        95040  4.8503805049270998E-004  0.0000000000000000E+000
   0.0000000000000000E+000
        95232  5.9488873435235010E-004  0.0000000000000000E+000
   0.0000000000000000E+000
        95424  7.7374345532559919E-004  0.0000000000000000E+000
   0.0000000000000000E+000
        95616  9.4184384011324334E-004  0.0000000000000000E+000
   0.0000000000000000E+000
        95808  1.0190333983723847E-003  0.0000000000000000E+000
   0.0000000000000000E+000
        96000  9.0504853463730989E-004  0.0000000000000000E+000
   0.0000000000000000E+000
        96192  7.8015600989833416E-004  0.0000000000000000E+000
   0.0000000000000000E+000
        96384  6.7446433070633216E-004  0.0000000000000000E+000
   0.0000000000000000E+000
        96576  6.1506334728280061E-004  0.0000000000000000E+000
   0.0000000000000000E+000
        96768  5.7698967899745296E-004  0.0000000000000000E+000
   0.0000000000000000E+000
        96960  5.4609473165180425E-004  0.0000000000000000E+000
   0.0000000000000000E+000
        97152  5.2403660287362740E-004  0.0000000000000000E+000
   0.0000000000000000E+000
        97344  5.0258158305620021E-004  0.0000000000000000E+000
   0.0000000000000000E+000
        97536  4.9534952583092250E-004  0.0000000000000000E+000
   0.0000000000000000E+000
        97728  5.0044435891857732E-004  0.0000000000000000E+000
   0.0000000000000000E+000
        97920  5.1460637984716167E-004  0.0000000000000000E+000
   0.0000000000000000E+000
        98112  5.4381056985599262E-004  0.0000000000000000E+000
   0.0000000000000000E+000
        98304  5.8777480760134170E-004  0.0000000000000000E+000
   0.0000000000000000E+000
        98496  6.1958653152163810E-004  0.0000000000000000E+000
   0.0000000000000000E+000
        98688  6.1303076053842193E-004  0.0000000000000000E+000
   0.0000000000000000E+000
        98880  6.1579478861927656E-004  0.0000000000000000E+000
   0.0000000000000000E+000
        99072  6.5742258552628876E-004  0.0000000000000000E+000
   0.0000000000000000E+000
        99264  7.0726125237938480E-004  0.0000000000000000E+000
   0.0000000000000000E+000
        99456  7.2471286853814708E-004  0.0000000000000000E+000
   0.0000000000000000E+000
        99648  7.0234030942128533E-004  0.0000000000000000E+000
   0.0000000000000000E+000
        99840  6.4767324666724824E-004  0.0000000000000000E+000
   0.0000000000000000E+000
       100032  5.8612056881858368E-004  0.0000000000000000E+000
   0.0000000000000000E+000
       100224  5.5892405913035180E-004  0.0000000000000000E+000
   0.0000000000000000E+000
       100416  5.6928872623491123E-004  0.0000000000000000E+000
   0.0000000000000000E+000
       100608  5.9623880305598111E-004  0.0000000000000000E+000
   0.0000000000000000E+000
       100800  5.9814739912389229E-004  0.0000000000000000E+000
   0.0000000000000000E+000
       100992  5.6507467852202637E-004  0.0000000000000000E+000
   0.0000000000000000E+000
       101184  5.2718442155204803E-004  0.0000000000000000E+000
   0.0000000000000000E+000
       101376  5.0092995301648550E-004  0.0000000000000000E+000
   0.0000000000000000E+000
       101568  4.8520749576902992E-004  0.0000000000000000E+000
   0.0000000000000000E+000
       101760  4.7140366229970836E-004  0.0000000000000000E+000
   0.0000000000000000E+000
       101952  4.5237914807674942E-004  0.0000000000000000E+000
   0.0000000000000000E+000
       102144  4.2949501788915127E-004  0.0000000000000000E+000
   0.0000000000000000E+000
       102336  4.1017951691673337E-004  0.0000000000000000E+000
   0.0000000000000000E+000
       102528  3.9732493808428636E-004  0.0000000000000000E+000
   0.0000000000000000E+000
       102720  3.8910265145245345E-004  0.0000000000000000E+000
   0.0000000000000000E+000
       102912  3.8839972994118285E-004  0.0000000000000000E+000
   0.0000000000000000E+000
       103104  3.9703624365528651E-004  0.0000000000000000E+000
   0.0000000000000000E+000
       103296  4.0253793239036767E-004  0.0000000000000000E+000
   0.0000000000000000E+000
       103488  4.2455173936438505E-004  0.0000000000000000E+000
   0.0000000000000000E+000
       103680  4.8519370222250158E-004  0.0000000000000000E+000
   0.0000000000000000E+000
       103872  5.9733276375298903E-004  0.0000000000000000E+000
   0.0000000000000000E+000
       104064  7.7768160560751597E-004  0.0000000000000000E+000
   0.0000000000000000E+000
       104256  9.4848522021385463E-004  0.0000000000000000E+000
   0.0000000000000000E+000
       104448  1.0203713905985289E-003  0.0000000000000000E+000
   0.0000000000000000E+000
       104640  8.9536246508800719E-004  0.0000000000000000E+000
   0.0000000000000000E+000
       104832  7.7135054616037785E-004  0.0000000000000000E+000
   0.0000000000000000E+000
       105024  6.6837781864906428E-004  0.0000000000000000E+000
   0.0000000000000000E+000
       105216  6.1535834773311204E-004  0.0000000000000000E+000
   0.0000000000000000E+000
       105408  5.8397613488278262E-004  0.0000000000000000E+000
   0.0000000000000000E+000
       105600  5.5507737450852029E-004  0.0000000000000000E+000
   0.0000000000000000E+000
       105792  5.2997823565170926E-004  0.0000000000000000E+000
   0.0000000000000000E+000
       105984  5.0316526037606183E-004  0.0000000000000000E+000
   0.0000000000000000E+000
       106176  4.9263398927402362E-004  0.0000000000000000E+000
   0.0000000000000000E+000
       106368  4.9733027092589883E-004  0.0000000000000000E+000
   0.0000000000000000E+000
       106560  5.1240850088749696E-004  0.0000000000000000E+000
   0.0000000000000000E+000
       106752  5.4251954262171903E-004  0.0000000000000000E+000
   0.0000000000000000E+000
       106944  5.8761133425643799E-004  0.0000000000000000E+000
   0.0000000000000000E+000
       107136  6.2104187613997504E-004  0.0000000000000000E+000
   0.0000000000000000E+000
       107328  6.1341619608724972E-004  0.0000000000000000E+000
   0.0000000000000000E+000
       107520  6.1292219818872499E-004  0.0000000000000000E+000
   0.0000000000000000E+000
       107712  6.5352429144979155E-004  0.0000000000000000E+000
   0.0000000000000000E+000
       107904  7.0551614405038750E-004  0.0000000000000000E+000
   0.0000000000000000E+000
       108096  7.2621412365643729E-004  0.0000000000000000E+000
   0.0000000000000000E+000
       108288  7.0574755601650330E-004  0.0000000000000000E+000
   0.0000000000000000E+000
       108480  6.5138953538013719E-004  0.0000000000000000E+000
   0.0000000000000000E+000
       108672  5.8839476581283904E-004  0.0000000000000000E+000
   0.0000000000000000E+000
       108864  5.5938519970728394E-004  0.0000000000000000E+000
   0.0000000000000000E+000
       109056  5.6861551134258575E-004  0.0000000000000000E+000
   0.0000000000000000E+000
       109248  5.9544194419971033E-004  0.0000000000000000E+000
   0.0000000000000000E+000
       109440  5.9813463440981293E-004  0.0000000000000000E+000
   0.0000000000000000E+000
       109632  5.6565056207235535E-004  0.0000000000000000E+000
   0.0000000000000000E+000
       109824  5.2772130565015524E-004  0.0000000000000000E+000
   0.0000000000000000E+000
       110016  5.0130516098898729E-004  0.0000000000000000E+000
   0.0000000000000000E+000
       110208  4.8554459327991583E-004  0.0000000000000000E+000
   0.0000000000000000E+000
       110400  4.7179266858266380E-004  0.0000000000000000E+000
   0.0000000000000000E+000
       110592  4.5277553597757720E-004  0.0000000000000000E+000
   0.0000000000000000E+000
       110784  4.2973615699786724E-004  0.0000000000000000E+000
   0.0000000000000000E+000
       110976  4.1010883753036468E-004  0.0000000000000000E+000
   0.0000000000000000E+000
       111168  3.9690172125394932E-004  0.0000000000000000E+000
   0.0000000000000000E+000
       111360  3.8839987740528389E-004  0.0000000000000000E+000
   0.0000000000000000E+000
       111552  3.8764302587613014E-004  0.0000000000000000E+000
   0.0000000000000000E+000
       111744  3.9624304831423191E-004  0.0000000000000000E+000
   0.0000000000000000E+000
       111936  4.0197664586592451E-004  0.0000000000000000E+000
   0.0000000000000000E+000
       112128  4.2453734983644096E-004  0.0000000000000000E+000
   0.0000000000000000E+000
       112320  4.8845850146629708E-004  0.0000000000000000E+000
   0.0000000000000000E+000
       112512  5.9960403680501206E-004  0.0000000000000000E+000
   0.0000000000000000E+000
       112704  7.7930665703350552E-004  0.0000000000000000E+000
   0.0000000000000000E+000
       112896  9.5316927557299251E-004  0.0000000000000000E+000
   0.0000000000000000E+000
       113088  1.0228386305948646E-003  0.0000000000000000E+000
   0.0000000000000000E+000
       113280  8.9863290801793982E-004  0.0000000000000000E+000
   0.0000000000000000E+000
       113472  7.7452660418326125E-004  0.0000000000000000E+000
   0.0000000000000000E+000
       113664  6.6730837062326572E-004  0.0000000000000000E+000
   0.0000000000000000E+000
       113856  6.1162672469923800E-004  0.0000000000000000E+000
   0.0000000000000000E+000
       114048  5.8069549438856708E-004  0.0000000000000000E+000
   0.0000000000000000E+000
       114240  5.5308338466591219E-004  0.0000000000000000E+000
   0.0000000000000000E+000
       114432  5.2914873331734371E-004  0.0000000000000000E+000
   0.0000000000000000E+000
       114624  5.0378973808092541E-004  0.0000000000000000E+000
   0.0000000000000000E+000
       114816  4.9586587748415257E-004  0.0000000000000000E+000
   0.0000000000000000E+000
       115008  5.0223337687093543E-004  0.0000000000000000E+000
   0.0000000000000000E+000
       115200  5.1760108562533215E-004  0.0000000000000000E+000
   0.0000000000000000E+000
       115392  5.4689375397625167E-004  0.0000000000000000E+000
   0.0000000000000000E+000
       115584  5.8947930282267054E-004  0.0000000000000000E+000
   0.0000000000000000E+000
       115776  6.1876511718894211E-004  0.0000000000000000E+000
   0.0000000000000000E+000
       115968  6.0929521534786176E-004  0.0000000000000000E+000
   0.0000000000000000E+000
       116160  6.0956716020355657E-004  0.0000000000000000E+000
   0.0000000000000000E+000
       116352  6.5090999461547361E-004  0.0000000000000000E+000
   0.0000000000000000E+000
       116544  7.0364713291339693E-004  0.0000000000000000E+000
   0.0000000000000000E+000
       116736  7.2506409161522711E-004  0.0000000000000000E+000
   0.0000000000000000E+000
       116928  7.0463639807781661E-004  0.0000000000000000E+000
   0.0000000000000000E+000
       117120  6.5013962720571953E-004  0.0000000000000000E+000
   0.0000000000000000E+000
       117312  5.8811134947465711E-004  0.0000000000000000E+000
   0.0000000000000000E+000
       117504  5.6021986680495706E-004  0.0000000000000000E+000
   0.0000000000000000E+000
       117696  5.7000199662758330E-004  0.0000000000000000E+000
   0.0000000000000000E+000
       117888  5.9660252088652164E-004  0.0000000000000000E+000
   0.0000000000000000E+000
       118080  5.9847923236931353E-004  0.0000000000000000E+000
   0.0000000000000000E+000
       118272  5.6550038550030120E-004  0.0000000000000000E+000
   0.0000000000000000E+000
       118464  5.2761254028492563E-004  0.0000000000000000E+000
   0.0000000000000000E+000
       118656  5.0131965797484753E-004  0.0000000000000000E+000
   0.0000000000000000E+000
       118848  4.8558623951802074E-004  0.0000000000000000E+000
   0.0000000000000000E+000
       119040  4.7179866210899578E-004  0.0000000000000000E+000
   0.0000000000000000E+000
       119232  4.5278124448478216E-004  0.0000000000000000E+000
   0.0000000000000000E+000
       119424  4.2985201992661449E-004  0.0000000000000000E+000
   0.0000000000000000E+000
       119616  4.1042712333219102E-004  0.0000000000000000E+000
   0.0000000000000000E+000
       119808  3.9742315763626975E-004  0.0000000000000000E+000
   0.0000000000000000E+000
       120000  3.8904987691220050E-004  0.0000000000000000E+000
   0.0000000000000000E+000
       120192  3.8835907497570372E-004  0.0000000000000000E+000
   0.0000000000000000E+000
       120384  3.9680813552303481E-004  0.0000000000000000E+000
   0.0000000000000000E+000
       120576  4.0258607906661266E-004  0.0000000000000000E+000
   0.0000000000000000E+000
       120768  4.2484725938324091E-004  0.0000000000000000E+000
   0.0000000000000000E+000
       120960  4.8767166307148131E-004  0.0000000000000000E+000
   0.0000000000000000E+000
       121152  6.0103984176904384E-004  0.0000000000000000E+000
   0.0000000000000000E+000
       121344  7.8051499539011045E-004  0.0000000000000000E+000
   0.0000000000000000E+000
       121536  9.5717949836663372E-004  0.0000000000000000E+000
   0.0000000000000000E+000
       121728  1.0250708785364399E-003  0.0000000000000000E+000
   0.0000000000000000E+000
       121920  9.1367407304023484E-004  0.0000000000000000E+000
   0.0000000000000000E+000
       122112  7.8399247401223025E-004  0.0000000000000000E+000
   0.0000000000000000E+000
       122304  6.6686771400952579E-004  0.0000000000000000E+000
   0.0000000000000000E+000
       122496  6.0346739374783024E-004  0.0000000000000000E+000
   0.0000000000000000E+000
       122688  5.7104991869327847E-004  0.0000000000000000E+000
   0.0000000000000000E+000
       122880  5.4843386928446838E-004  0.0000000000000000E+000
   0.0000000000000000E+000
       123072  5.3000563979040984E-004  0.0000000000000000E+000
   0.0000000000000000E+000
       123264  5.0630783049893677E-004  0.0000000000000000E+000
   0.0000000000000000E+000
       123456  4.9692518720022261E-004  0.0000000000000000E+000
   0.0000000000000000E+000
       123648  5.0138145583716203E-004  0.0000000000000000E+000
   0.0000000000000000E+000
       123840  5.1560229871526399E-004  0.0000000000000000E+000
   0.0000000000000000E+000
       124032  5.4430858074107607E-004  0.0000000000000000E+000
   0.0000000000000000E+000
       124224  5.8694950092799442E-004  0.0000000000000000E+000
   0.0000000000000000E+000
       124416  6.1897960934275873E-004  0.0000000000000000E+000
   0.0000000000000000E+000
       124608  6.1437964030399133E-004  0.0000000000000000E+000
   0.0000000000000000E+000
       124800  6.1652439979452910E-004  0.0000000000000000E+000
   0.0000000000000000E+000
       124992  6.5663822268965510E-004  0.0000000000000000E+000
   0.0000000000000000E+000
       125184  7.0608183732406165E-004  0.0000000000000000E+000
   0.0000000000000000E+000
       125376  7.2377351501974943E-004  0.0000000000000000E+000
   0.0000000000000000E+000
       125568  7.0169176386115375E-004  0.0000000000000000E+000
   0.0000000000000000E+000
       125760  6.4829364897753792E-004  0.0000000000000000E+000
   0.0000000000000000E+000
       125952  5.8777411251102437E-004  0.0000000000000000E+000
   0.0000000000000000E+000
       126144  5.6025498109105556E-004  0.0000000000000000E+000
   0.0000000000000000E+000
       126336  5.6969000651802188E-004  0.0000000000000000E+000
   0.0000000000000000E+000
       126528  5.9577085791127340E-004  0.0000000000000000E+000
   0.0000000000000000E+000
       126720  5.9773862098093475E-004  0.0000000000000000E+000
   0.0000000000000000E+000
       126912  5.6549900182425040E-004  0.0000000000000000E+000
   0.0000000000000000E+000
       127104  5.2809070684770672E-004  0.0000000000000000E+000
   0.0000000000000000E+000
       127296  5.0182341959576664E-004  0.0000000000000000E+000
   0.0000000000000000E+000
       127488  4.8589309232557963E-004  0.0000000000000000E+000
   0.0000000000000000E+000
       127680  4.7189671102162620E-004  0.0000000000000000E+000
   0.0000000000000000E+000
       127872  4.5278613055728043E-004  0.0000000000000000E+000
   0.0000000000000000E+000
       128064  4.2987084813246899E-004  0.0000000000000000E+000
   0.0000000000000000E+000
       128256  4.1048719479243480E-004  0.0000000000000000E+000
   0.0000000000000000E+000
       128448  3.9750812324763039E-004  0.0000000000000000E+000
   0.0000000000000000E+000
       128640  3.8914592086607673E-004  0.0000000000000000E+000
   0.0000000000000000E+000
       128832  3.8847518012229029E-004  0.0000000000000000E+000
   0.0000000000000000E+000
       129024  3.9699166415945808E-004  0.0000000000000000E+000
   0.0000000000000000E+000
       129216  4.0284074254717990E-004  0.0000000000000000E+000
   0.0000000000000000E+000
       129408  4.2503616962549009E-004  0.0000000000000000E+000
   0.0000000000000000E+000
       129600  4.8799766896376947E-004  0.0000000000000000E+000
   0.0000000000000000E+000
       129792  6.0162225628541250E-004  0.0000000000000000E+000
   0.0000000000000000E+000
       129984  7.8187340250722318E-004  0.0000000000000000E+000
   0.0000000000000000E+000
       130176  9.6173052839978025E-004  0.0000000000000000E+000
   0.0000000000000000E+000
       130368  1.0222610114929802E-003  0.0000000000000000E+000
   0.0000000000000000E+000
       130560  9.1192610894471466E-004  0.0000000000000000E+000
   0.0000000000000000E+000
       130752  7.8318112111403480E-004  0.0000000000000000E+000
   0.0000000000000000E+000
       130944  6.6544797168062431E-004  0.0000000000000000E+000
   0.0000000000000000E+000
       131136  6.0236033883700958E-004  0.0000000000000000E+000
   0.0000000000000000E+000
       131328  5.7254205085464026E-004  0.0000000000000000E+000
   0.0000000000000000E+000
       131520  5.5123096095866875E-004  0.0000000000000000E+000
   0.0000000000000000E+000
       131712  5.3472894230054135E-004  0.0000000000000000E+000
   0.0000000000000000E+000
       131904  5.1068641016246497E-004  0.0000000000000000E+000
   0.0000000000000000E+000
       132096  4.9942593337260507E-004  0.0000000000000000E+000
   0.0000000000000000E+000
       132288  5.0241364440890509E-004  0.0000000000000000E+000
   0.0000000000000000E+000
       132480  5.1574101214025777E-004  0.0000000000000000E+000
   0.0000000000000000E+000
       132672  5.4365735894586307E-004  0.0000000000000000E+000
   0.0000000000000000E+000
       132864  5.8553093719146063E-004  0.0000000000000000E+000
   0.0000000000000000E+000
       133056  6.1751294708477570E-004  0.0000000000000000E+000
   0.0000000000000000E+000
       133248  6.1265720906240927E-004  0.0000000000000000E+000
   0.0000000000000000E+000
       133440  6.1301902658408283E-004  0.0000000000000000E+000
   0.0000000000000000E+000
       133632  6.5208707010669950E-004  0.0000000000000000E+000
   0.0000000000000000E+000
       133824  7.0278740872147330E-004  0.0000000000000000E+000
   0.0000000000000000E+000
       134016  7.2311240476905414E-004  0.0000000000000000E+000
   0.0000000000000000E+000
       134208  7.0300488227658092E-004  0.0000000000000000E+000
   0.0000000000000000E+000
       134400  6.5062924502014459E-004  0.0000000000000000E+000
   0.0000000000000000E+000
       134592  5.9006608301859762E-004  0.0000000000000000E+000
   0.0000000000000000E+000
       134784  5.6171080239429141E-004  0.0000000000000000E+000
   0.0000000000000000E+000
       134976  5.7020855436185015E-004  0.0000000000000000E+000
   0.0000000000000000E+000
       135168  5.9567711834641033E-004  0.0000000000000000E+000
   0.0000000000000000E+000
       135360  5.9766697403566675E-004  0.0000000000000000E+000
   0.0000000000000000E+000
       135552  5.6573369066884082E-004  0.0000000000000000E+000
   0.0000000000000000E+000
       135744  5.2841407619979241E-004  0.0000000000000000E+000
   0.0000000000000000E+000
       135936  5.0209308853261755E-004  0.0000000000000000E+000
   0.0000000000000000E+000
       136128  4.8612618300292870E-004  0.0000000000000000E+000
   0.0000000000000000E+000
       136320  4.7214758933213622E-004  0.0000000000000000E+000
   0.0000000000000000E+000
       136512  4.5306956746766759E-004  0.0000000000000000E+000
   0.0000000000000000E+000
       136704  4.3012743557588448E-004  0.0000000000000000E+000
   0.0000000000000000E+000
       136896  4.1061975446368633E-004  0.0000000000000000E+000
   0.0000000000000000E+000
       137088  3.9745029820695857E-004  0.0000000000000000E+000
   0.0000000000000000E+000
       137280  3.8889165144735265E-004  0.0000000000000000E+000
   0.0000000000000000E+000
       137472  3.8811915032085014E-004  0.0000000000000000E+000
   0.0000000000000000E+000
       137664  3.9652472550913854E-004  0.0000000000000000E+000
   0.0000000000000000E+000
       137856  4.0259593665942342E-004  0.0000000000000000E+000
   0.0000000000000000E+000
       138048  4.2481920595923892E-004  0.0000000000000000E+000
   0.0000000000000000E+000
       138240  4.8845858903091540E-004  0.0000000000000000E+000
   0.0000000000000000E+000
       138432  6.0258588205402931E-004  0.0000000000000000E+000
   0.0000000000000000E+000
       138624  7.8305168451683232E-004  0.0000000000000000E+000
   0.0000000000000000E+000
       138816  9.6574075502365913E-004  0.0000000000000000E+000
   0.0000000000000000E+000
       139008  1.0235300921352720E-003  0.0000000000000000E+000
   0.0000000000000000E+000
       139200  9.2189824983323579E-004  0.0000000000000000E+000
   0.0000000000000000E+000
       139392  7.9054383695637898E-004  0.0000000000000000E+000
   0.0000000000000000E+000
       139584  6.6558399820263652E-004  0.0000000000000000E+000
   0.0000000000000000E+000
       139776  5.9701695842096403E-004  0.0000000000000000E+000
   0.0000000000000000E+000
       139968  5.6547739412895603E-004  0.0000000000000000E+000
   0.0000000000000000E+000
       140160  5.4674521490276297E-004  0.0000000000000000E+000
   0.0000000000000000E+000
       140352  5.3642300758718843E-004  0.0000000000000000E+000
   0.0000000000000000E+000
       140544  5.1643362860448667E-004  0.0000000000000000E+000
   0.0000000000000000E+000
       140736  5.0426936760105756E-004  0.0000000000000000E+000
   0.0000000000000000E+000
       140928  5.0488283924559631E-004  0.0000000000000000E+000
   0.0000000000000000E+000
       141120  5.1630143929924926E-004  0.0000000000000000E+000
   0.0000000000000000E+000
       141312  5.4281826272349761E-004  0.0000000000000000E+000
   0.0000000000000000E+000
       141504  5.8319486203212308E-004  0.0000000000000000E+000
   0.0000000000000000E+000
       141696  6.1440720348030387E-004  0.0000000000000000E+000
   0.0000000000000000E+000
       141888  6.1126042148724655E-004  0.0000000000000000E+000
   0.0000000000000000E+000
       142080  6.1307887856952234E-004  0.0000000000000000E+000
   0.0000000000000000E+000
       142272  6.5219684355907574E-004  0.0000000000000000E+000
   0.0000000000000000E+000
       142464  7.0269781637166326E-004  0.0000000000000000E+000
   0.0000000000000000E+000
       142656  7.2291191045476368E-004  0.0000000000000000E+000
   0.0000000000000000E+000
       142848  7.0254684578038482E-004  0.0000000000000000E+000
   0.0000000000000000E+000
       143040  6.5046005687333965E-004  0.0000000000000000E+000
   0.0000000000000000E+000
       143232  5.9085564044146011E-004  0.0000000000000000E+000
   0.0000000000000000E+000
       143424  5.6292934899874060E-004  0.0000000000000000E+000
   0.0000000000000000E+000
       143616  5.7115195781079443E-004  0.0000000000000000E+000
   0.0000000000000000E+000
       143808  5.9586483041944045E-004  0.0000000000000000E+000
   0.0000000000000000E+000
       144000  5.9721403290541363E-004  0.0000000000000000E+000
   0.0000000000000000E+000
       144192  5.6537557816457385E-004  0.0000000000000000E+000
   0.0000000000000000E+000
       144384  5.2845405692444750E-004  0.0000000000000000E+000
   0.0000000000000000E+000
       144576  5.0237321629574745E-004  0.0000000000000000E+000
   0.0000000000000000E+000
       144768  4.8645253284898830E-004  0.0000000000000000E+000
   0.0000000000000000E+000
       144960  4.7241549427936436E-004  0.0000000000000000E+000
   0.0000000000000000E+000
       145152  4.5327440993935339E-004  0.0000000000000000E+000
   0.0000000000000000E+000
       145344  4.3031067970612726E-004  0.0000000000000000E+000
   0.0000000000000000E+000
       145536  4.1078440557184209E-004  0.0000000000000000E+000
   0.0000000000000000E+000
       145728  3.9755343224002977E-004  0.0000000000000000E+000
   0.0000000000000000E+000
       145920  3.8889263768334661E-004  0.0000000000000000E+000
   0.0000000000000000E+000
       146112  3.8800644384264247E-004  0.0000000000000000E+000
   0.0000000000000000E+000
       146304  3.9634705207301020E-004  0.0000000000000000E+000
   0.0000000000000000E+000
       146496  4.0248898766636156E-004  0.0000000000000000E+000
   0.0000000000000000E+000
       146688  4.2500933341460404E-004  0.0000000000000000E+000
   0.0000000000000000E+000
       146880  4.8960192781188775E-004  0.0000000000000000E+000
   0.0000000000000000E+000
       147072  6.0391470821179443E-004  0.0000000000000000E+000
   0.0000000000000000E+000
       147264  7.8407072467334661E-004  0.0000000000000000E+000
   0.0000000000000000E+000
       147456  9.6750909032793358E-004  0.0000000000000000E+000
   0.0000000000000000E+000
       147648  1.0224777747140572E-003  0.0000000000000000E+000
   0.0000000000000000E+000
       147840  9.0919832226043368E-004  0.0000000000000000E+000
   0.0000000000000000E+000
       148032  7.8340532062360171E-004  0.0000000000000000E+000
   0.0000000000000000E+000
       148224  6.6661243641614066E-004  0.0000000000000000E+000
   0.0000000000000000E+000
       148416  6.0413564020643366E-004  0.0000000000000000E+000
   0.0000000000000000E+000
       148608  5.7303115682629413E-004  0.0000000000000000E+000
   0.0000000000000000E+000
       148800  5.5346041807396518E-004  0.0000000000000000E+000
   0.0000000000000000E+000
       148992  5.3803263055110572E-004  0.0000000000000000E+000
   0.0000000000000000E+000
       149184  5.1357544783191158E-004  0.0000000000000000E+000
   0.0000000000000000E+000
       149376  5.0002897790856046E-004  0.0000000000000000E+000
   0.0000000000000000E+000
       149568  5.0139731089186010E-004  0.0000000000000000E+000
   0.0000000000000000E+000
       149760  5.1397563967914858E-004  0.0000000000000000E+000
   0.0000000000000000E+000
       149952  5.4145824119249716E-004  0.0000000000000000E+000
   0.0000000000000000E+000
       150144  5.8321129843087228E-004  0.0000000000000000E+000
   0.0000000000000000E+000
       150336  6.1594094540670685E-004  0.0000000000000000E+000
   0.0000000000000000E+000
       150528  6.1156065308110128E-004  0.0000000000000000E+000
   0.0000000000000000E+000
       150720  6.1099995017864126E-004  0.0000000000000000E+000
   0.0000000000000000E+000
       150912  6.5005718150478462E-004  0.0000000000000000E+000
   0.0000000000000000E+000
       151104  7.0268074250919206E-004  0.0000000000000000E+000
   0.0000000000000000E+000
       151296  7.2533638042690594E-004  0.0000000000000000E+000
   0.0000000000000000E+000
       151488  7.0611812854706952E-004  0.0000000000000000E+000
   0.0000000000000000E+000
       151680  6.5362536875978943E-004  0.0000000000000000E+000
   0.0000000000000000E+000
       151872  5.9219397799819466E-004  0.0000000000000000E+000
   0.0000000000000000E+000
       152064  5.6258421038783886E-004  0.0000000000000000E+000
   0.0000000000000000E+000
       152256  5.7007014604090994E-004  0.0000000000000000E+000
   0.0000000000000000E+000
       152448  5.9506285738945353E-004  0.0000000000000000E+000
   0.0000000000000000E+000
       152640  5.9725116214766208E-004  0.0000000000000000E+000
   0.0000000000000000E+000
       152832  5.6574940287102478E-004  0.0000000000000000E+000
   0.0000000000000000E+000
       153024  5.2862600996609948E-004  0.0000000000000000E+000
   0.0000000000000000E+000
       153216  5.0236837525340669E-004  0.0000000000000000E+000
   0.0000000000000000E+000
       153408  4.8645289003990209E-004  0.0000000000000000E+000
   0.0000000000000000E+000
       153600  4.7251257094896960E-004  0.0000000000000000E+000
   0.0000000000000000E+000
       153792  4.5340921834879065E-004  0.0000000000000000E+000
   0.0000000000000000E+000
       153984  4.3033124964288888E-004  0.0000000000000000E+000
   0.0000000000000000E+000
       154176  4.1058136690076463E-004  0.0000000000000000E+000
   0.0000000000000000E+000
       154368  3.9712516471389781E-004  0.0000000000000000E+000
   0.0000000000000000E+000
       154560  3.8831500452716664E-004  0.0000000000000000E+000
   0.0000000000000000E+000
       154752  3.8745759046035418E-004  0.0000000000000000E+000
   0.0000000000000000E+000
       154944  3.9580003864873978E-004  0.0000000000000000E+000
   0.0000000000000000E+000
       155136  4.0238535399903181E-004  0.0000000000000000E+000
   0.0000000000000000E+000
       155328  4.2480381843886943E-004  0.0000000000000000E+000
   0.0000000000000000E+000
       155520  4.8902135502573317E-004  0.0000000000000000E+000
   0.0000000000000000E+000
       155712  6.0514022981617065E-004  0.0000000000000000E+000
   0.0000000000000000E+000
       155904  7.8623359566099135E-004  0.0000000000000000E+000
   0.0000000000000000E+000
       156096  9.7227435336868996E-004  0.0000000000000000E+000
   0.0000000000000000E+000
       156288  1.0231054375022613E-003  0.0000000000000000E+000
   0.0000000000000000E+000
       156480  9.1313583463708994E-004  0.0000000000000000E+000
   0.0000000000000000E+000
       156672  7.8349163297083458E-004  0.0000000000000000E+000
   0.0000000000000000E+000
       156864  6.6164201741360543E-004  0.0000000000000000E+000
   0.0000000000000000E+000
       157056  5.9747415727316809E-004  0.0000000000000000E+000
   0.0000000000000000E+000
       157248  5.7077240449407830E-004  0.0000000000000000E+000
   0.0000000000000000E+000
       157440  5.5550351421587631E-004  0.0000000000000000E+000
   0.0000000000000000E+000
       157632  5.4127357408650890E-004  0.0000000000000000E+000
   0.0000000000000000E+000
       157824  5.1461386484500770E-004  0.0000000000000000E+000
   0.0000000000000000E+000
       158016  5.0000046484337919E-004  0.0000000000000000E+000
   0.0000000000000000E+000
       158208  5.0167397256887538E-004  0.0000000000000000E+000
   0.0000000000000000E+000
       158400  5.1501622695391950E-004  0.0000000000000000E+000
   0.0000000000000000E+000
       158592  5.4289381647362257E-004  0.0000000000000000E+000
   0.0000000000000000E+000
       158784  5.8437997032594936E-004  0.0000000000000000E+000
   0.0000000000000000E+000
       158976  6.1697815371631985E-004  0.0000000000000000E+000
   0.0000000000000000E+000
       159168  6.1293551277891492E-004  0.0000000000000000E+000
   0.0000000000000000E+000
       159360  6.1158556851851373E-004  0.0000000000000000E+000
   0.0000000000000000E+000
       159552  6.4918583069301864E-004  0.0000000000000000E+000
   0.0000000000000000E+000
       159744  7.0088011060790291E-004  0.0000000000000000E+000
   0.0000000000000000E+000
       159936  7.2336310117200380E-004  0.0000000000000000E+000
   0.0000000000000000E+000
       160128  7.0449255833675262E-004  0.0000000000000000E+000
   0.0000000000000000E+000
       160320  6.5289000555188582E-004  0.0000000000000000E+000
   0.0000000000000000E+000
       160512  5.9229548113112545E-004  0.0000000000000000E+000
   0.0000000000000000E+000
       160704  5.6290115968788822E-004  0.0000000000000000E+000
   0.0000000000000000E+000
       160896  5.7021701590266019E-004  0.0000000000000000E+000
   0.0000000000000000E+000
       161088  5.9493562353155212E-004  0.0000000000000000E+000
   0.0000000000000000E+000
       161280  5.9713132259304211E-004  0.0000000000000000E+000
   0.0000000000000000E+000
       161472  5.6594299598607166E-004  0.0000000000000000E+000
   0.0000000000000000E+000
       161664  5.2900362367034985E-004  0.0000000000000000E+000
   0.0000000000000000E+000
       161856  5.0271356191003067E-004  0.0000000000000000E+000
   0.0000000000000000E+000
       162048  4.8667809026102819E-004  0.0000000000000000E+000
   0.0000000000000000E+000
       162240  4.7263168613610106E-004  0.0000000000000000E+000
   0.0000000000000000E+000
       162432  4.5348381598293478E-004  0.0000000000000000E+000
   0.0000000000000000E+000
       162624  4.3040138226776336E-004  0.0000000000000000E+000
   0.0000000000000000E+000
       162816  4.1063771402013760E-004  0.0000000000000000E+000
   0.0000000000000000E+000
       163008  3.9714288632315892E-004  0.0000000000000000E+000
   0.0000000000000000E+000
       163200  3.8828471909066356E-004  0.0000000000000000E+000
   0.0000000000000000E+000
       163392  3.8737235666668770E-004  0.0000000000000000E+000
   0.0000000000000000E+000
       163584  3.9576468442826710E-004  0.0000000000000000E+000
   0.0000000000000000E+000
       163776  4.0236911183131181E-004  0.0000000000000000E+000
   0.0000000000000000E+000
       163968  4.2499590005530509E-004  0.0000000000000000E+000
   0.0000000000000000E+000
       164160  4.9071172114833507E-004  0.0000000000000000E+000
   0.0000000000000000E+000
       164352  6.0661880961960840E-004  0.0000000000000000E+000
   0.0000000000000000E+000
       164544  7.8689914955947101E-004  0.0000000000000000E+000
   0.0000000000000000E+000
       164736  9.7419054591268896E-004  0.0000000000000000E+000
   0.0000000000000000E+000
       164928  1.0225698792552739E-003  0.0000000000000000E+000
   0.0000000000000000E+000
       165120  9.1347612978807371E-004  0.0000000000000000E+000
   0.0000000000000000E+000
       165312  7.8470132646244774E-004  0.0000000000000000E+000
   0.0000000000000000E+000
       165504  6.6118827464505003E-004  0.0000000000000000E+000
   0.0000000000000000E+000
       165696  5.9677405041927607E-004  0.0000000000000000E+000
   0.0000000000000000E+000
       165888  5.6941238252688489E-004  0.0000000000000000E+000
   0.0000000000000000E+000
       166080  5.5509464368782538E-004  0.0000000000000000E+000
   0.0000000000000000E+000
       166272  5.4277616175820809E-004  0.0000000000000000E+000
   0.0000000000000000E+000
       166464  5.1727052275373593E-004  0.0000000000000000E+000
   0.0000000000000000E+000
       166656  5.0242145779056757E-004  0.0000000000000000E+000
   0.0000000000000000E+000
       166848  5.0300545963980056E-004  0.0000000000000000E+000
   0.0000000000000000E+000
       167040  5.1532219999453983E-004  0.0000000000000000E+000
   0.0000000000000000E+000
       167232  5.4256529640791488E-004  0.0000000000000000E+000
   0.0000000000000000E+000
       167424  5.8333321320309451E-004  0.0000000000000000E+000
   0.0000000000000000E+000
       167616  6.1460846040559938E-004  0.0000000000000000E+000
   0.0000000000000000E+000
       167808  6.1012415352774626E-004  0.0000000000000000E+000
   0.0000000000000000E+000
       168000  6.0966314338302397E-004  0.0000000000000000E+000
   0.0000000000000000E+000
       168192  6.4825570962221823E-004  0.0000000000000000E+000
   0.0000000000000000E+000
       168384  7.0094918347712637E-004  0.0000000000000000E+000
   0.0000000000000000E+000
       168576  7.2426930935199100E-004  0.0000000000000000E+000
   0.0000000000000000E+000
       168768  7.0539379895312362E-004  0.0000000000000000E+000
   0.0000000000000000E+000
       168960  6.5325963286845935E-004  0.0000000000000000E+000
   0.0000000000000000E+000
       169152  5.9271151845708444E-004  0.0000000000000000E+000
   0.0000000000000000E+000
       169344  5.6364097881142223E-004  0.0000000000000000E+000
   0.0000000000000000E+000
       169536  5.7108109181896734E-004  0.0000000000000000E+000
   0.0000000000000000E+000
       169728  5.9555302513885635E-004  0.0000000000000000E+000
   0.0000000000000000E+000
       169920  5.9719018186894346E-004  0.0000000000000000E+000
   0.0000000000000000E+000
       170112  5.6568219340397108E-004  0.0000000000000000E+000
   0.0000000000000000E+000
       170304  5.2882638984919387E-004  0.0000000000000000E+000
   0.0000000000000000E+000
       170496  5.0273184728080516E-004  0.0000000000000000E+000
   0.0000000000000000E+000
       170688  4.8683939892670892E-004  0.0000000000000000E+000
   0.0000000000000000E+000
       170880  4.7285107762923457E-004  0.0000000000000000E+000
   0.0000000000000000E+000
       171072  4.5370272941062847E-004  0.0000000000000000E+000
   0.0000000000000000E+000
       171264  4.3061222684042495E-004  0.0000000000000000E+000
   0.0000000000000000E+000
       171456  4.1084106096833862E-004  0.0000000000000000E+000
   0.0000000000000000E+000
       171648  3.9731164088065016E-004  0.0000000000000000E+000
   0.0000000000000000E+000
       171840  3.8837911952404312E-004  0.0000000000000000E+000
   0.0000000000000000E+000
       172032  3.8732503955786647E-004  0.0000000000000000E+000
   0.0000000000000000E+000
       172224  3.9566437533884144E-004  0.0000000000000000E+000
   0.0000000000000000E+000
       172416  4.0250646108179044E-004  0.0000000000000000E+000
   0.0000000000000000E+000
       172608  4.2489460005898361E-004  0.0000000000000000E+000
   0.0000000000000000E+000
       172800  4.9159331685252503E-004  0.0000000000000000E+000
   0.0000000000000000E+000
