          192 -9.8831053737645860E-005
          384 -7.1257970916015011E-005
          576 -5.1315830636597908E-005
          768 -3.6860292774855950E-005
          960 -2.2249527559151739E-005
         1152 -1.0434106195296762E-005
         1344 -1.3612474497696525E-006
         1536  5.9122913543076787E-006
         1728  1.0693065040034818E-005
         1920  1.3214439003114447E-005
         2112  9.6517685558743422E-006
         2304  4.7341232411941510E-006
         2496 -5.3673461402091657E-009
         2688 -5.9856316452783649E-006
         2880 -1.5015303279462895E-005
         3072 -2.3545323387928021E-005
         3264 -3.1262864780483835E-005
         3456 -3.9457612434477316E-005
         3648 -4.8212968080262809E-005
         3840 -5.6869714903689613E-005
         4032 -6.5987366888535574E-005
         4224 -7.6437174154903620E-005
         4416 -8.7297537209356021E-005
         4608 -9.7911130866595126E-005
         4800 -1.0669430395521548E-004
         4992 -1.0728527971933202E-004
         5184 -1.0647850178543874E-004
         5376 -1.0556168057264944E-004
         5568 -1.0227450988953708E-004
         5760 -9.4330081592632661E-005
         5952 -8.7109134230338185E-005
         6144 -8.0985892206805206E-005
         6336 -7.1688298401271068E-005
         6528 -5.9440284060495212E-005
         6720 -4.7906820142264471E-005
         6912 -3.6905995556005405E-005
         7104 -2.4902105346665341E-005
         7296 -1.4785936134785306E-005
         7488 -9.9824686693283780E-006
         7680  7.8637494498368864E-007
         7872  1.3398684978785133E-005
         8064  2.0859223861787920E-005
         8256  2.9960016621054218E-005
         8448  3.6789756295020882E-005
         8640  4.5729924054137009E-005
         8832  5.1250729805751644E-005
         9024  5.8607656513243972E-005
         9216  6.6571884336226992E-005
         9408  7.4108868736402181E-005
         9600  7.8433268290474309E-005
         9792  8.4780640344322405E-005
         9984  9.0054575789454909E-005
        10176  9.2699709087245329E-005
        10368  9.3887730438135694E-005
        10560  9.3207602928965425E-005
        10752  8.5413910459227043E-005
        10944  7.6354975928115632E-005
        11136  6.7846098863791245E-005
        11328  5.8750942714486896E-005
        11520  4.7547279824154324E-005
        11712  3.7565096132515539E-005
        11904  2.8674622436569982E-005
        12096  1.8664969065563444E-005
        12288  6.9440165605208718E-006
        12480 -5.1490817660870738E-006
        12672 -1.7149556013469574E-005
        12864 -2.9470127940115619E-005
        13056 -4.1304224476905051E-005
        13248 -5.2486002989450395E-005
        13440 -6.2218475140537598E-005
        13632 -6.4689697955111556E-005
        13824 -6.5984077409945475E-005
        14016 -6.6915845664251196E-005
        14208 -6.5096802978457978E-005
        14400 -5.8453120782258399E-005
        14592 -5.2479583580851663E-005
        14784 -4.7635464532031460E-005
        14976 -3.9671022700107778E-005
        15168 -2.8665338924002000E-005
        15360 -1.8132671947568085E-005
        15552 -7.9624734613920549E-006
        15744  3.6324403918731612E-006
        15936  1.4986855712276069E-005
        16128  2.5153475986532481E-005
        16320  3.6367117783053343E-005
        16512  4.7712531687287364E-005
        16704  5.7816375458227683E-005
        16896  6.8035508478524431E-005
        17088  7.6650512699279251E-005
        17280  8.5745182332570036E-005
        17472  9.2306538643800766E-005
        17664  9.9079016626001090E-005
        17856  1.0663437069062806E-004
        18048  1.1109645362085639E-004
        18240  1.1365029533186993E-004
        18432  1.1862482621635700E-004
        18624  1.2139917510599656E-004
        18816  1.2274392048505921E-004
        19008  1.2367506237253713E-004
        19200  1.2286789581710707E-004
        19392  1.1435210326375607E-004
        19584  1.0434858110236154E-004
        19776  9.4690798051127044E-005
        19968  8.4306553750762017E-005
        20160  7.1765574703307690E-005
        20352  6.0501966682155427E-005
        20544  5.0919190934158124E-005
        20736  4.1122506224910518E-005
        20928  2.9753882053086534E-005
        21120  1.7456017274552669E-005
        21312  4.7681646970248601E-006
        21504 -8.4673670590267896E-006
        21696 -2.1182863834066718E-005
        21888 -3.2849124030020917E-005
        22080 -4.2652429825365348E-005
        22272 -4.5380185232525339E-005
        22464 -4.7212206483998968E-005
        22656 -4.8876897395636877E-005
        22848 -4.7854494670847435E-005
        23040 -4.1882325710776644E-005
        23232 -3.6346342188221789E-005
        23424 -3.1900064843499422E-005
        23616 -2.4440957079778514E-005
        23808 -1.3997054792738694E-005
        24000 -3.9641111995108527E-006
        24192  5.7920335424569714E-006
        24384  1.7180048800018786E-005
        24576  2.9052667278672007E-005
        24768  4.1515660437977945E-005
        24960  5.2975781293831423E-005
        25152  6.3877427212591053E-005
        25344  7.5421695183309120E-005
        25536  8.6192910070112170E-005
        25728  9.5896549621498736E-005
        25920  1.0507632876831590E-004
        26112  1.1261412660080089E-004
        26304  1.1879040954649659E-004
        26496  1.2613159137704074E-004
        26688  1.2861552731444008E-004
        26880  1.3310931370801051E-004
        27072  1.3721106598162645E-004
        27264  1.3684411639061165E-004
        27456  1.3735812503477181E-004
        27648  1.3835994279974732E-004
        27840  1.3776063365680409E-004
        28032  1.2912427354535772E-004
        28224  1.1864245582389430E-004
        28416  1.0839122041433587E-004
        28608  9.7365736002297696E-005
        28800  8.4174254051006466E-005
        28992  7.2260332853839600E-005
        29184  6.2301212252426706E-005
        29376  5.2757876323569248E-005
        29568  4.1834088230041586E-005
        29760  2.9529216349272747E-005
        29952  1.6486048780923570E-005
        30144  2.7603184035577814E-006
        30336 -1.0443132786164720E-005
        30528 -2.2371589613589885E-005
        30720 -3.2110078203526441E-005
        30912 -3.4849572809005487E-005
        31104 -3.6922465491218972E-005
        31296 -3.8981200481365855E-005
        31488 -3.8399047444892364E-005
        31680 -3.2775963754839609E-005
        31872 -2.7426260536616239E-005
        32064 -2.3151923615414123E-005
        32256 -1.5950635138168362E-005
        32448 -5.8122938969109874E-006
        32640  3.9456928871106592E-006
        32832  1.3478729063314189E-005
        33024  2.4762306596951387E-005
        33216  3.6944829089652195E-005
        33408  5.0618378883881540E-005
        33600  6.2133993266779111E-005
        33792  7.2819861979039302E-005
        33984  8.5352451872861061E-005
        34176  9.6246605729252916E-005
        34368  1.0670825080747526E-004
        34560  1.1591763295841938E-004
        34752  1.2423867036002602E-004
        34944  1.3034050028603840E-004
        35136  1.3834051103224366E-004
        35328  1.4016973589418505E-004
        35520  1.4540303927125560E-004
        35712  1.4794730073346666E-004
        35904  1.4654064571781083E-004
        36096  1.4749026336164487E-004
        36288  1.4866061444529209E-004
        36480  1.4799931136700700E-004
        36672  1.3902094045429369E-004
        36864  1.2819476651802750E-004
        37056  1.1760254394256729E-004
        37248  1.0626382688232026E-004
        37440  9.2803723399860033E-005
        37632  8.0644849254224936E-005
        37824  7.0546470114027810E-005
        38016  6.1076623600149027E-005
        38208  5.0241710107594812E-005
        38400  3.7828552936897676E-005
        38592  2.4578941602050946E-005
        38784  1.0632611614871918E-005
        38976 -2.7730216820278509E-006
        39168 -1.4816656497328593E-005
        39360 -2.4559676012759615E-005
        39552 -2.7384414903264310E-005
        39744 -2.9641583165743431E-005
        39936 -3.1930274293803600E-005
        40128 -3.1589514777883330E-005
        40320 -2.6181144492464921E-005
        40512 -2.0979439233918849E-005
        40704 -1.6845871887588202E-005
        40896 -9.8272645960905358E-006
        41088  1.0751623223134724E-007
        41280  9.6845417482808732E-006
        41472  1.9065667414251653E-005
        41664  3.0277859411426459E-005
        41856  4.2706184262386308E-005
        42048  5.7246790533812870E-005
        42240  6.8763005208218221E-005
        42432  7.9298047871678056E-005
        42624  9.2629058681562319E-005
        42816  1.0356035363595146E-004
        43008  1.1459003433078069E-004
        43200  1.2382904017480876E-004
        43392  1.3265267673368732E-004
        43584  1.3881511764634981E-004
        43776  1.4631057145973354E-004
        43968  1.4874394130077445E-004
        44160  1.5448780641489341E-004
        44352  1.5531898567096441E-004
        44544  1.5421448002181389E-004
        44736  1.5569626107462021E-004
        44928  1.5688096572306781E-004
        45120  1.5605691046551782E-004
        45312  1.4685507561036494E-004
        45504  1.3586361133542465E-004
        45696  1.2511659231676669E-004
        45888  1.1363793735160893E-004
        46080  1.0005639964314234E-004
        46272  8.7748186106196860E-005
        46464  7.7469744403886866E-005
        46656  6.7856465708633165E-005
        46848  5.6968106723250884E-005
        47040  4.4510289088974614E-005
        47232  3.1185446384130723E-005
        47424  1.7143289610990166E-005
        47616  3.6185746704980204E-006
        47808 -8.5519931662798584E-006
        48000 -1.8392557565481828E-005
        48192 -2.1329315391557775E-005
        48384 -2.3710434286686103E-005
        48576 -2.6140421009151529E-005
        48768 -2.5968508558988239E-005
        48960 -2.0749679125101228E-005
        49152 -1.5701000514412132E-005
        49344 -1.1694070130983393E-005
        49536 -4.8180990782763215E-006
        49728  4.9601112827636309E-006
        49920  1.4392908181187572E-005
        50112  2.3645789579796827E-005
        50304  3.4793501781966757E-005
        50496  4.7425224958450448E-005
        50688  6.2652799765416513E-005
        50880  7.4146927487103210E-005
        51072  8.4564250671131217E-005
        51264  9.8524304859136898E-005
        51456  1.0946715245568470E-004
        51648  1.2092049388980914E-004
        51840  1.3017310427917647E-004
        52032  1.3926114139597041E-004
        52224  1.4551436611984046E-004
        52416  1.5284385133188273E-004
        52608  1.5561664165144516E-004
        52800  1.6129975639611938E-004
        52992  1.6126164801411242E-004
        53184  1.6077252838228139E-004
        53376  1.6212471897789540E-004
        53568  1.6324539500196962E-004
        53760  1.6240604220921808E-004
        53952  1.5316577190850779E-004
        54144  1.4206342516670075E-004
        54336  1.3118918957607723E-004
        54528  1.1958002448294358E-004
        54720  1.0587210827999454E-004
        54912  9.3401285636855039E-005
        55104  8.2914205199700235E-005
        55296  7.3119132471317474E-005
        55488  6.2178819377442700E-005
        55680  4.9715519687977487E-005
        55872  3.6354153535055740E-005
        56064  2.2244781776000025E-005
        56256  8.6176020891847351E-006
        56448 -3.6808297430330211E-006
        56640 -1.3624363587071322E-005
        56832 -1.6644716853414972E-005
        57024 -1.9104941836607367E-005
        57216 -2.1633427799883084E-005
        57408 -2.1594188346623878E-005
        57600 -1.6534691321007287E-005
        57792 -1.1612964194911116E-005
        57984 -7.7022642318524881E-006
        58176 -9.3200225214372714E-007
        58368  8.7271617723677214E-006
        58560  1.8046880286274043E-005
        58752  2.7197213327114810E-005
        58944  3.8292708629332072E-005
        59136  5.1084506163184602E-005
        59328  6.6824102775963503E-005
        59520  7.8286227210916560E-005
        59712  8.8608969679023237E-005
        59904  1.0306175359264427E-004
        60096  1.1400169011811979E-004
        60288  1.2574561995148034E-004
        60480  1.3504365643047042E-004
        60672  1.4426309622939213E-004
        60864  1.5061592587956884E-004
        61056  1.5742003993107613E-004
        61248  1.6093410011234810E-004
        61440  1.6635012009785590E-004
        61632  1.6553393594723344E-004
        61824  1.6573764116899152E-004
        62016  1.6714609442629411E-004
        62208  1.6818439333013367E-004
        62400  1.6720806350437864E-004
        62592  1.5785718125921401E-004
        62784  1.4668559879772901E-004
        62976  1.3574512551134892E-004
        63168  1.2407469818402462E-004
        63360  1.1031319053884489E-004
        63552  9.7766558455088839E-005
        63744  8.7170347789365741E-005
        63936  7.7261768743899773E-005
        64128  6.6263139999904870E-005
        64320  5.3776425926548251E-005
        64512  4.0385929047152517E-005
        64704  2.6236463923610147E-005
        64896  1.2551579563078648E-005
        65088  1.7820435258583356E-007
        65280 -9.8389795672007115E-006
        65472 -1.2938308105303042E-005
        65664 -1.5471011140501321E-005
        65856 -1.8076464742948038E-005
        66048 -1.8132317249961285E-005
        66240 -1.3188228563987142E-005
        66432 -8.3651832147235138E-006
        66624 -4.5343770361474882E-006
        66816  2.1499491030246646E-006
        67008  1.1715691073400688E-005
        67200  2.0948547649256639E-005
        67392  3.0020240860550669E-005
        67584  4.1076430281476110E-005
        67776  5.4001124405948244E-005
        67968  7.0143900841592290E-005
        68160  8.1573583267482977E-005
        68352  9.1843250467953732E-005
        68544  1.0662567831855573E-004
        68736  1.1764792432459314E-004
        68928  1.2958650546375777E-004
        69120  1.3890238217526858E-004
        69312  1.4817524826879860E-004
        69504  1.5470395948885429E-004
        69696  1.6123789898767301E-004
        69888  1.6485301496506257E-004
        70080  1.7028786300628173E-004
        70272  1.6918009510323969E-004
        70464  1.6963309010830494E-004
        70656  1.7107207953671758E-004
        70848  1.7207387885660532E-004
        71040  1.7115396266867479E-004
        71232  1.6184718826768528E-004
        71424  1.5061102181958936E-004
        71616  1.3959872016395850E-004
        71808  1.2785587886946897E-004
        72000  1.1402384600570977E-004
        72192  1.0137942705641381E-004
        72384  9.0645359624705229E-005
        72576  8.0601065003004969E-005
        72768  6.9555657704465523E-005
        72960  5.7072249764021543E-005
        73152  4.3669997806869754E-005
        73344  2.9487166665721748E-005
        73536  1.5742471681602698E-005
        73728  3.2849072624331311E-006
        73920 -6.8090780939902025E-006
        74112 -9.9675979946141990E-006
        74304 -1.2547594047513236E-005
        74496 -1.5210339037758155E-005
        74688 -1.5347276875643181E-005
        74880 -1.0506007791168952E-005
        75072 -5.7675770974373780E-006
        75264 -1.9994030986574978E-006
        75456  4.6186814261719126E-006
        75648  1.4110239589770251E-005
        75840  2.3272080877041897E-005
        76032  3.2278653782291154E-005
        76224  4.3302181110043927E-005
        76416  5.6334921728723762E-005
        76608  7.2791974618029756E-005
        76800  8.4190407159053169E-005
        76992  9.4427379729887463E-005
        77184  1.0957918006257104E-004
        77376  1.2049177702069514E-004
        77568  1.3260685979777232E-004
        77760  1.4196500364059957E-004
        77952  1.5125748458095139E-004
        78144  1.5785860486508324E-004
        78336  1.6423658086497887E-004
        78528  1.6831025687414201E-004
        78720  1.7338727976604475E-004
        78912  1.7206296410337266E-004
        79104  1.7286999225209199E-004
        79296  1.7424439426058733E-004
        79488  1.7516553331799116E-004
        79680  1.7416938011441399E-004
        79872  1.6476653386195925E-004
        80064  1.5350201248821082E-004
        80256  1.4245000299760772E-004
        80448  1.3066117894901464E-004
        80640  1.1678250591946085E-004
        80832  1.0407618805788126E-004
        81024  9.3265234424152178E-005
        81216  8.3156385365862039E-005
        81408  7.2089301175474487E-005
        81600  5.9597412716085495E-005
        81792  4.6175194459023012E-005
        81984  3.1962394496839929E-005
        82176  1.8176062598616188E-005
        82368  5.6692851354250403E-006
        82560 -4.4657775405992224E-006
        82752 -7.6660550445363296E-006
        82944 -1.0288248827172417E-005
        83136 -1.3000136900819287E-005
        83328 -1.3199064871565039E-005
        83520 -8.4307048381859284E-006
        83712 -3.7517526344271949E-006
        83904 -3.0904358685193371E-008
        84096  6.5347696432578332E-006
        84288  1.5968107281955458E-005
        84480  2.5075363588364158E-005
        84672  3.4032746888567997E-005
        84864  4.5032297872707699E-005
        85056  5.8150911305706479E-005
        85248  7.4847583315963183E-005
        85440  8.6217414630580580E-005
        85632  9.6420373645069937E-005
        85824  1.1180130638793036E-004
        86016  1.2273171456931643E-004
        86208  1.3493771056969451E-004
        86400  1.4432950236124424E-004
        86592  1.5358199114754294E-004
        86784  1.6039289297756917E-004
        86976  1.6649659956898520E-004
        87168  1.7060574379821442E-004
        87360  1.7541412306201477E-004
        87552  1.7416321847319057E-004
        87744  1.7539203894919840E-004
        87936  1.7670378391921866E-004
        88128  1.7752227303187602E-004
        88320  1.7643176017443255E-004
        88512  1.6697934263583555E-004
        88704  1.5570658087103983E-004
        88896  1.4465837907149328E-004
        89088  1.3287848215915942E-004
        89280  1.1901232578695014E-004
        89472  1.0629979950358967E-004
        89664  9.5432718386901524E-005
        89856  8.5199656624519509E-005
        90048  7.4025203579687027E-005
        90240  6.1512904056123152E-005
        90432  4.8106017376555601E-005
        90624  3.3910037067938351E-005
        90816  2.0125010487275048E-005
        91008  7.5844253389740514E-006
        91200 -2.6215005539907719E-006
        91392 -5.8912180899382646E-006
        91584 -8.5471767298243408E-006
        91776 -1.1277858003945682E-005
        91968 -1.1505317539488575E-005
        92160 -6.7917194251623188E-006
        92352 -2.1732774807999553E-006
        92544  1.5009178876598201E-006
        92736  8.0263553746210344E-006
        92928  1.7419596637324355E-005
        93120  2.6488569454366977E-005
        93312  3.5408175088932607E-005
        93504  4.6387480036451210E-005
        93696  5.9574759250383094E-005
        93888  7.6456794386119847E-005
        94080  8.7801253377591432E-005
        94272  9.7953298842212168E-005
        94464  1.1351368513090661E-004
        94656  1.2451465039281138E-004
        94848  1.3679481931494088E-004
        95040  1.4619302748094303E-004
        95232  1.5552297529888709E-004
        95424  1.6234072091410906E-004
        95616  1.6829613004772778E-004
        95808  1.7299005097847687E-004
        96000  1.7712934086628064E-004
        96192  1.7563612990268045E-004
        96384  1.7727357234656419E-004
        96576  1.7863185926887202E-004
        96768  1.7938643049254484E-004
        96960  1.7830066319446701E-004
        97152  1.6891711156567199E-004
        97344  1.5763274069922737E-004
        97536  1.4656010182068890E-004
        97728  1.3474783030987321E-004
        97920  1.2084074100178504E-004
        98112  1.0806248887687846E-004
        98304  9.7104934759689639E-005
        98496  8.6805848900627859E-005
        98688  7.5648524306241901E-005
        98880  6.3172746467641901E-005
        99072  4.9769149329861448E-005
        99264  3.5548428046679732E-005
        99456  2.1714678886230820E-005
        99648  9.1122564023405640E-006
        99840 -1.1333083634178472E-006
       100032 -4.4154568717217884E-006
       100224 -7.0835250093426134E-006
       100416 -9.8443878614944843E-006
       100608 -1.0122997593945189E-005
       100800 -5.4709472535965761E-006
       100992 -8.9589887370177803E-007
       101184  2.7505030227595098E-006
       101376  9.2442259248230068E-006
       101568  1.8598668427329661E-005
       101760  2.7628932587961608E-005
       101952  3.6513343799393760E-005
       102144  4.7474925117415806E-005
       102336  6.0716086213507429E-005
       102528  7.7739088122190137E-005
       102720  8.9060747988491123E-005
       102912  9.9182596174123835E-005
       103104  1.1490453638598902E-004
       103296  1.2585866616200697E-004
       103488  1.3822098580293114E-004
       103680  1.4762273118120990E-004
       103872  1.5691347091663927E-004
       104064  1.6383266230878124E-004
       104256  1.6968777744255845E-004
       104448  1.7458096153777171E-004
       104640  1.7903756512061177E-004
       104832  1.7774217594690293E-004
       105024  1.7872840128804838E-004
       105216  1.8008404222176811E-004
       105408  1.8090931111361562E-004
       105600  1.7988253194337644E-004
       105792  1.7052516355106986E-004
       105984  1.5924491829068412E-004
       106176  1.4814533641175937E-004
       106368  1.3628653731566050E-004
       106560  1.2231800207245828E-004
       106752  1.0945622713501864E-004
       106944  9.8409458294219495E-005
       107136  8.8083010411379892E-005
       107328  7.6992650440509136E-005
       107520  6.4568140413755624E-005
       107712  5.1159547281498951E-005
       107904  3.6900886754209073E-005
       108096  2.3008670705451915E-005
       108288  1.0348141602204265E-005
       108480  8.6356311853650378E-008
       108672 -3.1827748083171515E-006
       108864 -5.8538338490861552E-006
       109056 -8.6457897903260254E-006
       109248 -8.9763021998569136E-006
       109440 -4.3778305483994295E-006
       109632  1.6825471484995282E-007
       109824  3.7987266940736074E-006
       110016  1.0268251204051618E-005
       110208  1.9589314685738871E-005
       110400  2.8585850798937685E-005
       110592  3.7440967215944978E-005
       110784  4.8390249283901073E-005
       110976  6.1684014469089908E-005
       111168  7.8828877811849954E-005
       111360  9.0127890024906788E-005
       111552  1.0030080367460549E-004
       111744  1.1612963194923570E-004
       111936  1.2703225698645825E-004
       112128  1.3944929852458405E-004
       112320  1.4886623205168895E-004
       112512  1.5817920238867553E-004
       112704  1.6511363100790027E-004
       112896  1.7079663809757366E-004
       113088  1.7573313351321336E-004
       113280  1.7992469295199007E-004
       113472  1.7869757289375087E-004
       113664  1.7994493951821461E-004
       113856  1.8127285360651426E-004
       114048  1.8203749058884653E-004
       114240  1.8091136442608609E-004
       114432  1.7140831220356211E-004
       114624  1.6011399484351858E-004
       114816  1.4901500569378156E-004
       115008  1.3716677120771312E-004
       115200  1.2322170740992948E-004
       115392  1.1039272561857638E-004
       115584  9.9372014833803643E-005
       115776  8.9017445817581072E-005
       115968  7.7838818405013256E-005
       116160  6.5358140641469682E-005
       116352  5.1943809005879717E-005
       116544  3.7704605999676855E-005
       116736  2.3841500152480698E-005
       116928  1.1200644260770232E-005
       117120  9.2015286644875298E-007
       117312 -2.3972722276116650E-006
       117504 -5.0981381404750095E-006
       117696 -7.8968167681921157E-006
       117888 -8.2252139322616220E-006
       118080 -3.6344951896004035E-006
       118272  8.8957566184961548E-007
       118464  4.4962862681394947E-006
       118656  1.0946704017051457E-005
       118848  2.0252791936999612E-005
       119040  2.9237363225911586E-005
       119232  3.8080337023579503E-005
       119424  4.9025144612323919E-005
       119616  6.2362844872867953E-005
       119808  7.9597495277022360E-005
       120000  9.0877483750143178E-005
       120192  1.0105330626208222E-004
       120384  1.1694121859756526E-004
       120576  1.2790155187879658E-004
       120768  1.4033955450600571E-004
       120960  1.4977219562638120E-004
       121152  1.5903229814308810E-004
       121344  1.6608573942871342E-004
       121536  1.7161254855517960E-004
       121728  1.7645912255440080E-004
       121920  1.8020886013924068E-004
       122112  1.7930762864382560E-004
       122304  1.8092048859139103E-004
       122496  1.8217147885850487E-004
       122688  1.8282901664016952E-004
       122880  1.8172110405961171E-004
       123072  1.7235686684107321E-004
       123264  1.6108972083004599E-004
       123456  1.5001455019407047E-004
       123648  1.3818138237753859E-004
       123840  1.2423760727874869E-004
       124032  1.1137763730170441E-004
       124224  1.0027220371501487E-004
       124416  8.9798501970681448E-005
       124608  7.8573156671695157E-005
       124800  6.6129212500379465E-005
       124992  5.2753385792044633E-005
       125184  3.8529693895675243E-005
       125376  2.4652569718112199E-005
       125568  1.1961763835739643E-005
       125760  1.6192719376608816E-006
       125952 -1.7250683579923922E-006
       126144 -4.4217186026641542E-006
       126336 -7.2176909391152556E-006
       126528 -7.5626893336312655E-006
       126720 -3.0105188253707338E-006
       126912  1.4776763633114286E-006
       127104  5.0657063248466112E-006
       127296  1.1503978321710745E-005
       127488  2.0795991018541959E-005
       127680  2.9763918471240747E-005
       127872  3.8588923392856980E-005
       128064  4.9523926261841357E-005
       128256  6.2891855499932158E-005
       128448  8.0185618847463514E-005
       128640  9.1446902641743053E-005
       128832  1.0160967975354514E-004
       129024  1.1761075359410745E-004
       129216  1.2853492213187165E-004
       129408  1.4099784854518330E-004
       129600  1.5042931920508339E-004
       129792  1.5967929201780555E-004
       129984  1.6674706503521270E-004
       130176  1.7217259333837803E-004
       130368  1.7754727623324964E-004
       130560  1.8077420415106107E-004
       130752  1.8012849062159410E-004
       130944  1.8163906193938912E-004
       131136  1.8288106549070531E-004
       131328  1.8353401407031594E-004
       131520  1.8250063642854020E-004
       131712  1.7318512349466915E-004
       131904  1.6192657349703101E-004
       132096  1.5084480173374398E-004
       132288  1.3899408944453563E-004
       132480  1.2502335476686653E-004
       132672  1.1211938653686045E-004
       132864  1.0095160104155306E-004
       133056  9.0425925736466287E-005
       133248  7.9206525904988977E-005
       133440  6.6794327295760655E-005
       133632  5.3431743948684195E-005
       133824  3.9201112039493398E-005
       134016  2.5298985416874921E-005
       134208  1.2570431754727942E-005
       134400  2.2010064617127556E-006
       134592 -1.1455637374682635E-006
       134784 -3.8381948814475929E-006
       134976 -6.6411565158778471E-006
       135168 -7.0079426233700700E-006
       135360 -2.4860060051744889E-006
       135552  1.9815256039139090E-006
       135744  5.5598184761671427E-006
       135936  1.1988061587678667E-005
       136128  2.1266016984731980E-005
       136320  3.0218314890449932E-005
       136512  3.9028386307328587E-005
       136704  4.9956679709623141E-005
       136896  6.3352942240926829E-005
       137088  8.0699783295019268E-005
       137280  9.1943624096732813E-005
       137472  1.0213683581749754E-004
       137664  1.1816742606125963E-004
       137856  1.2911491916876990E-004
       138048  1.4155543055668958E-004
       138240  1.5098984927298413E-004
       138432  1.6024356007473905E-004
       138624  1.6732767772680379E-004
       138816  1.7261948320657157E-004
       139008  1.7809864226162685E-004
       139200  1.8070898913836604E-004
       139392  1.8029165605209672E-004
       139584  1.8221427067934373E-004
       139776  1.8341132235814828E-004
       139968  1.8398776438268246E-004
       140160  1.8286594749336325E-004
       140352  1.7352197096822482E-004
       140544  1.6228764369853539E-004
       140736  1.5124482853590224E-004
       140928  1.3943678871058490E-004
       141120  1.2550682591283519E-004
       141312  1.1262966311549080E-004
       141504  1.0145003765827137E-004
       141696  9.0851669340579952E-005
       141888  7.9556918687463595E-005
       142080  6.7139330378949955E-005
       142272  5.3807511735636249E-005
       142464  3.9609899439323002E-005
       142656  2.5728504061534725E-005
       142848  1.2992006078135108E-005
       143040  2.5819538229678597E-006
       143232 -7.9972896232356804E-007
       143424 -3.4960574269520869E-006
       143616 -6.2883200099501715E-006
       143808 -6.6492401125600993E-006
       144000 -2.1395896427678474E-006
       144192  2.3054891899809822E-006
       144384  5.8684748860203241E-006
       144576  1.2289608603367034E-005
       144768  2.1562983036810629E-005
       144960  3.0509825879836520E-005
       145152  3.9312026378014308E-005
       145344  5.0235600681244229E-005
       145536  6.3652698870892818E-005
       145728  8.1030839135583165E-005
       145920  9.2260104376567408E-005
       146112  1.0243869026524932E-004
       146304  1.1850041828789524E-004
       146496  1.2947632745916211E-004
       146688  1.4193060053333133E-004
       146880  1.5136803644364962E-004
       147072  1.6057020430072536E-004
       147264  1.6771202602769840E-004
       147456  1.7293720688584449E-004
       147648  1.7853950313384640E-004
       147840  1.8149081760392824E-004
       148032  1.8067664098419793E-004
       148224  1.8241604091338384E-004
       148416  1.8368265516479712E-004
       148608  1.8429875336983305E-004
       148800  1.8322818737942848E-004
       148992  1.7395707070187380E-004
       149184  1.6271301645673592E-004
       149376  1.5163553881689337E-004
       149568  1.3978083364085938E-004
       149760  1.2579696912483245E-004
       149952  1.1286268600526971E-004
       150144  1.0164649167663594E-004
       150336  9.1081557907070305E-005
       150528  7.9874508542081507E-005
       150720  6.7494319203449264E-005
       150912  5.4143206254407277E-005
       151104  3.9903810299976620E-005
       151296  2.5975760423950514E-005
       151488  1.3210467062859883E-005
       151680  2.8161798890211314E-006
       151872 -5.3294157958746379E-007
       152064 -3.2246338015720900E-006
       152256 -6.0385634555971474E-006
       152448 -6.4304866652030566E-006
       152640 -1.9406458275929277E-006
       152832  2.5050676958263456E-006
       153024  6.0718561354351751E-006
       153216  1.2487824647575299E-005
       153408  2.1749709007152086E-005
       153600  3.0684955977817821E-005
       153792  3.9479315013925934E-005
       153984  5.0401680136571954E-005
       154176  6.3835992553598530E-005
       154368  8.1227831091391304E-005
       154560  9.2442991801605735E-005
       154752  1.0268788093252653E-004
       154944  1.1873264930928158E-004
       155136  1.2972501590680617E-004
       155328  1.4211295702917941E-004
       155520  1.5153674206577745E-004
       155712  1.6070846404934853E-004
       155904  1.6790042817211090E-004
       156096  1.7301335987327681E-004
       156288  1.7880554896084285E-004
       156480  1.8149864454127239E-004
       156672  1.8100741035875328E-004
       156864  1.8272150689830773E-004
       157056  1.8394648033860338E-004
       157248  1.8454442512206052E-004
       157440  1.8350893188696124E-004
       157632  1.7425688487845710E-004
       157824  1.6304286338306926E-004
       158016  1.5198184273900215E-004
       158208  1.4013079353781527E-004
       158400  1.2613941896200283E-004
       158592  1.1318169318969297E-004
       158784  1.0192029759291665E-004
       158976  9.1301890251456631E-005
       159168  8.0081893064671728E-005
       159360  6.7728303191216083E-005
       159552  5.4401214206865512E-005
       159744  4.0171803017116708E-005
       159936  2.6237779610748232E-005
       160128  1.3449628537431008E-005
       160320  3.0302026123931372E-006
       160512 -3.2315018971896551E-007
       160704 -3.0046801763982566E-006
       160896 -5.8117737515184352E-006
       161088 -6.2080502235668051E-006
       161280 -1.7330478681073953E-006
       161472  2.7001161555695306E-006
       161664  6.2632052074884623E-006
       161856  1.2678451344110594E-005
       162048  2.1937964039244321E-005
       162240  3.0868644361458759E-005
       162432  3.9657355893210020E-005
       162624  5.0578477432108587E-005
       162816  6.4034179640342495E-005
       163008  8.1449539393100957E-005
       163200  9.2650360699966046E-005
       163392  1.0287298837069010E-004
       163584  1.1897969576958947E-004
       163776  1.2994978685086826E-004
       163968  1.4237114603483616E-004
       164160  1.5180388527454770E-004
       164352  1.6093868938382502E-004
       164544  1.6816337451734493E-004
       164736  1.7314781038055245E-004
       164928  1.7902127720217115E-004
       165120  1.8152810784366428E-004
       165312  1.8114059857215288E-004
       165504  1.8291603546166077E-004
       165696  1.8415537027975936E-004
       165888  1.8475303782718291E-004
       166080  1.8352948452112660E-004
       166272  1.7413259841183538E-004
       166464  1.6294586681932737E-004
       166656  1.5192530937165096E-004
       166848  1.4011851053917686E-004
       167040  1.2617331137740090E-004
       167232  1.1326309068628643E-004
       167424  1.0204081048515638E-004
       167616  9.1424604701096675E-005
       167808  8.0164650965130948E-005
       168000  6.7786158330977172E-005
       168192  5.4465558790349768E-005
       168384  4.0258166053429470E-005
       168576  2.6351747031941249E-005
       168768  1.3585039785862821E-005
       168960  3.1630239286554430E-006
       169152 -2.1065133997387969E-007
       169344 -2.9022798049809016E-006
       169536 -5.7048138317789331E-006
       169728 -6.0896491947270283E-006
       169920 -1.6077697447654514E-006
       170112  2.8216163631315010E-006
       170304  6.3778161344256345E-006
       170496  1.2789626773747153E-005
       170688  2.2049118263452073E-005
       170880  3.0981050458167470E-005
       171072  3.9770125300055447E-005
       171264  5.0693202122288352E-005
       171456  6.4168741166493020E-005
       171648  8.1599123591464580E-005
       171840  9.2787014459614703E-005
       172032  1.0296690549221341E-004
       172224  1.1907056397903564E-004
       172416  1.3015798491797736E-004
       172608  1.4253552957400355E-004
       172800  1.5197621219512154E-004
