          192 -5.0998579211670734E-005
          384 -3.4449985301239200E-005
          576 -4.3405046870163231E-006
          768  3.4135302635751018E-005
          960  4.4668035367042967E-005
         1152  2.2346362847904252E-005
         1344  7.6231245219825161E-006
         1536  9.6209024347095873E-006
         1728  4.1448307403523731E-005
         1920  9.3104910019758098E-005
         2112  1.2597072355619805E-004
         2304  1.2834411528465421E-004
         2496  1.1902725274090423E-004
         2688  1.0747772676133396E-004
         2880  9.3805734402250494E-005
         3072  8.0740531547727684E-005
         3264  6.8456060991744895E-005
         3456  5.4034996193345796E-005
         3648  3.8603106594968180E-005
         3840  2.9065891988396398E-005
         4032  3.1748445838061512E-005
         4224  3.8006535970927947E-005
         4416  4.3472236328181816E-005
         4608  4.4778011430952983E-005
         4800  3.3322675154441500E-005
         4992  2.1845319017359155E-005
         5184  1.0816791551150312E-005
         5376  2.0187341721690584E-007
         5568 -5.7644373921749821E-006
         5760  1.3129061561092466E-005
         5952  1.0271746976225814E-004
         6144  1.0678825152435443E-004
         6336  1.0177897336533750E-004
         6528  1.0102933794966760E-004
         6720  1.0128561374490012E-004
         6912  1.0407859558218146E-004
         7104  1.1612930326157172E-004
         7296  1.3576038923914660E-004
         7488  1.7456749741813507E-004
         7680  1.8306318167993373E-004
         7872  1.7838920397875602E-004
         8064  1.7658540997653408E-004
         8256  1.7011966139918240E-004
         8448  1.6178808849749259E-004
         8640  1.5752286582392100E-004
         8832  1.4744280989376684E-004
         9024  1.3838616562413333E-004
         9216  1.2721046163026117E-004
         9408  1.2207427805924017E-004
         9600  1.2495516109876524E-004
         9792  1.1885126213079003E-004
         9984  1.3526613189179627E-004
        10176  1.3759690396442727E-004
        10368  1.2384222371393731E-004
        10560  1.1651707274785137E-004
        10752  1.1745299365044579E-004
        10944  1.3687908994751034E-004
        11136  1.5402404709288756E-004
        11328  1.4644074345287304E-004
        11520  1.3279340507206034E-004
        11712  1.2027988100972979E-004
        11904  1.0936638085888465E-004
        12096  9.6624158684548291E-005
        12288  8.2038042224275186E-005
        12480  6.8680035608770150E-005
        12672  5.7125557341062197E-005
        12864  4.7164407386745809E-005
        13056  4.0883892147931697E-005
        13248  3.7659009888323917E-005
        13440  3.5988731458777826E-005
        13632  4.0498359500376107E-005
        13824  3.8537793468725573E-005
        14016  3.0136801410989187E-005
        14208  2.3315971758307075E-005
        14400  2.4619145499186995E-005
        14592  4.1663249348975675E-005
        14784  1.1904379086976674E-004
        14976  1.2774360341921356E-004
        15168  1.2593294123842142E-004
        15360  1.2526776348237021E-004
        15552  1.2778404542599639E-004
        15744  1.4013580566111161E-004
        15936  1.4555891995401518E-004
        16128  1.6168282004182510E-004
        16320  1.8267558983634972E-004
        16512  1.8844884807623001E-004
        16704  1.8658126634972237E-004
        16896  1.8091906090369572E-004
        17088  1.7333632320507832E-004
        17280  1.6963153814655580E-004
        17472  1.6167898920842050E-004
        17664  1.5556122795683713E-004
        17856  1.4969456463473750E-004
        18048  1.5069298584480926E-004
        18240  1.6161439739676255E-004
        18432  1.4986314615824005E-004
        18624  1.4102176675596226E-004
        18816  1.3854067996793727E-004
        19008  1.3508642150119400E-004
        19200  1.4099125685434246E-004
        19392  1.6074024520500358E-004
        19584  1.6929899876306774E-004
        19776  1.6218646626529103E-004
        19968  1.5022013966478311E-004
        20160  1.3585389318612463E-004
        20352  1.2246247985646941E-004
        20544  1.1054945918179861E-004
        20736  9.7615615658517839E-005
        20928  8.5024740475478369E-005
        21120  7.8799374356634317E-005
        21312  8.4181890198694787E-005
        21504  9.0161670675879599E-005
        21696  7.9854910982652606E-005
        21888  6.2383408697998881E-005
        22080  4.4717902782411638E-005
        22272  3.2163769760302500E-005
        22464  2.1713670862880544E-005
        22656  1.6985949172515512E-005
        22848  4.5672968785292113E-005
        23040  9.2918232945293257E-005
        23232  8.9924694116248543E-005
        23424  8.3939306223671919E-005
        23616  8.2161585817361514E-005
        23808  8.4493004957452423E-005
        24000  8.8570055416316895E-005
        24192  1.0282809321214524E-004
        24384  1.6613095402961796E-004
        24576  1.9183538136891484E-004
        24768  1.9397523093673877E-004
        24960  1.9584911223276074E-004
        25152  1.9394558341091436E-004
        25344  1.9463388989584166E-004
        25536  1.9182318069891333E-004
        25728  1.8632518432175663E-004
        25920  1.8329977030691135E-004
        26112  1.7543907945028362E-004
        26304  1.6970527090456406E-004
        26496  1.6556873837451295E-004
        26688  1.7201729097989857E-004
        26880  1.8833163312429141E-004
        27072  1.6291205757023759E-004
        27264  1.3273377970349717E-004
        27456  1.2135061335366581E-004
        27648  1.2576060582235462E-004
        27840  1.5417439481308308E-004
        28032  1.9372709934881063E-004
        28224  1.9734809143644584E-004
        28416  1.8566447375142057E-004
        28608  1.7144746943706886E-004
        28800  1.5522277818769633E-004
        28992  1.3967033246139974E-004
        29184  1.2530938245048127E-004
        29376  1.1043753267564509E-004
        29568  9.8782972903564180E-005
        29760  9.9403225743076179E-005
        29952  1.0422446117500911E-004
        30144  9.6494755889149939E-005
        30336  8.1067002353288423E-005
        30528  6.3355433181745403E-005
        30720  4.6503694458002550E-005
        30912  3.6026973491164792E-005
        31104  3.1391512040972554E-005
        31296  3.9176222517687936E-005
        31488  5.5594693319369510E-005
        31680  5.8552751969237777E-005
        31872  5.4902417367158423E-005
        32064  5.1284696441530421E-005
        32256  5.3432616459015209E-005
        32448  6.7936232612197768E-005
        32640  1.2887609604304129E-004
        32832  1.6894875546134871E-004
        33024  1.7484774661288008E-004
        33216  1.7738986234087291E-004
        33408  1.8190618048485692E-004
        33600  1.8677669657625486E-004
        33792  1.9067425160239183E-004
        33984  1.9552066756835522E-004
        34176  1.9623755099563373E-004
        34368  1.9275712042320735E-004
        34560  1.9243679781382638E-004
        34752  1.8682456457958283E-004
        34944  1.8303817521674864E-004
        35136  1.7770511146588465E-004
        35328  1.7392163866037960E-004
        35520  1.7539831755602702E-004
        35712  1.5949705784620835E-004
        35904  1.2773144522204219E-004
        36096  1.3228170476432133E-004
        36288  1.4919807994753534E-004
        36480  1.6693906723135285E-004
        36672  1.8942167502888725E-004
        36864  1.8870107655077494E-004
        37056  1.7724960620240358E-004
        37248  1.6350048526773324E-004
        37440  1.4775575659249467E-004
        37632  1.3281278571541959E-004
        37824  1.1968327433542453E-004
        38016  1.0839086020184686E-004
        38208  1.0365935830710056E-004
        38400  1.0726583661641144E-004
        38592  1.0687408606952451E-004
        38784  9.3958934902688411E-005
        38976  7.6137379447900001E-005
        39168  5.7687091880713993E-005
        39360  4.0933093799795164E-005
        39552  3.2662944412208180E-005
        39744  3.8407609284665858E-005
        39936  5.5022084569159756E-005
        40128  5.7647402058298030E-005
        40320  5.5726482561622160E-005
        40512  5.3437175064344968E-005
        40704  5.2087008145939108E-005
        40896  5.8239266622400904E-005
        41088  8.5166796887468018E-005
        41280  1.5751830873236635E-004
        41472  1.6773530151937316E-004
        41664  1.7867922230333506E-004
        41856  1.8192332401381622E-004
        42048  1.8773378890346687E-004
        42240  1.9020155013855584E-004
        42432  1.9075062462489296E-004
        42624  1.9302248284283789E-004
        42816  1.9407219525860634E-004
        43008  1.9271175681257737E-004
        43200  1.9414101442260601E-004
        43392  1.9287024122302123E-004
        43584  1.9451791745493736E-004
        43776  1.9185756888793779E-004
        43968  1.8566209826791270E-004
        44160  1.8146578651044660E-004
        44352  1.6476990481850722E-004
        44544  1.2960122156598260E-004
        44736  1.3411725783478654E-004
        44928  1.5469510365532930E-004
        45120  1.5864951266111857E-004
        45312  1.7899406688227804E-004
        45504  1.9625178575653822E-004
        45696  1.8928718404445815E-004
        45888  1.7554158324985274E-004
        46080  1.5942376901918010E-004
        46272  1.4384664488195593E-004
        46464  1.2911281874525716E-004
        46656  1.1296767291386882E-004
        46848  9.8786692627817540E-005
        47040  9.6094767085357004E-005
        47232  1.0216837371333666E-004
        47424  1.0057888675535052E-004
        47616  8.6587748623558763E-005
        47808  6.8738802646928554E-005
        48000  5.1375985752268070E-005
        48192  3.9311938486527989E-005
        48384  3.0040146002447105E-005
        48576  3.2018089834610349E-005
        48768  7.2464184159358894E-005
        48960  9.7651464512433744E-005
        49152  9.3192159660584055E-005
        49344  8.8142831808591039E-005
        49536  8.7365280439787415E-005
        49728  9.1174687643422419E-005
        49920  9.8741727700781898E-005
        50112  1.2898680232225306E-004
        50304  1.9185397318055626E-004
        50496  1.9963370464604372E-004
        50688  2.0447247372762714E-004
        50880  2.0596213875087984E-004
        51072  2.0430423168255399E-004
        51264  2.0361713411406009E-004
        51456  2.0050947123337678E-004
        51648  1.9529155907754142E-004
        51840  1.9280802084477172E-004
        52032  1.8557081989543605E-004
        52224  1.8124503517898279E-004
        52416  1.7735598966870126E-004
        52608  1.8282134985930245E-004
        52800  2.0176716151441994E-004
        52992  1.9911541853323653E-004
        53184  1.5769382408203857E-004
        53376  1.3203334602812124E-004
        53568  1.2473115964963791E-004
        53760  1.4552750554772454E-004
        53952  1.9389841936756614E-004
        54144  2.0564710882757962E-004
        54336  1.9646329100169864E-004
        54528  1.8265924220212999E-004
        54720  1.6653689553389927E-004
        54912  1.5102292138019293E-004
        55104  1.3666556862126068E-004
        55296  1.2177572742722096E-004
        55488  1.0990189680817635E-004
        55680  1.0746287100931582E-004
        55872  1.0489283482368430E-004
        56064  9.3996894561208460E-005
        56256  7.9700893924005063E-005
        56448  6.4456370920969118E-005
        56640  5.0375693912266302E-005
        56832  4.3281866285872837E-005
        57024  4.3487927906059259E-005
        57216  5.1452527479229743E-005
        57408  5.3298991235872304E-005
        57600  5.2052669352612334E-005
        57792  4.9561920593809600E-005
        57984  4.7704998101007581E-005
        58176  5.5327588992218917E-005
        58368  1.0442900740728521E-004
        58560  1.6405873597847141E-004
        58752  1.6555034078336915E-004
        58944  1.7350130209098022E-004
        59136  1.7661021459709528E-004
        59328  1.8183013921955357E-004
        59520  1.8744403009256604E-004
        59712  1.9254702874450100E-004
        59904  1.9868141084554978E-004
        60096  2.0086293550429472E-004
        60288  1.9817717267239568E-004
        60480  1.9893737335574242E-004
        60672  1.9413857458079964E-004
        60864  1.9010463750132324E-004
        61056  1.8296682528753854E-004
        61248  1.7601950350314011E-004
        61440  1.7557204375296442E-004
        61632  1.6278812866685538E-004
        61824  1.3886366668277846E-004
        62016  1.3970284374788022E-004
        62208  1.4611907884729596E-004
        62400  1.5724962103340492E-004
        62592  1.9142161947640119E-004
        62784  1.9854269202699429E-004
        62976  1.8744727770790117E-004
        63168  1.7345116663759031E-004
        63360  1.5744318009791846E-004
        63552  1.4209875685080049E-004
        63744  1.2803956012816234E-004
        63936  1.1419071185861237E-004
        64128  1.0389488190373941E-004
        64320  1.0112090797277400E-004
        64512  1.0345910810315518E-004
        64704  9.9677524591181910E-005
        64896  8.5742917192154942E-005
        65088  6.8230439298032401E-005
        65280  5.1380216429324027E-005
        65472  4.1328654486757292E-005
        65664  4.0067867422579553E-005
        65856  4.8654403101665246E-005
        66048  5.7171282000231494E-005
        66240  5.9338305425108172E-005
        66432  5.7759515815122637E-005
        66624  5.6557530992499103E-005
        66816  6.4083551757143964E-005
        67008  1.0355116185421286E-004
        67200  1.6027832079307293E-004
        67392  1.6584470315275849E-004
        67584  1.7833970229952557E-004
        67776  1.8227175242874178E-004
        67968  1.8916333754950129E-004
        68160  1.9341499730251671E-004
        68352  1.9736203010627343E-004
        68544  2.0353370665048768E-004
        68736  2.0740775726212809E-004
        68928  2.0560409497637506E-004
        69120  2.0568678386582615E-004
        69312  1.9865023697928703E-004
        69504  1.9268492678541096E-004
        69696  1.8535018801506376E-004
        69888  1.8054788831172589E-004
        70080  1.8248869754151128E-004
        70272  1.7740038256256529E-004
        70464  1.5634513633205644E-004
        70656  1.4565705631757665E-004
        70848  1.5028167000935265E-004
        71040  1.6941416409865269E-004
        71232  1.9813844920362473E-004
        71424  1.9591277163462319E-004
        71616  1.8390098118739275E-004
        71808  1.6996924130374243E-004
        72000  1.5412264472549220E-004
        72192  1.3917337661209454E-004
        72384  1.2600207658347326E-004
        72576  1.1315668913240399E-004
        72768  1.0338345731458413E-004
        72960  1.0283541851416569E-004
        73152  1.0936965213978621E-004
        73344  1.0411247731995077E-004
        73536  8.7845941969124823E-005
        73728  6.9568261233396198E-005
        73920  5.2727791041432253E-005
        74112  4.2248736253218480E-005
        74304  3.6248795101232056E-005
        74496  3.9168861346119370E-005
        74688  5.7751951944973881E-005
        74880  6.9540784988981683E-005
        75072  6.6552738548296774E-005
        75264  6.2658414415636555E-005
        75456  6.4076292328526784E-005
        75648  7.3955132336101068E-005
        75840  1.0925697594080876E-004
        76032  1.6770417988998875E-004
        76224  1.7908811115920398E-004
        76416  1.8255452053447457E-004
        76608  1.8895690194747043E-004
        76800  1.9375060123547381E-004
        76992  1.9725462358096611E-004
        77184  2.0072623960825883E-004
        77376  2.0146657211829789E-004
        77568  1.9806681748642938E-004
        77760  1.9836385460127859E-004
        77952  1.9332984592484545E-004
        78144  1.9064923099530631E-004
        78336  1.8654585179200169E-004
        78528  1.8277520432340551E-004
        78720  1.8372876665094225E-004
        78912  1.7974690731636283E-004
        79104  1.5533238193444723E-004
        79296  1.4350396311295867E-004
        79488  1.5480104516411272E-004
        79680  1.7424809710134883E-004
        79872  1.9812922310835244E-004
        80064  1.9589039587077103E-004
        80256  1.8414415927385123E-004
        80448  1.7032430322656898E-004
        80640  1.5454881573228214E-004
        80832  1.3962627156543679E-004
        81024  1.2655793604954215E-004
        81216  1.1464661601056831E-004
        81408  1.0819152122411475E-004
        81600  1.1154837249423418E-004
        81792  1.1278540956152010E-004
        81984  1.0092671630678063E-004
        82176  8.3460203797911886E-005
        82368  6.5198029836717822E-005
        82560  4.9073299278505152E-005
        82752  4.1485274504577848E-005
        82944  4.1323111123633011E-005
        83136  4.7016624354531541E-005
        83328  5.2630260387516903E-005
        83520  5.4423383734479946E-005
        83712  5.3319565435540094E-005
        83904  5.5380244643734844E-005
        84096  7.1877677971490082E-005
        84288  1.0478949611573927E-004
        84480  1.2626016946124042E-004
        84672  1.3577521813257662E-004
        84864  1.5411128276715416E-004
        85056  1.6451840449735068E-004
        85248  1.8134059564583403E-004
        85440  1.9575308739940551E-004
        85632  2.0717998995618575E-004
        85824  2.1389295864469006E-004
        86016  2.1066247628248751E-004
        86208  2.0217582372182599E-004
        86400  1.9687353515138536E-004
        86592  1.8699783968907418E-004
        86784  1.8042940818216951E-004
        86976  1.7482124613004348E-004
        87168  1.7626230621233671E-004
        87360  1.8929841851554640E-004
        87552  1.8817362758540549E-004
        87744  1.5342632160774425E-004
        87936  1.3959234782055189E-004
        88128  1.4871861491091377E-004
        88320  1.7990358959389113E-004
        88512  2.0964975942600430E-004
        88704  2.0318002884069919E-004
        88896  1.9042235296186092E-004
        89088  1.7621987548740672E-004
        89280  1.6016121087314916E-004
        89472  1.4484943015468480E-004
        89664  1.3068584246310713E-004
        89856  1.1549584648925002E-004
        90048  1.0162129699875496E-004
        90240  9.8091310096835572E-005
        90432  1.1103328420926249E-004
        90624  1.1574399926392205E-004
        90816  1.0021513841917052E-004
        91008  8.0631112231959628E-005
        91200  6.1882585032435163E-005
        91392  4.8430348190180148E-005
        91584  3.7351509007884733E-005
        91776  3.4744498606092488E-005
        91968  6.6543105570114435E-005
        92160  9.6660857238279628E-005
        92352  9.2533253846172235E-005
        92544  8.7201312347629133E-005
        92736  8.6046237227558855E-005
        92928  8.9132337488596964E-005
        93120  9.5567157095032744E-005
        93312  1.2777933408876502E-004
        93504  1.8969715195958222E-004
        93696  1.9777103823519668E-004
        93888  2.0184800946326629E-004
        94080  2.0481148461328646E-004
        94272  2.0511176250289032E-004
        94464  2.0672558599058293E-004
        94656  2.0535233818296276E-004
        94848  2.0043162963764413E-004
        95040  1.9782649389417319E-004
        95232  1.9115856154270595E-004
        95424  1.8874463637485133E-004
        95616  1.8997072200424757E-004
        95808  1.9821765440070739E-004
        96000  2.0565210116224486E-004
        96192  1.9043138024053973E-004
        96384  1.5314934352910712E-004
        96576  1.3356884366176448E-004
        96768  1.4181672459778429E-004
        96960  1.8018878263644295E-004
        97152  2.1368532849352486E-004
        97344  2.1443838788734712E-004
        97536  2.0358922179913980E-004
        97728  1.8971547252685632E-004
        97920  1.7375256975846569E-004
        98112  1.5859292843153777E-004
        98304  1.4513281011491091E-004
        98496  1.3270102462489887E-004
        98688  1.2519114869700656E-004
        98880  1.2187944732481776E-004
        99072  1.1305224664011336E-004
        99264  9.9097068726968876E-005
        99456  8.3626372596404836E-005
        99648  6.8432562305144204E-005
        99840  5.5979689291230885E-005
       100032  5.3676692686760821E-005
       100224  6.1285063638960143E-005
       100416  6.2905688495371888E-005
       100608  5.6327500159597656E-005
       100800  5.3694019280718004E-005
       100992  5.1451886409068785E-005
       101184  5.0698301072377676E-005
       101376  6.4522645310282603E-005
       101568  1.4395307684617929E-004
       101760  1.6964652179464159E-004
       101952  1.7152346366858427E-004
       102144  1.8381266959108754E-004
       102336  1.8730608100645985E-004
       102528  1.9377624087813493E-004
       102720  1.9729157570075534E-004
       102912  1.9984577143257156E-004
       103104  2.0369815074532043E-004
       103296  2.0562827706644102E-004
       103488  2.0295449162190051E-004
       103680  2.0185455299188829E-004
       103872  1.9691423039769069E-004
       104064  1.9702965720634659E-004
       104256  2.0067626362303302E-004
       104448  2.0446916228688595E-004
       104640  2.0279233995749982E-004
       104832  1.8895837737316283E-004
       105024  1.5022798123110603E-004
       105216  1.3596093750612031E-004
       105408  1.5413133618522948E-004
       105600  1.7775235645843608E-004
       105792  1.8701735233936343E-004
       105984  2.0393815970910350E-004
       106176  2.0933539944871868E-004
       106368  1.9848335520527332E-004
       106560  1.8258071005946720E-004
       106752  1.6679494149838723E-004
       106944  1.5165205192301564E-004
       107136  1.3460679338511819E-004
       107328  1.1655050829046606E-004
       107520  1.0348072648839840E-004
       107712  1.0220012526299532E-004
       107904  1.0549464453538247E-004
       108096  9.9947711073765947E-005
       108288  8.5509929768759770E-005
       108480  6.8782722562387412E-005
       108672  5.6313874114508987E-005
       108864  4.5399166026003780E-005
       109056  3.8290812225894745E-005
       109248  5.4470373772002341E-005
       109440  9.7922235651295300E-005
       109632  1.0125100347767089E-004
       109824  9.6692445146240305E-005
       110016  9.6269862808126116E-005
       110208  1.0044365788413508E-004
       110400  1.0798214410399321E-004
       110592  1.2433402554205231E-004
       110784  1.7372333124176942E-004
       110976  2.1457975111287918E-004
       111168  2.1996295790060110E-004
       111360  2.2019011862371425E-004
       111552  2.1699955144064922E-004
       111744  2.1404219392755076E-004
       111936  2.0889533285234146E-004
       112128  2.0183205193070278E-004
       112320  1.9881121220501335E-004
       112512  1.9221940903070965E-004
       112704  1.8868831703861805E-004
       112896  1.8623035828165032E-004
       113088  1.9206311283756719E-004
       113280  2.1053775377907652E-004
       113472  2.0870411038334893E-004
       113664  1.7314481301271688E-004
       113856  1.5078046863413989E-004
       114048  1.4593903339637119E-004
       114240  1.6680012753693871E-004
       114432  2.1121778781348655E-004
       114624  2.1472430201931783E-004
       114816  2.0252314307435474E-004
       115008  1.8814677634846209E-004
       115200  1.7182153363995217E-004
       115392  1.5611465814767222E-004
       115584  1.4139504504345369E-004
       115776  1.2561935224114998E-004
       115968  1.1186085338516917E-004
       116160  1.1066628891469184E-004
       116352  1.1830954705306474E-004
       116544  1.1264693368058239E-004
       116736  9.7771466319219414E-005
       116928  8.0099512220825888E-005
       117120  6.2852500667468436E-005
       117312  5.1234333469989535E-005
       117504  4.4443399912636746E-005
       117696  5.1789447707866015E-005
       117888  7.4344983368404438E-005
       118080  7.8463106672556433E-005
       118272  7.4108757159646954E-005
       118464  6.9646841242671854E-005
       118656  6.9880021950151781E-005
       118848  7.7587641693717532E-005
       119040  1.1441924502202318E-004
       119232  1.7583975523765563E-004
       119424  1.8730473500573602E-004
       119616  1.9083282842357479E-004
       119808  1.9591094248030917E-004
       120000  2.0075329456921496E-004
       120192  2.0412151997439184E-004
       120384  2.0817508359811783E-004
       120576  2.0834847365241063E-004
       120768  2.0439261472045628E-004
       120960  2.0364765261413517E-004
       121152  2.0049720213438857E-004
       121344  2.0205679679610250E-004
       121536  2.0178652141495225E-004
       121728  1.9904112764603522E-004
       121920  1.9613167819385375E-004
       122112  1.8313021515103868E-004
       122304  1.5407884084621618E-004
       122496  1.4889922752931274E-004
       122688  1.6848532670405220E-004
       122880  1.8008454824243241E-004
       123072  2.0251126677480225E-004
       123264  2.1426651965360607E-004
       123456  2.0548274309912994E-004
       123648  1.9159755363536371E-004
       123840  1.7545784466852285E-004
       124032  1.5986991094755411E-004
       124224  1.4518431613606351E-004
       124416  1.2934041477904017E-004
       124608  1.1589216927567385E-004
       124800  1.1457748873461006E-004
       124992  1.1987418758548896E-004
       125184  1.1441770082786510E-004
       125376  9.9085715803993015E-005
       125568  8.1077667348414007E-005
       125760  6.3699799657916992E-005
       125952  5.1642700942310635E-005
       126144  4.3186005279318889E-005
       126336  5.0298246096372059E-005
       126528  8.7985784210574102E-005
       126720  9.8159516956399556E-005
       126912  9.4124803295797700E-005
       127104  9.0056711908162906E-005
       127296  9.0546908999469768E-005
       127488  9.6406538892994544E-005
       127680  1.0753690381746089E-004
       127872  1.4423215299153594E-004
       128064  2.0321540882730342E-004
       128256  2.0874722649452372E-004
       128448  2.1416329410257087E-004
       128640  2.1570913509686115E-004
       128832  2.1464361348385712E-004
       129024  2.1358207796190519E-004
       129216  2.1132781834442194E-004
       129408  2.0702387111001520E-004
       129600  2.0564151758205486E-004
       129792  1.9999710107284260E-004
       129984  1.9717153375880937E-004
       130176  1.9665027465872467E-004
       130368  2.0473128716634635E-004
       130560  2.1988356769190559E-004
       130752  2.1285041023713205E-004
       130944  1.6976666851945560E-004
       131136  1.4876106998002139E-004
       131328  1.4675006876930800E-004
       131520  1.7507550884723644E-004
       131712  2.1429493119589903E-004
       131904  2.2002947866261075E-004
       132096  2.1100735260392919E-004
       132288  1.9757301540574467E-004
       132480  1.8177862574397045E-004
       132672  1.6668316912160611E-004
       132864  1.5309646867605958E-004
       133056  1.3990146312093784E-004
       133248  1.3034417533565486E-004
       133440  1.2570152275482408E-004
       133632  1.1745564447888953E-004
       133824  1.0417391470706298E-004
       134016  8.9330470259240687E-005
       134208  7.4719289162565922E-005
       134400  6.2574165081787474E-005
       134592  5.9217127471781956E-005
       134784  6.3577058551951202E-005
       134976  6.5369731352965592E-005
       135168  5.9798419891385895E-005
       135360  5.7323336014263919E-005
       135552  5.5191923480148452E-005
       135744  5.5488610674585398E-005
       135936  7.8102934465016792E-005
       136128  1.5750493150441415E-004
       136320  1.6941752091024367E-004
       136512  1.7087835624897337E-004
       136704  1.8261174296380726E-004
       136896  1.8663442386904848E-004
       137088  1.9444895444409787E-004
       137280  2.0026800526116759E-004
       137472  2.0603410025456814E-004
       137664  2.1230511673563909E-004
       137856  2.1510744232872871E-004
       138048  2.1311931247283586E-004
       138240  2.1523387073528642E-004
       138432  2.1283800195937426E-004
       138624  2.1065004646799183E-004
       138816  2.0421394094811130E-004
       139008  1.9668698073811724E-004
       139200  1.9425077992139863E-004
       139392  1.8812710445821645E-004
       139584  1.6373581073040339E-004
       139776  1.6358817648106391E-004
       139968  1.6756119693233089E-004
       140160  1.6849510098123483E-004
       140352  1.9758986073735197E-004
       140544  2.1721033754648815E-004
       140736  2.0830700948694440E-004
       140928  1.9416401808206846E-004
       141120  1.7791260726279429E-004
       141312  1.6224393732057498E-004
       141504  1.4759830354250949E-004
       141696  1.3236420556244710E-004
       141888  1.1909941160057474E-004
       142080  1.1166655574984913E-004
       142272  1.0895263146044952E-004
       142464  1.0713769279380368E-004
       142656  1.0023179517832862E-004
       142848  8.6135546114094296E-005
       143040  7.0432580272620406E-005
       143232  6.0693313174935085E-005
       143424  5.6204502645104574E-005
       143616  5.5468567228670994E-005
       143808  5.9093917192366942E-005
       144000  6.7900319986360566E-005
       144192  7.3832193263195182E-005
       144384  7.8405341857986491E-005
       144576  9.1363546464376936E-005
       144768  1.1002195658358163E-004
       144960  1.2479628791747208E-004
       145152  1.4035884739189161E-004
       145344  1.6699722497049953E-004
       145536  1.8074358369492261E-004
       145728  2.0042993684432753E-004
       145920  2.1379192887821852E-004
       146112  2.2125336459789168E-004
       146304  2.2431449197425943E-004
       146496  2.2159485181264720E-004
       146688  2.1474628978680559E-004
       146880  2.1116048818642326E-004
       147072  2.0335154982074015E-004
       147264  1.9937390283240145E-004
       147456  1.9675389601855940E-004
       147648  1.9927874219954482E-004
       147840  2.0677046970957305E-004
       148032  2.0135512898918632E-004
       148224  1.7304916068386700E-004
       148416  1.5847808684605550E-004
       148608  1.7128841120074836E-004
       148800  2.0129223303497074E-004
       148992  2.2333787271096303E-004
       149184  2.1603409607941687E-004
       149376  2.0329960199597300E-004
       149568  1.8903180498247539E-004
       149760  1.7288767990298600E-004
       149952  1.5747443304325496E-004
       150144  1.4342658970274222E-004
       150336  1.2938610242361849E-004
       150528  1.1994991051216070E-004
       150720  1.2481236881271794E-004
       150912  1.3157700001941670E-004
       151104  1.2098828261097567E-004
       151296  1.0308601762617856E-004
       151488  8.4106451657400293E-005
       151680  6.6479714822514384E-005
       151872  5.5195320367636454E-005
       152064  5.0341152145590009E-005
       152256  6.1820130465343079E-005
       152448  8.2395510416964811E-005
       152640  8.2667659563359183E-005
       152832  7.7857727255014074E-005
       153024  7.3281900502051052E-005
       153216  7.3558055100128740E-005
       153408  8.1906974265182078E-005
       153600  1.2638047410194869E-004
       153792  1.8362125362880009E-004
       153984  1.9453854784490755E-004
       154176  1.9783650816808536E-004
       154368  2.0300960457838077E-004
       154560  2.0824209007429994E-004
       154752  2.1290452610816718E-004
       154944  2.1735985475564078E-004
       155136  2.1860282134576631E-004
       155328  2.1551783293626006E-004
       155520  2.1495145758385303E-004
       155712  2.1067389734429222E-004
       155904  2.0967665584235021E-004
       156096  2.0669264924383672E-004
       156288  2.0410308177409492E-004
       156480  2.0432472349607417E-004
       156672  1.9696549004393559E-004
       156864  1.6537499083780141E-004
       157056  1.6066897947771247E-004
       157248  1.7570410146799121E-004
       157440  1.9103893579585276E-004
       157632  2.1475644871379301E-004
       157824  2.1752941348399791E-004
       158016  2.0640160659581472E-004
       158208  1.9239872819043434E-004
       158400  1.7636892250834165E-004
       158592  1.6098707396299054E-004
       158784  1.4682716341176720E-004
       158976  1.3291751657778478E-004
       159168  1.2430781354122911E-004
       159360  1.2613358214934916E-004
       159552  1.2757034186183306E-004
       159744  1.1679608622540886E-004
       159936  9.9713591665903837E-005
       160128  8.1369589289902682E-005
       160320  6.4222734377442520E-005
       160512  5.3773949628282194E-005
       160704  5.3662701698959919E-005
       160896  7.1568430362300704E-005
       161088  8.1275652416994476E-005
       161280  7.9676527091499679E-005
       161472  7.6898649278333824E-005
       161664  7.4674451391517070E-005
       161856  7.8379154776516869E-005
       162048  9.1266270044127037E-005
       162240  1.3809087235575114E-004
       162432  1.8645798951304226E-004
       162624  1.9940868778707243E-004
       162816  2.0288421665510921E-004
       163008  2.0970347113441072E-004
       163200  2.1212223314758885E-004
       163392  2.1264621526964240E-004
       163584  2.1345833464738229E-004
       163776  2.1349181725513963E-004
       163968  2.1137855799879313E-004
       164160  2.1192644827033391E-004
       164352  2.0914384607165714E-004
       164544  2.1052217716093375E-004
       164736  2.1295225273816008E-004
       164928  2.1738008081862681E-004
       165120  2.1700769471875387E-004
       165312  2.0004724159412772E-004
       165504  1.6961250099661347E-004
       165696  1.5488719314317255E-004
       165888  1.7071980637920172E-004
       166080  1.9393633928724288E-004
       166272  2.0828909410968604E-004
       166464  2.1938714119678992E-004
       166656  2.1489628474087209E-004
       166848  2.0217709381274780E-004
       167040  1.8639426347377111E-004
       167232  1.7102099339027141E-004
       167424  1.5657293085884614E-004
       167616  1.4100701081020328E-004
       167808  1.2682145456584040E-004
       168000  1.2162715896241932E-004
       168192  1.2218809866577262E-004
       168384  1.1618366673121051E-004
       168576  1.0364724489432474E-004
       168768  8.7657552699680868E-005
       168960  7.1399647663990105E-005
       169152  6.0157724440804695E-005
       169344  5.2681779025802043E-005
       169536  5.8575099683217580E-005
       169728  8.1836148385754619E-005
       169920  8.8040609143321210E-005
       170112  8.5263233345559807E-005
       170304  8.2341874845280613E-005
       170496  8.4362636954492435E-005
       170688  9.2871004103820283E-005
       170880  1.0808061385991496E-004
       171072  1.5687949197219610E-004
       171264  2.1028556520872086E-004
       171456  2.1357701892648229E-004
       171648  2.1820440678140489E-004
       171840  2.1942454735267742E-004
       172032  2.1807342169837809E-004
       172224  2.1649714121321247E-004
       172416  2.1378804668264716E-004
       172608  2.0948551168119368E-004
       172800  2.0925929576158910E-004
