          192  5.3846952844920028E-004  0.0000000000000000E+000
   0.0000000000000000E+000
          384  1.7695457316354070E-003  0.0000000000000000E+000
   0.0000000000000000E+000
          576  3.4450353481210736E-003  0.0000000000000000E+000
   0.0000000000000000E+000
          768  4.1435631459368983E-003  0.0000000000000000E+000
   0.0000000000000000E+000
          960  1.7934110097482883E-003  0.0000000000000000E+000
   0.0000000000000000E+000
         1152  3.3502307278547165E-004  0.0000000000000000E+000
   0.0000000000000000E+000
         1344  4.0782276661730416E-004  0.0000000000000000E+000
   0.0000000000000000E+000
         1536  1.1341435837989168E-003  0.0000000000000000E+000
   0.0000000000000000E+000
         1728  2.5966162578772351E-003  0.0000000000000000E+000
   0.0000000000000000E+000
         1920  2.5311763470057067E-003  0.0000000000000000E+000
   0.0000000000000000E+000
         2112  1.6210278868745963E-003  0.0000000000000000E+000
   0.0000000000000000E+000
         2304  1.1226249160081424E-003  0.0000000000000000E+000
   0.0000000000000000E+000
         2496  1.4363635488266540E-003  0.0000000000000000E+000
   0.0000000000000000E+000
         2688  1.3275196534928309E-003  0.0000000000000000E+000
   0.0000000000000000E+000
         2880  1.0757398600918129E-003  0.0000000000000000E+000
   0.0000000000000000E+000
         3072  9.1825597756248754E-004  0.0000000000000000E+000
   0.0000000000000000E+000
         3264  7.1431733188557134E-004  0.0000000000000000E+000
   0.0000000000000000E+000
         3456  7.6873398055713751E-004  0.0000000000000000E+000
   0.0000000000000000E+000
         3648  1.1341771195124794E-003  0.0000000000000000E+000
   0.0000000000000000E+000
         3840  2.4681833708874862E-003  0.0000000000000000E+000
   0.0000000000000000E+000
         4032  1.3737745772394311E-003  0.0000000000000000E+000
   0.0000000000000000E+000
         4224  1.3223372347161712E-003  0.0000000000000000E+000
   0.0000000000000000E+000
         4416  1.4717217761073275E-003  0.0000000000000000E+000
   0.0000000000000000E+000
         4608  1.3086091680120859E-003  0.0000000000000000E+000
   0.0000000000000000E+000
         4800  8.1740065647954263E-004  0.0000000000000000E+000
   0.0000000000000000E+000
         4992  7.2466423456901197E-004  0.0000000000000000E+000
   0.0000000000000000E+000
         5184  8.5271278712344795E-004  0.0000000000000000E+000
   0.0000000000000000E+000
         5376  1.0673474618815740E-003  0.0000000000000000E+000
   0.0000000000000000E+000
         5568  2.4913279966546089E-003  0.0000000000000000E+000
   0.0000000000000000E+000
         5760  2.6684662286680723E-003  0.0000000000000000E+000
   0.0000000000000000E+000
         5952  1.2122619243331437E-003  0.0000000000000000E+000
   0.0000000000000000E+000
         6144  8.7449922951829677E-005  0.0000000000000000E+000
   0.0000000000000000E+000
         6336  1.0976745417218752E-004  0.0000000000000000E+000
   0.0000000000000000E+000
         6528  1.7418099783965776E-004  0.0000000000000000E+000
   0.0000000000000000E+000
         6720  3.3489392251467485E-004  0.0000000000000000E+000
   0.0000000000000000E+000
         6912  6.2297246129339634E-004  0.0000000000000000E+000
   0.0000000000000000E+000
         7104  9.8295088074742748E-004  0.0000000000000000E+000
   0.0000000000000000E+000
         7296  1.6869916817065234E-003  0.0000000000000000E+000
   0.0000000000000000E+000
         7488  1.3275872776079202E-003  0.0000000000000000E+000
   0.0000000000000000E+000
         7680  3.3737313526976975E-004  0.0000000000000000E+000
   0.0000000000000000E+000
         7872  3.2411141388538991E-004  0.0000000000000000E+000
   0.0000000000000000E+000
         8064  4.0195169379534328E-004  0.0000000000000000E+000
   0.0000000000000000E+000
         8256  4.7352649377742199E-004  0.0000000000000000E+000
   0.0000000000000000E+000
         8448  5.1863352570812287E-004  0.0000000000000000E+000
   0.0000000000000000E+000
         8640  5.7110922178540751E-004  0.0000000000000000E+000
   0.0000000000000000E+000
         8832  6.0955905000619458E-004  0.0000000000000000E+000
   0.0000000000000000E+000
         9024  6.3569307569944606E-004  0.0000000000000000E+000
   0.0000000000000000E+000
         9216  7.6377207042204788E-004  0.0000000000000000E+000
   0.0000000000000000E+000
         9408  1.2592267650525057E-003  0.0000000000000000E+000
   0.0000000000000000E+000
         9600  2.5014432672130875E-003  0.0000000000000000E+000
   0.0000000000000000E+000
         9792  3.9497072971480659E-003  0.0000000000000000E+000
   0.0000000000000000E+000
         9984  4.2937241401554598E-003  0.0000000000000000E+000
   0.0000000000000000E+000
        10176  1.3411790840629943E-003  0.0000000000000000E+000
   0.0000000000000000E+000
        10368  2.4193241790553522E-004  0.0000000000000000E+000
   0.0000000000000000E+000
        10560  2.8854568066548488E-004  0.0000000000000000E+000
   0.0000000000000000E+000
        10752  8.3276923886679301E-004  0.0000000000000000E+000
   0.0000000000000000E+000
        10944  1.8154517419390020E-003  0.0000000000000000E+000
   0.0000000000000000E+000
        11136  1.3812283033841711E-003  0.0000000000000000E+000
   0.0000000000000000E+000
        11328  1.2586570599840900E-003  0.0000000000000000E+000
   0.0000000000000000E+000
        11520  1.7541316406482113E-003  0.0000000000000000E+000
   0.0000000000000000E+000
        11712  1.6440363899006079E-003  0.0000000000000000E+000
   0.0000000000000000E+000
        11904  1.3757173547011400E-003  0.0000000000000000E+000
   0.0000000000000000E+000
        12096  1.0070166599457783E-003  0.0000000000000000E+000
   0.0000000000000000E+000
        12288  1.0308378580608881E-003  0.0000000000000000E+000
   0.0000000000000000E+000
        12480  7.0013461884304196E-004  0.0000000000000000E+000
   0.0000000000000000E+000
        12672  8.8906439792865851E-004  0.0000000000000000E+000
   0.0000000000000000E+000
        12864  1.4063542679806549E-003  0.0000000000000000E+000
   0.0000000000000000E+000
        13056  2.4002667394118875E-003  0.0000000000000000E+000
   0.0000000000000000E+000
        13248  1.1838084290957530E-003  0.0000000000000000E+000
   0.0000000000000000E+000
        13440  9.9426388881435697E-004  0.0000000000000000E+000
   0.0000000000000000E+000
        13632  1.1091314002573064E-003  0.0000000000000000E+000
   0.0000000000000000E+000
        13824  8.7530150490425251E-004  0.0000000000000000E+000
   0.0000000000000000E+000
        14016  7.4204156844623597E-004  0.0000000000000000E+000
   0.0000000000000000E+000
        14208  7.2824666893648064E-004  0.0000000000000000E+000
   0.0000000000000000E+000
        14400  9.2582034389819231E-004  0.0000000000000000E+000
   0.0000000000000000E+000
        14592  3.1218616120644456E-003  0.0000000000000000E+000
   0.0000000000000000E+000
        14784  1.9990465220600094E-003  0.0000000000000000E+000
   0.0000000000000000E+000
        14976  3.4729901262789561E-004  0.0000000000000000E+000
   0.0000000000000000E+000
        15168  3.3067848318912916E-004  0.0000000000000000E+000
   0.0000000000000000E+000
        15360  3.2531826725963316E-004  0.0000000000000000E+000
   0.0000000000000000E+000
        15552  2.8808087124554047E-004  0.0000000000000000E+000
   0.0000000000000000E+000
        15744  2.5912685473448521E-004  0.0000000000000000E+000
   0.0000000000000000E+000
        15936  3.6384512209219715E-004  0.0000000000000000E+000
   0.0000000000000000E+000
        16128  1.0052853921538693E-003  0.0000000000000000E+000
   0.0000000000000000E+000
        16320  1.3368222989996283E-003  0.0000000000000000E+000
   0.0000000000000000E+000
        16512  4.8527569568829345E-004  0.0000000000000000E+000
   0.0000000000000000E+000
        16704  2.4459089235226347E-004  0.0000000000000000E+000
   0.0000000000000000E+000
        16896  2.6677948868402210E-004  0.0000000000000000E+000
   0.0000000000000000E+000
        17088  3.4287922648846485E-004  0.0000000000000000E+000
   0.0000000000000000E+000
        17280  4.7416364088810798E-004  0.0000000000000000E+000
   0.0000000000000000E+000
        17472  6.3412366123971543E-004  0.0000000000000000E+000
   0.0000000000000000E+000
        17664  8.1965946800307437E-004  0.0000000000000000E+000
   0.0000000000000000E+000
        17856  1.1686790490133630E-003  0.0000000000000000E+000
   0.0000000000000000E+000
        18048  1.9476171850572556E-003  0.0000000000000000E+000
   0.0000000000000000E+000
        18240  3.0012354611324695E-003  0.0000000000000000E+000
   0.0000000000000000E+000
        18432  3.3121334689577091E-003  0.0000000000000000E+000
   0.0000000000000000E+000
        18624  2.7343896137009341E-003  0.0000000000000000E+000
   0.0000000000000000E+000
        18816  1.4789105289871249E-003  0.0000000000000000E+000
   0.0000000000000000E+000
        19008  1.0389073090059469E-003  0.0000000000000000E+000
   0.0000000000000000E+000
        19200  1.3432543910494770E-003  0.0000000000000000E+000
   0.0000000000000000E+000
        19392  1.5540877541968270E-003  0.0000000000000000E+000
   0.0000000000000000E+000
        19584  1.0088821572461360E-003  0.0000000000000000E+000
   0.0000000000000000E+000
        19776  9.3517799316260699E-004  0.0000000000000000E+000
   0.0000000000000000E+000
        19968  1.3353461535698477E-003  0.0000000000000000E+000
   0.0000000000000000E+000
        20160  1.3860374681745949E-003  0.0000000000000000E+000
   0.0000000000000000E+000
        20352  1.1999739113188160E-003  0.0000000000000000E+000
   0.0000000000000000E+000
        20544  1.0167884448963997E-003  0.0000000000000000E+000
   0.0000000000000000E+000
        20736  1.0333735118865717E-003  0.0000000000000000E+000
   0.0000000000000000E+000
        20928  9.7599824960566584E-004  0.0000000000000000E+000
   0.0000000000000000E+000
        21120  1.5299056876623279E-003  0.0000000000000000E+000
   0.0000000000000000E+000
        21312  2.0890213109576849E-003  0.0000000000000000E+000
   0.0000000000000000E+000
        21504  1.4481363752820221E-003  0.0000000000000000E+000
   0.0000000000000000E+000
        21696  9.4320194727003754E-004  0.0000000000000000E+000
   0.0000000000000000E+000
        21888  8.4774785369034599E-004  0.0000000000000000E+000
   0.0000000000000000E+000
        22080  9.2003800580601938E-004  0.0000000000000000E+000
   0.0000000000000000E+000
        22272  7.5972012676192558E-004  0.0000000000000000E+000
   0.0000000000000000E+000
        22464  1.0499694417079150E-003  0.0000000000000000E+000
   0.0000000000000000E+000
        22656  2.7962378705348972E-003  0.0000000000000000E+000
   0.0000000000000000E+000
        22848  2.1907161921479647E-003  0.0000000000000000E+000
   0.0000000000000000E+000
        23040  5.8027462678720903E-004  0.0000000000000000E+000
   0.0000000000000000E+000
        23232  3.4302556545632608E-004  0.0000000000000000E+000
   0.0000000000000000E+000
        23424  4.3638328777639477E-004  0.0000000000000000E+000
   0.0000000000000000E+000
        23616  5.0816081174361342E-004  0.0000000000000000E+000
   0.0000000000000000E+000
        23808  4.7151969560872215E-004  0.0000000000000000E+000
   0.0000000000000000E+000
        24000  6.6450589254968241E-004  0.0000000000000000E+000
   0.0000000000000000E+000
        24192  1.4204514607014461E-003  0.0000000000000000E+000
   0.0000000000000000E+000
        24384  1.9798095491691506E-003  0.0000000000000000E+000
   0.0000000000000000E+000
        24576  3.9737341924002916E-004  0.0000000000000000E+000
   0.0000000000000000E+000
        24768  2.9806538516686664E-004  0.0000000000000000E+000
   0.0000000000000000E+000
        24960  3.3191791024879045E-004  0.0000000000000000E+000
   0.0000000000000000E+000
        25152  4.3331949882289406E-004  0.0000000000000000E+000
   0.0000000000000000E+000
        25344  5.4881694099014034E-004  0.0000000000000000E+000
   0.0000000000000000E+000
        25536  6.0391130647436287E-004  0.0000000000000000E+000
   0.0000000000000000E+000
        25728  5.8922668304049329E-004  0.0000000000000000E+000
   0.0000000000000000E+000
        25920  5.7874333762659058E-004  0.0000000000000000E+000
   0.0000000000000000E+000
        26112  6.0831976341438440E-004  0.0000000000000000E+000
   0.0000000000000000E+000
        26304  7.8683368490854776E-004  0.0000000000000000E+000
   0.0000000000000000E+000
        26496  1.4372434493136381E-003  0.0000000000000000E+000
   0.0000000000000000E+000
        26688  2.8028570788473897E-003  0.0000000000000000E+000
   0.0000000000000000E+000
        26880  3.3282134085188307E-003  0.0000000000000000E+000
   0.0000000000000000E+000
        27072  1.6025445574874995E-003  0.0000000000000000E+000
   0.0000000000000000E+000
        27264  7.7731198952884367E-004  0.0000000000000000E+000
   0.0000000000000000E+000
        27456  9.2135463843980850E-004  0.0000000000000000E+000
   0.0000000000000000E+000
        27648  1.7787118445068443E-003  0.0000000000000000E+000
   0.0000000000000000E+000
        27840  2.7808531067514590E-003  0.0000000000000000E+000
   0.0000000000000000E+000
        28032  1.9655102466684649E-003  0.0000000000000000E+000
   0.0000000000000000E+000
        28224  9.0171145868579012E-004  0.0000000000000000E+000
   0.0000000000000000E+000
        28416  7.9617727063913970E-004  0.0000000000000000E+000
   0.0000000000000000E+000
        28608  9.9021450946277351E-004  0.0000000000000000E+000
   0.0000000000000000E+000
        28800  1.3592651573934196E-003  0.0000000000000000E+000
   0.0000000000000000E+000
        28992  1.4448223151622731E-003  0.0000000000000000E+000
   0.0000000000000000E+000
        29184  1.2911908490442793E-003  0.0000000000000000E+000
   0.0000000000000000E+000
        29376  1.1065652399601085E-003  0.0000000000000000E+000
   0.0000000000000000E+000
        29568  1.3632692112469059E-003  0.0000000000000000E+000
   0.0000000000000000E+000
        29760  1.4130643111920024E-003  0.0000000000000000E+000
   0.0000000000000000E+000
        29952  1.0178186921891549E-003  0.0000000000000000E+000
   0.0000000000000000E+000
        30144  1.0519876560988574E-003  0.0000000000000000E+000
   0.0000000000000000E+000
        30336  1.5730055878356388E-003  0.0000000000000000E+000
   0.0000000000000000E+000
        30528  1.3472532265483370E-003  0.0000000000000000E+000
   0.0000000000000000E+000
        30720  8.6670805474750731E-004  0.0000000000000000E+000
   0.0000000000000000E+000
        30912  8.9372159207154738E-004  0.0000000000000000E+000
   0.0000000000000000E+000
        31104  1.2508232490443913E-003  0.0000000000000000E+000
   0.0000000000000000E+000
        31296  1.2542874582840667E-003  0.0000000000000000E+000
   0.0000000000000000E+000
        31488  9.4596212175500805E-004  0.0000000000000000E+000
   0.0000000000000000E+000
        31680  8.5798703489739015E-004  0.0000000000000000E+000
   0.0000000000000000E+000
        31872  8.6215518569408042E-004  0.0000000000000000E+000
   0.0000000000000000E+000
        32064  5.6954467334954567E-004  0.0000000000000000E+000
   0.0000000000000000E+000
        32256  6.4336840913015452E-004  0.0000000000000000E+000
   0.0000000000000000E+000
        32448  1.5627073189292424E-003  0.0000000000000000E+000
   0.0000000000000000E+000
        32640  2.0405242386960344E-003  0.0000000000000000E+000
   0.0000000000000000E+000
        32832  3.7308266028757934E-004  0.0000000000000000E+000
   0.0000000000000000E+000
        33024  2.8865507162880322E-004  0.0000000000000000E+000
   0.0000000000000000E+000
        33216  3.0425950547120089E-004  0.0000000000000000E+000
   0.0000000000000000E+000
        33408  3.6558139182829883E-004  0.0000000000000000E+000
   0.0000000000000000E+000
        33600  4.8313626573288866E-004  0.0000000000000000E+000
   0.0000000000000000E+000
        33792  6.9759841449807173E-004  0.0000000000000000E+000
   0.0000000000000000E+000
        33984  8.7834905198470067E-004  0.0000000000000000E+000
   0.0000000000000000E+000
        34176  9.0302805477200643E-004  0.0000000000000000E+000
   0.0000000000000000E+000
        34368  8.3411926867737324E-004  0.0000000000000000E+000
   0.0000000000000000E+000
        34560  8.9211556082675187E-004  0.0000000000000000E+000
   0.0000000000000000E+000
        34752  1.0048228559523895E-003  0.0000000000000000E+000
   0.0000000000000000E+000
        34944  1.0569626383217495E-003  0.0000000000000000E+000
   0.0000000000000000E+000
        35136  1.1166360325378932E-003  0.0000000000000000E+000
   0.0000000000000000E+000
        35328  1.3151897166340314E-003  0.0000000000000000E+000
   0.0000000000000000E+000
        35520  1.4246248237934323E-003  0.0000000000000000E+000
   0.0000000000000000E+000
        35712  1.2913778189487671E-003  0.0000000000000000E+000
   0.0000000000000000E+000
        35904  1.6164586149495584E-003  0.0000000000000000E+000
   0.0000000000000000E+000
        36096  2.5529202414868806E-003  0.0000000000000000E+000
   0.0000000000000000E+000
        36288  2.6222989684414407E-003  0.0000000000000000E+000
   0.0000000000000000E+000
        36480  2.2253234406300090E-003  0.0000000000000000E+000
   0.0000000000000000E+000
        36672  1.4927895073067962E-003  0.0000000000000000E+000
   0.0000000000000000E+000
        36864  6.9474813730231082E-004  0.0000000000000000E+000
   0.0000000000000000E+000
        37056  5.7482982657008788E-004  0.0000000000000000E+000
   0.0000000000000000E+000
        37248  6.6878003611403950E-004  0.0000000000000000E+000
   0.0000000000000000E+000
        37440  1.0600331043377612E-003  0.0000000000000000E+000
   0.0000000000000000E+000
        37632  2.2319903015214442E-003  0.0000000000000000E+000
   0.0000000000000000E+000
        37824  1.8492142195585509E-003  0.0000000000000000E+000
   0.0000000000000000E+000
        38016  1.4304254074457188E-003  0.0000000000000000E+000
   0.0000000000000000E+000
        38208  1.2434671277767543E-003  0.0000000000000000E+000
   0.0000000000000000E+000
        38400  1.0656716316453352E-003  0.0000000000000000E+000
   0.0000000000000000E+000
        38592  9.4822683174105628E-004  0.0000000000000000E+000
   0.0000000000000000E+000
        38784  7.6976979395957648E-004  0.0000000000000000E+000
   0.0000000000000000E+000
        38976  8.3378395811259355E-004  0.0000000000000000E+000
   0.0000000000000000E+000
        39168  1.4253213314504411E-003  0.0000000000000000E+000
   0.0000000000000000E+000
        39360  2.4004585536385845E-003  0.0000000000000000E+000
   0.0000000000000000E+000
        39552  1.9944828822566411E-003  0.0000000000000000E+000
   0.0000000000000000E+000
        39744  9.5719435185700509E-004  0.0000000000000000E+000
   0.0000000000000000E+000
        39936  5.6965462798708134E-004  0.0000000000000000E+000
   0.0000000000000000E+000
        40128  4.1160415473762233E-004  0.0000000000000000E+000
   0.0000000000000000E+000
        40320  6.0389649071421517E-004  0.0000000000000000E+000
   0.0000000000000000E+000
        40512  7.8217912899919298E-004  0.0000000000000000E+000
   0.0000000000000000E+000
        40704  1.0788602592301567E-003  0.0000000000000000E+000
   0.0000000000000000E+000
        40896  1.7900813098493415E-003  0.0000000000000000E+000
   0.0000000000000000E+000
        41088  2.4003242971711849E-003  0.0000000000000000E+000
   0.0000000000000000E+000
        41280  9.5665170419336094E-004  0.0000000000000000E+000
   0.0000000000000000E+000
        41472  8.1879828325790791E-005  0.0000000000000000E+000
   0.0000000000000000E+000
        41664  6.6405557670339864E-005  0.0000000000000000E+000
   0.0000000000000000E+000
        41856  7.2537898771560879E-005  0.0000000000000000E+000
   0.0000000000000000E+000
        42048  1.0170585615032405E-004  0.0000000000000000E+000
   0.0000000000000000E+000
        42240  1.7960077467194310E-004  0.0000000000000000E+000
   0.0000000000000000E+000
        42432  3.6871078905083700E-004  0.0000000000000000E+000
   0.0000000000000000E+000
        42624  6.7025529445945316E-004  0.0000000000000000E+000
   0.0000000000000000E+000
        42816  9.1753003520023103E-004  0.0000000000000000E+000
   0.0000000000000000E+000
        43008  1.0381381813837449E-003  0.0000000000000000E+000
   0.0000000000000000E+000
        43200  1.2378889902413864E-003  0.0000000000000000E+000
   0.0000000000000000E+000
        43392  1.6068018988632550E-003  0.0000000000000000E+000
   0.0000000000000000E+000
        43584  1.7207810836992680E-003  0.0000000000000000E+000
   0.0000000000000000E+000
        43776  1.4001689553430857E-003  0.0000000000000000E+000
   0.0000000000000000E+000
        43968  1.0171138310078379E-003  0.0000000000000000E+000
   0.0000000000000000E+000
        44160  7.9947704116580367E-004  0.0000000000000000E+000
   0.0000000000000000E+000
        44352  7.7824110400081061E-004  0.0000000000000000E+000
   0.0000000000000000E+000
        44544  1.3611517366642588E-003  0.0000000000000000E+000
   0.0000000000000000E+000
        44736  2.9402662285920953E-003  0.0000000000000000E+000
   0.0000000000000000E+000
        44928  2.6238491078068951E-003  0.0000000000000000E+000
   0.0000000000000000E+000
        45120  1.3934911627089838E-003  0.0000000000000000E+000
   0.0000000000000000E+000
        45312  1.9253357791575889E-003  0.0000000000000000E+000
   0.0000000000000000E+000
        45504  1.3148914172160507E-003  0.0000000000000000E+000
   0.0000000000000000E+000
        45696  8.4933405088242152E-004  0.0000000000000000E+000
   0.0000000000000000E+000
        45888  7.9098832046820098E-004  0.0000000000000000E+000
   0.0000000000000000E+000
        46080  7.4558924355249637E-004  0.0000000000000000E+000
   0.0000000000000000E+000
        46272  8.5000261566469542E-004  0.0000000000000000E+000
   0.0000000000000000E+000
        46464  2.0161101481907468E-003  0.0000000000000000E+000
   0.0000000000000000E+000
        46656  2.8979788404563224E-003  0.0000000000000000E+000
   0.0000000000000000E+000
        46848  1.6342379000174156E-003  0.0000000000000000E+000
   0.0000000000000000E+000
        47040  1.2443354081050010E-003  0.0000000000000000E+000
   0.0000000000000000E+000
        47232  1.1489642078053172E-003  0.0000000000000000E+000
   0.0000000000000000E+000
        47424  8.9175378023882918E-004  0.0000000000000000E+000
   0.0000000000000000E+000
        47616  7.1812388781634928E-004  0.0000000000000000E+000
   0.0000000000000000E+000
        47808  6.3253124694716474E-004  0.0000000000000000E+000
   0.0000000000000000E+000
        48000  9.6597061296231732E-004  0.0000000000000000E+000
   0.0000000000000000E+000
        48192  1.7576536663561366E-003  0.0000000000000000E+000
   0.0000000000000000E+000
        48384  2.2605071128698469E-003  0.0000000000000000E+000
   0.0000000000000000E+000
        48576  2.1222053537516506E-003  0.0000000000000000E+000
   0.0000000000000000E+000
        48768  1.0589932003438433E-003  0.0000000000000000E+000
   0.0000000000000000E+000
        48960  2.2973874486856115E-004  0.0000000000000000E+000
   0.0000000000000000E+000
        49152  2.9625982802244959E-004  0.0000000000000000E+000
   0.0000000000000000E+000
        49344  5.3696353853833188E-004  0.0000000000000000E+000
   0.0000000000000000E+000
        49536  8.0157276345208407E-004  0.0000000000000000E+000
   0.0000000000000000E+000
        49728  1.0828264037549000E-003  0.0000000000000000E+000
   0.0000000000000000E+000
        49920  1.4593187988055246E-003  0.0000000000000000E+000
   0.0000000000000000E+000
        50112  1.9493430991821587E-003  0.0000000000000000E+000
   0.0000000000000000E+000
        50304  7.1206206545221761E-004  0.0000000000000000E+000
   0.0000000000000000E+000
        50496  1.4863253943394917E-004  0.0000000000000000E+000
   0.0000000000000000E+000
        50688  1.3513232126058640E-004  0.0000000000000000E+000
   0.0000000000000000E+000
        50880  1.6740734469307511E-004  0.0000000000000000E+000
   0.0000000000000000E+000
        51072  2.5933270851966474E-004  0.0000000000000000E+000
   0.0000000000000000E+000
        51264  4.0661335602808885E-004  0.0000000000000000E+000
   0.0000000000000000E+000
        51456  5.4407501343944052E-004  0.0000000000000000E+000
   0.0000000000000000E+000
        51648  6.1850548286451518E-004  0.0000000000000000E+000
   0.0000000000000000E+000
        51840  6.6803499678760479E-004  0.0000000000000000E+000
   0.0000000000000000E+000
        52032  7.0240617361854948E-004  0.0000000000000000E+000
   0.0000000000000000E+000
        52224  8.2344805000849491E-004  0.0000000000000000E+000
   0.0000000000000000E+000
        52416  1.3882070898914747E-003  0.0000000000000000E+000
   0.0000000000000000E+000
        52608  2.7930060875874358E-003  0.0000000000000000E+000
   0.0000000000000000E+000
        52800  3.7323663578758032E-003  0.0000000000000000E+000
   0.0000000000000000E+000
        52992  1.9183745398275534E-003  0.0000000000000000E+000
   0.0000000000000000E+000
        53184  5.6754411405021633E-004  0.0000000000000000E+000
   0.0000000000000000E+000
        53376  5.6348662878048447E-004  0.0000000000000000E+000
   0.0000000000000000E+000
        53568  1.2832595483792642E-003  0.0000000000000000E+000
   0.0000000000000000E+000
        53760  2.8355052276576552E-003  0.0000000000000000E+000
   0.0000000000000000E+000
        53952  2.3966061717497727E-003  0.0000000000000000E+000
   0.0000000000000000E+000
        54144  1.2062881245857352E-003  0.0000000000000000E+000
   0.0000000000000000E+000
        54336  1.0424067918334888E-003  0.0000000000000000E+000
   0.0000000000000000E+000
        54528  1.1440691163863170E-003  0.0000000000000000E+000
   0.0000000000000000E+000
        54720  1.2345578263418984E-003  0.0000000000000000E+000
   0.0000000000000000E+000
        54912  1.1730256827943953E-003  0.0000000000000000E+000
   0.0000000000000000E+000
        55104  1.2379955548824091E-003  0.0000000000000000E+000
   0.0000000000000000E+000
        55296  1.3928083612052640E-003  0.0000000000000000E+000
   0.0000000000000000E+000
        55488  1.4693546690756763E-003  0.0000000000000000E+000
   0.0000000000000000E+000
        55680  1.4635427175663910E-003  0.0000000000000000E+000
   0.0000000000000000E+000
        55872  8.9190157773108981E-004  0.0000000000000000E+000
   0.0000000000000000E+000
        56064  8.6811213830364738E-004  0.0000000000000000E+000
   0.0000000000000000E+000
        56256  1.2273712343867887E-003  0.0000000000000000E+000
   0.0000000000000000E+000
        56448  1.2788540596211345E-003  0.0000000000000000E+000
   0.0000000000000000E+000
        56640  1.1188656295939385E-003  0.0000000000000000E+000
   0.0000000000000000E+000
        56832  1.3666997153726375E-003  0.0000000000000000E+000
   0.0000000000000000E+000
        57024  1.5127047895358990E-003  0.0000000000000000E+000
   0.0000000000000000E+000
        57216  6.9503690603881711E-004  0.0000000000000000E+000
   0.0000000000000000E+000
        57408  4.4430471348307733E-004  0.0000000000000000E+000
   0.0000000000000000E+000
        57600  6.3917383288161712E-004  0.0000000000000000E+000
   0.0000000000000000E+000
        57792  1.0208012075217704E-003  0.0000000000000000E+000
   0.0000000000000000E+000
        57984  1.1861440564193758E-003  0.0000000000000000E+000
   0.0000000000000000E+000
        58176  1.5373604411931978E-003  0.0000000000000000E+000
   0.0000000000000000E+000
        58368  2.4102401193154010E-003  0.0000000000000000E+000
   0.0000000000000000E+000
        58560  4.1983870627502714E-004  0.0000000000000000E+000
   0.0000000000000000E+000
        58752  1.7211924615328800E-004  0.0000000000000000E+000
   0.0000000000000000E+000
        58944  1.7259054841603849E-004  0.0000000000000000E+000
   0.0000000000000000E+000
        59136  2.1813537114016363E-004  0.0000000000000000E+000
   0.0000000000000000E+000
        59328  3.3391397152579951E-004  0.0000000000000000E+000
   0.0000000000000000E+000
        59520  5.4307343440136995E-004  0.0000000000000000E+000
   0.0000000000000000E+000
        59712  8.3623632526107162E-004  0.0000000000000000E+000
   0.0000000000000000E+000
        59904  1.0354980898751166E-003  0.0000000000000000E+000
   0.0000000000000000E+000
        60096  1.0390917229777393E-003  0.0000000000000000E+000
   0.0000000000000000E+000
        60288  9.7707582636461779E-004  0.0000000000000000E+000
   0.0000000000000000E+000
        60480  1.0805572644554153E-003  0.0000000000000000E+000
   0.0000000000000000E+000
        60672  1.0886908839715713E-003  0.0000000000000000E+000
   0.0000000000000000E+000
        60864  9.0092107844228289E-004  0.0000000000000000E+000
   0.0000000000000000E+000
        61056  7.7112771235167508E-004  0.0000000000000000E+000
   0.0000000000000000E+000
        61248  8.8896758320065590E-004  0.0000000000000000E+000
   0.0000000000000000E+000
        61440  1.1918101933913595E-003  0.0000000000000000E+000
   0.0000000000000000E+000
        61632  1.4157976427956499E-003  0.0000000000000000E+000
   0.0000000000000000E+000
        61824  1.9857171975907178E-003  0.0000000000000000E+000
   0.0000000000000000E+000
        62016  2.5403118657033562E-003  0.0000000000000000E+000
   0.0000000000000000E+000
        62208  1.9671339898483819E-003  0.0000000000000000E+000
   0.0000000000000000E+000
        62400  2.0981049344884605E-003  0.0000000000000000E+000
   0.0000000000000000E+000
        62592  2.0465093374523956E-003  0.0000000000000000E+000
   0.0000000000000000E+000
        62784  1.0224453576699562E-003  0.0000000000000000E+000
   0.0000000000000000E+000
        62976  8.1343831993151790E-004  0.0000000000000000E+000
   0.0000000000000000E+000
        63168  8.0171983433795278E-004  0.0000000000000000E+000
   0.0000000000000000E+000
        63360  9.1433888878038935E-004  0.0000000000000000E+000
   0.0000000000000000E+000
        63552  1.8239313332125754E-003  0.0000000000000000E+000
   0.0000000000000000E+000
        63744  2.2026728900615407E-003  0.0000000000000000E+000
   0.0000000000000000E+000
        63936  1.4146036326816731E-003  0.0000000000000000E+000
   0.0000000000000000E+000
        64128  1.2375979678434991E-003  0.0000000000000000E+000
   0.0000000000000000E+000
        64320  1.1320082219131403E-003  0.0000000000000000E+000
   0.0000000000000000E+000
        64512  1.1172574004102696E-003  0.0000000000000000E+000
   0.0000000000000000E+000
        64704  9.3715198495865739E-004  0.0000000000000000E+000
   0.0000000000000000E+000
        64896  7.7284696377950238E-004  0.0000000000000000E+000
   0.0000000000000000E+000
        65088  9.4101205009136364E-004  0.0000000000000000E+000
   0.0000000000000000E+000
        65280  2.0442935152278365E-003  0.0000000000000000E+000
   0.0000000000000000E+000
        65472  2.4105740276820619E-003  0.0000000000000000E+000
   0.0000000000000000E+000
        65664  1.0926485749541237E-003  0.0000000000000000E+000
   0.0000000000000000E+000
        65856  6.8978100611561972E-004  0.0000000000000000E+000
   0.0000000000000000E+000
        66048  5.9658832310459159E-004  0.0000000000000000E+000
   0.0000000000000000E+000
        66240  5.4960492435110790E-004  0.0000000000000000E+000
   0.0000000000000000E+000
        66432  5.0604990221096886E-004  0.0000000000000000E+000
   0.0000000000000000E+000
        66624  7.1710238602091777E-004  0.0000000000000000E+000
   0.0000000000000000E+000
        66816  1.9770365057978695E-003  0.0000000000000000E+000
   0.0000000000000000E+000
        67008  2.5652617171037628E-003  0.0000000000000000E+000
   0.0000000000000000E+000
        67200  5.0276757553008485E-004  0.0000000000000000E+000
   0.0000000000000000E+000
        67392  1.2666392870235024E-004  0.0000000000000000E+000
   0.0000000000000000E+000
        67584  1.2389665076346405E-004  0.0000000000000000E+000
   0.0000000000000000E+000
        67776  1.5803657425118530E-004  0.0000000000000000E+000
   0.0000000000000000E+000
        67968  2.3903375312891536E-004  0.0000000000000000E+000
   0.0000000000000000E+000
        68160  4.0208732416754977E-004  0.0000000000000000E+000
   0.0000000000000000E+000
        68352  7.3237289228714241E-004  0.0000000000000000E+000
   0.0000000000000000E+000
        68544  1.1108074320169067E-003  0.0000000000000000E+000
   0.0000000000000000E+000
        68736  1.2180074954830165E-003  0.0000000000000000E+000
   0.0000000000000000E+000
        68928  1.0585671118984044E-003  0.0000000000000000E+000
   0.0000000000000000E+000
        69120  9.4381592849543232E-004  0.0000000000000000E+000
   0.0000000000000000E+000
        69312  8.1382895024135777E-004  0.0000000000000000E+000
   0.0000000000000000E+000
        69504  7.0897324250132176E-004  0.0000000000000000E+000
   0.0000000000000000E+000
        69696  7.6103035138981600E-004  0.0000000000000000E+000
   0.0000000000000000E+000
        69888  1.1043222219006197E-003  0.0000000000000000E+000
   0.0000000000000000E+000
        70080  1.6383826561553543E-003  0.0000000000000000E+000
   0.0000000000000000E+000
        70272  1.7223611053822049E-003  0.0000000000000000E+000
   0.0000000000000000E+000
        70464  1.8030316302179773E-003  0.0000000000000000E+000
   0.0000000000000000E+000
        70656  2.1067076092510942E-003  0.0000000000000000E+000
   0.0000000000000000E+000
        70848  2.3587839870977748E-003  0.0000000000000000E+000
   0.0000000000000000E+000
        71040  2.5409949953442141E-003  0.0000000000000000E+000
   0.0000000000000000E+000
        71232  1.5823256323981797E-003  0.0000000000000000E+000
   0.0000000000000000E+000
        71424  7.5091041905715153E-004  0.0000000000000000E+000
   0.0000000000000000E+000
        71616  6.8265579558951148E-004  0.0000000000000000E+000
   0.0000000000000000E+000
        71808  9.3825268274658755E-004  0.0000000000000000E+000
   0.0000000000000000E+000
        72000  1.6474516147621349E-003  0.0000000000000000E+000
   0.0000000000000000E+000
        72192  1.6142414770679838E-003  0.0000000000000000E+000
   0.0000000000000000E+000
        72384  1.1322545611128121E-003  0.0000000000000000E+000
   0.0000000000000000E+000
        72576  1.2308842324429614E-003  0.0000000000000000E+000
   0.0000000000000000E+000
        72768  1.0678877397335505E-003  0.0000000000000000E+000
   0.0000000000000000E+000
        72960  1.2708195054943782E-003  0.0000000000000000E+000
   0.0000000000000000E+000
        73152  1.3271859093419186E-003  0.0000000000000000E+000
   0.0000000000000000E+000
        73344  1.2167067477540383E-003  0.0000000000000000E+000
   0.0000000000000000E+000
        73536  1.5875671500122489E-003  0.0000000000000000E+000
   0.0000000000000000E+000
        73728  1.3369831848668622E-003  0.0000000000000000E+000
   0.0000000000000000E+000
        73920  1.0302005639935190E-003  0.0000000000000000E+000
   0.0000000000000000E+000
        74112  8.2283056811404396E-004  0.0000000000000000E+000
   0.0000000000000000E+000
        74304  9.8832610922367967E-004  0.0000000000000000E+000
   0.0000000000000000E+000
        74496  1.1964833452569425E-003  0.0000000000000000E+000
   0.0000000000000000E+000
        74688  1.3902505100482675E-003  0.0000000000000000E+000
   0.0000000000000000E+000
        74880  9.6173639096622037E-004  0.0000000000000000E+000
   0.0000000000000000E+000
        75072  7.7297033221959764E-004  0.0000000000000000E+000
   0.0000000000000000E+000
        75264  5.2243263839728325E-004  0.0000000000000000E+000
   0.0000000000000000E+000
        75456  5.2437112661508011E-004  0.0000000000000000E+000
   0.0000000000000000E+000
        75648  9.8121519180104652E-004  0.0000000000000000E+000
   0.0000000000000000E+000
        75840  1.9443709584132320E-003  0.0000000000000000E+000
   0.0000000000000000E+000
        76032  8.6594868957901266E-004  0.0000000000000000E+000
   0.0000000000000000E+000
        76224  3.5833569226369487E-004  0.0000000000000000E+000
   0.0000000000000000E+000
        76416  3.3296178514827230E-004  0.0000000000000000E+000
   0.0000000000000000E+000
        76608  3.5848335810519799E-004  0.0000000000000000E+000
   0.0000000000000000E+000
        76800  4.4027750054443884E-004  0.0000000000000000E+000
   0.0000000000000000E+000
        76992  6.1629685284843088E-004  0.0000000000000000E+000
   0.0000000000000000E+000
        77184  7.9006304162252674E-004  0.0000000000000000E+000
   0.0000000000000000E+000
        77376  8.5562084305037059E-004  0.0000000000000000E+000
   0.0000000000000000E+000
        77568  8.3293547378576261E-004  0.0000000000000000E+000
   0.0000000000000000E+000
        77760  9.2767633718294400E-004  0.0000000000000000E+000
   0.0000000000000000E+000
        77952  1.0569585973549522E-003  0.0000000000000000E+000
   0.0000000000000000E+000
        78144  1.0913312685123275E-003  0.0000000000000000E+000
   0.0000000000000000E+000
        78336  1.1211735069564157E-003  0.0000000000000000E+000
   0.0000000000000000E+000
        78528  1.2638215115683615E-003  0.0000000000000000E+000
   0.0000000000000000E+000
        78720  1.3805127370100404E-003  0.0000000000000000E+000
   0.0000000000000000E+000
        78912  1.2974299360037063E-003  0.0000000000000000E+000
   0.0000000000000000E+000
        79104  1.4976632894826349E-003  0.0000000000000000E+000
   0.0000000000000000E+000
        79296  2.3098862136473643E-003  0.0000000000000000E+000
   0.0000000000000000E+000
        79488  2.8942867515522074E-003  0.0000000000000000E+000
   0.0000000000000000E+000
        79680  2.5300924805886902E-003  0.0000000000000000E+000
   0.0000000000000000E+000
        79872  1.4783442792796232E-003  0.0000000000000000E+000
   0.0000000000000000E+000
        80064  6.9679108794386279E-004  0.0000000000000000E+000
   0.0000000000000000E+000
        80256  5.9261110439322426E-004  0.0000000000000000E+000
   0.0000000000000000E+000
        80448  7.6059198709032476E-004  0.0000000000000000E+000
   0.0000000000000000E+000
        80640  1.4055440947051384E-003  0.0000000000000000E+000
   0.0000000000000000E+000
        80832  1.9195420243838723E-003  0.0000000000000000E+000
   0.0000000000000000E+000
        81024  1.2653262147967438E-003  0.0000000000000000E+000
   0.0000000000000000E+000
        81216  1.3513648248482325E-003  0.0000000000000000E+000
   0.0000000000000000E+000
        81408  1.2057966456822163E-003  0.0000000000000000E+000
   0.0000000000000000E+000
        81600  1.1791580031483373E-003  0.0000000000000000E+000
   0.0000000000000000E+000
        81792  9.7955978445613445E-004  0.0000000000000000E+000
   0.0000000000000000E+000
        81984  8.7132718081894584E-004  0.0000000000000000E+000
   0.0000000000000000E+000
        82176  1.3493784897987129E-003  0.0000000000000000E+000
   0.0000000000000000E+000
        82368  2.2113606064096585E-003  0.0000000000000000E+000
   0.0000000000000000E+000
        82560  1.1995249369226922E-003  0.0000000000000000E+000
   0.0000000000000000E+000
        82752  9.5042155805971195E-004  0.0000000000000000E+000
   0.0000000000000000E+000
        82944  7.5202786736045554E-004  0.0000000000000000E+000
   0.0000000000000000E+000
        83136  7.8258976598027962E-004  0.0000000000000000E+000
   0.0000000000000000E+000
        83328  6.5576831189957956E-004  0.0000000000000000E+000
   0.0000000000000000E+000
        83520  7.6288501400481200E-004  0.0000000000000000E+000
   0.0000000000000000E+000
        83712  1.8345632494667797E-003  0.0000000000000000E+000
   0.0000000000000000E+000
        83904  1.7356236520926121E-003  0.0000000000000000E+000
   0.0000000000000000E+000
        84096  7.4900449707157601E-004  0.0000000000000000E+000
   0.0000000000000000E+000
        84288  7.4180204446403885E-004  0.0000000000000000E+000
   0.0000000000000000E+000
        84480  4.0432483139069431E-004  0.0000000000000000E+000
   0.0000000000000000E+000
        84672  3.1554959893938305E-004  0.0000000000000000E+000
   0.0000000000000000E+000
        84864  3.5556251558085575E-004  0.0000000000000000E+000
   0.0000000000000000E+000
        85056  4.9585211633668667E-004  0.0000000000000000E+000
   0.0000000000000000E+000
        85248  7.7688562959716005E-004  0.0000000000000000E+000
   0.0000000000000000E+000
        85440  1.1082694622047016E-003  0.0000000000000000E+000
   0.0000000000000000E+000
        85632  1.2247031330962397E-003  0.0000000000000000E+000
   0.0000000000000000E+000
        85824  8.8770497047558380E-004  0.0000000000000000E+000
   0.0000000000000000E+000
        86016  4.7832514641597476E-004  0.0000000000000000E+000
   0.0000000000000000E+000
        86208  2.9906908705721751E-004  0.0000000000000000E+000
   0.0000000000000000E+000
        86400  2.6836546693553723E-004  0.0000000000000000E+000
   0.0000000000000000E+000
        86592  3.1528877769196442E-004  0.0000000000000000E+000
   0.0000000000000000E+000
        86784  4.6471212491699980E-004  0.0000000000000000E+000
   0.0000000000000000E+000
        86976  9.4171697368538481E-004  0.0000000000000000E+000
   0.0000000000000000E+000
        87168  2.0281893707656457E-003  0.0000000000000000E+000
   0.0000000000000000E+000
        87360  2.8535281443995966E-003  0.0000000000000000E+000
   0.0000000000000000E+000
        87552  1.8518049548316303E-003  0.0000000000000000E+000
   0.0000000000000000E+000
        87744  1.1466913741754133E-003  0.0000000000000000E+000
   0.0000000000000000E+000
        87936  1.6639834010609607E-003  0.0000000000000000E+000
   0.0000000000000000E+000
        88128  2.8025657753097599E-003  0.0000000000000000E+000
   0.0000000000000000E+000
        88320  3.1216749303967935E-003  0.0000000000000000E+000
   0.0000000000000000E+000
        88512  1.3994554584803687E-003  0.0000000000000000E+000
   0.0000000000000000E+000
        88704  6.5461173674099236E-004  0.0000000000000000E+000
   0.0000000000000000E+000
        88896  8.1683206817097362E-004  0.0000000000000000E+000
   0.0000000000000000E+000
        89088  1.2704379654118556E-003  0.0000000000000000E+000
   0.0000000000000000E+000
        89280  1.2845380046030994E-003  0.0000000000000000E+000
   0.0000000000000000E+000
        89472  1.0070312361571809E-003  0.0000000000000000E+000
   0.0000000000000000E+000
        89664  9.2538254595319290E-004  0.0000000000000000E+000
   0.0000000000000000E+000
        89856  9.7362876879391886E-004  0.0000000000000000E+000
   0.0000000000000000E+000
        90048  1.3530665424819131E-003  0.0000000000000000E+000
   0.0000000000000000E+000
        90240  1.8061431129846846E-003  0.0000000000000000E+000
   0.0000000000000000E+000
        90432  1.8445221962396217E-003  0.0000000000000000E+000
   0.0000000000000000E+000
        90624  1.2180708415871720E-003  0.0000000000000000E+000
   0.0000000000000000E+000
        90816  9.5944142437297427E-004  0.0000000000000000E+000
   0.0000000000000000E+000
        91008  1.0469081855359191E-003  0.0000000000000000E+000
   0.0000000000000000E+000
        91200  8.1203226976065508E-004  0.0000000000000000E+000
   0.0000000000000000E+000
        91392  9.3428660112901104E-004  0.0000000000000000E+000
   0.0000000000000000E+000
        91584  1.5571178008344550E-003  0.0000000000000000E+000
   0.0000000000000000E+000
        91776  2.7660682139472675E-003  0.0000000000000000E+000
   0.0000000000000000E+000
        91968  1.2136073756625317E-003  0.0000000000000000E+000
   0.0000000000000000E+000
        92160  4.2493486293653253E-004  0.0000000000000000E+000
   0.0000000000000000E+000
        92352  3.9960131192561974E-004  0.0000000000000000E+000
   0.0000000000000000E+000
        92544  5.6032437425948968E-004  0.0000000000000000E+000
   0.0000000000000000E+000
        92736  5.8879396594706084E-004  0.0000000000000000E+000
   0.0000000000000000E+000
        92928  6.7167453193427054E-004  0.0000000000000000E+000
   0.0000000000000000E+000
        93120  1.1502897425346528E-003  0.0000000000000000E+000
   0.0000000000000000E+000
        93312  1.9589352324377572E-003  0.0000000000000000E+000
   0.0000000000000000E+000
        93504  7.6694156874335443E-004  0.0000000000000000E+000
   0.0000000000000000E+000
        93696  2.7988591454136268E-004  0.0000000000000000E+000
   0.0000000000000000E+000
        93888  2.9761162056693728E-004  0.0000000000000000E+000
   0.0000000000000000E+000
        94080  3.7272455032034258E-004  0.0000000000000000E+000
   0.0000000000000000E+000
        94272  5.1192024364347011E-004  0.0000000000000000E+000
   0.0000000000000000E+000
        94464  6.3856454948071331E-004  0.0000000000000000E+000
   0.0000000000000000E+000
        94656  6.6745332017954871E-004  0.0000000000000000E+000
   0.0000000000000000E+000
        94848  6.1503740447011856E-004  0.0000000000000000E+000
   0.0000000000000000E+000
        95040  5.9544213214507717E-004  0.0000000000000000E+000
   0.0000000000000000E+000
        95232  7.1783214328830977E-004  0.0000000000000000E+000
   0.0000000000000000E+000
        95424  1.1346326159379296E-003  0.0000000000000000E+000
   0.0000000000000000E+000
        95616  1.9964237362615355E-003  0.0000000000000000E+000
   0.0000000000000000E+000
        95808  2.8049458264496167E-003  0.0000000000000000E+000
   0.0000000000000000E+000
        96000  2.0242124057228330E-003  0.0000000000000000E+000
   0.0000000000000000E+000
        96192  6.5545419469087375E-004  0.0000000000000000E+000
   0.0000000000000000E+000
        96384  4.7115675486666812E-004  0.0000000000000000E+000
   0.0000000000000000E+000
        96576  1.0736812565536513E-003  0.0000000000000000E+000
   0.0000000000000000E+000
        96768  2.8687971736380655E-003  0.0000000000000000E+000
   0.0000000000000000E+000
        96960  3.4580027495139821E-003  0.0000000000000000E+000
   0.0000000000000000E+000
        97152  1.6456460091876196E-003  0.0000000000000000E+000
   0.0000000000000000E+000
        97344  9.5245482801507462E-004  0.0000000000000000E+000
   0.0000000000000000E+000
        97536  8.5021839475213086E-004  0.0000000000000000E+000
   0.0000000000000000E+000
        97728  8.7394180765689431E-004  0.0000000000000000E+000
   0.0000000000000000E+000
        97920  1.0234848691337681E-003  0.0000000000000000E+000
   0.0000000000000000E+000
        98112  1.4956634927270379E-003  0.0000000000000000E+000
   0.0000000000000000E+000
        98304  1.7837966698100395E-003  0.0000000000000000E+000
   0.0000000000000000E+000
        98496  1.6613445712001156E-003  0.0000000000000000E+000
   0.0000000000000000E+000
        98688  1.3470833109475678E-003  0.0000000000000000E+000
   0.0000000000000000E+000
        98880  1.0795381853945817E-003  0.0000000000000000E+000
   0.0000000000000000E+000
        99072  7.4642658201530380E-004  0.0000000000000000E+000
   0.0000000000000000E+000
        99264  7.5716476717710434E-004  0.0000000000000000E+000
   0.0000000000000000E+000
        99456  1.1104959610793272E-003  0.0000000000000000E+000
   0.0000000000000000E+000
        99648  1.9409274839402673E-003  0.0000000000000000E+000
   0.0000000000000000E+000
        99840  1.8317902018522873E-003  0.0000000000000000E+000
   0.0000000000000000E+000
       100032  1.5019941888912655E-003  0.0000000000000000E+000
   0.0000000000000000E+000
       100224  7.4897182146157354E-004  0.0000000000000000E+000
   0.0000000000000000E+000
       100416  2.5798403180317799E-004  0.0000000000000000E+000
   0.0000000000000000E+000
       100608  2.7162504450217750E-004  0.0000000000000000E+000
   0.0000000000000000E+000
       100800  4.6357467901315139E-004  0.0000000000000000E+000
   0.0000000000000000E+000
       100992  8.5015325559056822E-004  0.0000000000000000E+000
   0.0000000000000000E+000
       101184  1.5634828796644551E-003  0.0000000000000000E+000
   0.0000000000000000E+000
       101376  2.9746444750676014E-003  0.0000000000000000E+000
   0.0000000000000000E+000
       101568  2.4773695604666602E-003  0.0000000000000000E+000
   0.0000000000000000E+000
       101760  1.2568130210208349E-004  0.0000000000000000E+000
   0.0000000000000000E+000
       101952  8.1083173140378048E-005  0.0000000000000000E+000
   0.0000000000000000E+000
       102144  7.3381240167089742E-005  0.0000000000000000E+000
   0.0000000000000000E+000
       102336  8.6237582745208081E-005  0.0000000000000000E+000
   0.0000000000000000E+000
       102528  1.3684923684416058E-004  0.0000000000000000E+000
   0.0000000000000000E+000
       102720  2.6805729532632203E-004  0.0000000000000000E+000
   0.0000000000000000E+000
       102912  5.3236760059635667E-004  0.0000000000000000E+000
   0.0000000000000000E+000
       103104  8.3332784138919977E-004  0.0000000000000000E+000
   0.0000000000000000E+000
       103296  9.3274340104362885E-004  0.0000000000000000E+000
   0.0000000000000000E+000
       103488  8.4991138776440106E-004  0.0000000000000000E+000
   0.0000000000000000E+000
       103680  8.0730786443065819E-004  0.0000000000000000E+000
   0.0000000000000000E+000
       103872  1.0758837750770311E-003  0.0000000000000000E+000
   0.0000000000000000E+000
       104064  1.6782144685206864E-003  0.0000000000000000E+000
   0.0000000000000000E+000
       104256  2.2588734327955752E-003  0.0000000000000000E+000
   0.0000000000000000E+000
       104448  2.0842345666989268E-003  0.0000000000000000E+000
   0.0000000000000000E+000
       104640  1.0291538662345215E-003  0.0000000000000000E+000
   0.0000000000000000E+000
       104832  4.4917852309450256E-004  0.0000000000000000E+000
   0.0000000000000000E+000
       105024  5.2451629041809890E-004  0.0000000000000000E+000
   0.0000000000000000E+000
       105216  1.5634407696466174E-003  0.0000000000000000E+000
   0.0000000000000000E+000
       105408  3.5532914149936146E-003  0.0000000000000000E+000
   0.0000000000000000E+000
       105600  2.0545349895098731E-003  0.0000000000000000E+000
   0.0000000000000000E+000
       105792  1.3706610858028447E-003  0.0000000000000000E+000
   0.0000000000000000E+000
       105984  1.7614456662049167E-003  0.0000000000000000E+000
   0.0000000000000000E+000
       106176  1.2419853267929323E-003  0.0000000000000000E+000
   0.0000000000000000E+000
       106368  9.7099135172184906E-004  0.0000000000000000E+000
   0.0000000000000000E+000
       106560  8.4681458340936128E-004  0.0000000000000000E+000
   0.0000000000000000E+000
       106752  7.6197909891373482E-004  0.0000000000000000E+000
   0.0000000000000000E+000
       106944  1.0595771159072722E-003  0.0000000000000000E+000
   0.0000000000000000E+000
       107136  2.3885739172169393E-003  0.0000000000000000E+000
   0.0000000000000000E+000
       107328  2.5155789073864078E-003  0.0000000000000000E+000
   0.0000000000000000E+000
       107520  1.6206406449669742E-003  0.0000000000000000E+000
   0.0000000000000000E+000
       107712  1.2729412036999366E-003  0.0000000000000000E+000
   0.0000000000000000E+000
       107904  9.6840219319447001E-004  0.0000000000000000E+000
   0.0000000000000000E+000
       108096  7.9565115995099090E-004  0.0000000000000000E+000
   0.0000000000000000E+000
       108288  5.9953256715448988E-004  0.0000000000000000E+000
   0.0000000000000000E+000
       108480  7.5150772000014360E-004  0.0000000000000000E+000
   0.0000000000000000E+000
       108672  1.2631417698592700E-003  0.0000000000000000E+000
   0.0000000000000000E+000
       108864  1.9598697266909148E-003  0.0000000000000000E+000
   0.0000000000000000E+000
       109056  2.2739913801315135E-003  0.0000000000000000E+000
   0.0000000000000000E+000
       109248  1.6335155127711024E-003  0.0000000000000000E+000
   0.0000000000000000E+000
       109440  5.6887657538893252E-004  0.0000000000000000E+000
   0.0000000000000000E+000
       109632  1.4247047592505708E-004  0.0000000000000000E+000
   0.0000000000000000E+000
       109824  2.2169222458240040E-004  0.0000000000000000E+000
   0.0000000000000000E+000
       110016  4.0324688130866277E-004  0.0000000000000000E+000
   0.0000000000000000E+000
       110208  7.0604253339765107E-004  0.0000000000000000E+000
   0.0000000000000000E+000
       110400  1.0879921569574404E-003  0.0000000000000000E+000
   0.0000000000000000E+000
       110592  1.4645792056301654E-003  0.0000000000000000E+000
   0.0000000000000000E+000
       110784  2.2153239657642216E-003  0.0000000000000000E+000
   0.0000000000000000E+000
       110976  7.2138361683322244E-004  0.0000000000000000E+000
   0.0000000000000000E+000
       111168  1.3179597995249321E-004  0.0000000000000000E+000
   0.0000000000000000E+000
       111360  1.0215130683113055E-004  0.0000000000000000E+000
   0.0000000000000000E+000
       111552  1.2082207137809868E-004  0.0000000000000000E+000
   0.0000000000000000E+000
       111744  1.7199403860859459E-004  0.0000000000000000E+000
   0.0000000000000000E+000
       111936  2.5195605668559270E-004  0.0000000000000000E+000
   0.0000000000000000E+000
       112128  3.5180929035669454E-004  0.0000000000000000E+000
   0.0000000000000000E+000
       112320  4.9776528344278243E-004  0.0000000000000000E+000
   0.0000000000000000E+000
       112512  6.7516858471851294E-004  0.0000000000000000E+000
   0.0000000000000000E+000
       112704  9.1273871110077729E-004  0.0000000000000000E+000
   0.0000000000000000E+000
       112896  1.4691056439195683E-003  0.0000000000000000E+000
   0.0000000000000000E+000
       113088  2.6814166899006807E-003  0.0000000000000000E+000
   0.0000000000000000E+000
       113280  3.6899765856516845E-003  0.0000000000000000E+000
   0.0000000000000000E+000
       113472  2.3020119656230534E-003  0.0000000000000000E+000
   0.0000000000000000E+000
       113664  8.9069940950268914E-004  0.0000000000000000E+000
   0.0000000000000000E+000
       113856  8.5004796940446104E-004  0.0000000000000000E+000
   0.0000000000000000E+000
       114048  1.5951347588920670E-003  0.0000000000000000E+000
   0.0000000000000000E+000
       114240  2.8797704884279403E-003  0.0000000000000000E+000
   0.0000000000000000E+000
       114432  2.2008534070451758E-003  0.0000000000000000E+000
   0.0000000000000000E+000
       114624  9.2200978859700942E-004  0.0000000000000000E+000
   0.0000000000000000E+000
       114816  9.2533646125103283E-004  0.0000000000000000E+000
   0.0000000000000000E+000
       115008  1.1315301727085306E-003  0.0000000000000000E+000
   0.0000000000000000E+000
       115200  1.1762007260399665E-003  0.0000000000000000E+000
   0.0000000000000000E+000
       115392  1.0983163079235202E-003  0.0000000000000000E+000
   0.0000000000000000E+000
       115584  1.1182699807785054E-003  0.0000000000000000E+000
   0.0000000000000000E+000
       115776  1.1287979202324659E-003  0.0000000000000000E+000
   0.0000000000000000E+000
       115968  1.5058527121232634E-003  0.0000000000000000E+000
   0.0000000000000000E+000
       116160  1.8000409883251369E-003  0.0000000000000000E+000
   0.0000000000000000E+000
       116352  1.1911133669500545E-003  0.0000000000000000E+000
   0.0000000000000000E+000
       116544  9.5011288873769880E-004  0.0000000000000000E+000
   0.0000000000000000E+000
       116736  1.1105018221859028E-003  0.0000000000000000E+000
   0.0000000000000000E+000
       116928  1.1778700281582658E-003  0.0000000000000000E+000
   0.0000000000000000E+000
       117120  1.0198582564753208E-003  0.0000000000000000E+000
   0.0000000000000000E+000
       117312  1.2071286381361204E-003  0.0000000000000000E+000
   0.0000000000000000E+000
       117504  1.5910389359457895E-003  0.0000000000000000E+000
   0.0000000000000000E+000
       117696  1.4916523465785098E-003  0.0000000000000000E+000
   0.0000000000000000E+000
       117888  7.1872211464463589E-004  0.0000000000000000E+000
   0.0000000000000000E+000
       118080  4.5480423152460136E-004  0.0000000000000000E+000
   0.0000000000000000E+000
       118272  6.5998047593513528E-004  0.0000000000000000E+000
   0.0000000000000000E+000
       118464  8.3848953778642150E-004  0.0000000000000000E+000
   0.0000000000000000E+000
       118656  9.7386806439515850E-004  0.0000000000000000E+000
   0.0000000000000000E+000
       118848  1.3572339159722527E-003  0.0000000000000000E+000
   0.0000000000000000E+000
       119040  1.8428407185168162E-003  0.0000000000000000E+000
   0.0000000000000000E+000
       119232  6.5787596431145364E-004  0.0000000000000000E+000
   0.0000000000000000E+000
       119424  2.2613781593445735E-004  0.0000000000000000E+000
   0.0000000000000000E+000
       119616  2.4724473010503571E-004  0.0000000000000000E+000
   0.0000000000000000E+000
       119808  3.3143151662251634E-004  0.0000000000000000E+000
   0.0000000000000000E+000
       120000  4.7388137155272186E-004  0.0000000000000000E+000
   0.0000000000000000E+000
       120192  6.7193233605248638E-004  0.0000000000000000E+000
   0.0000000000000000E+000
       120384  7.9655868559864594E-004  0.0000000000000000E+000
   0.0000000000000000E+000
       120576  7.7518326698111119E-004  0.0000000000000000E+000
   0.0000000000000000E+000
       120768  7.0752881459900871E-004  0.0000000000000000E+000
   0.0000000000000000E+000
       120960  8.3940803750063003E-004  0.0000000000000000E+000
   0.0000000000000000E+000
       121152  1.2693688055478787E-003  0.0000000000000000E+000
   0.0000000000000000E+000
       121344  1.6338973082428228E-003  0.0000000000000000E+000
   0.0000000000000000E+000
       121536  1.6010810883884743E-003  0.0000000000000000E+000
   0.0000000000000000E+000
       121728  1.2500409372509622E-003  0.0000000000000000E+000
   0.0000000000000000E+000
       121920  8.6680795016549862E-004  0.0000000000000000E+000
   0.0000000000000000E+000
       122112  6.9435106720556062E-004  0.0000000000000000E+000
   0.0000000000000000E+000
       122304  1.1059915924207780E-003  0.0000000000000000E+000
   0.0000000000000000E+000
       122496  2.5435832466689230E-003  0.0000000000000000E+000
   0.0000000000000000E+000
       122688  3.1734889684673392E-003  0.0000000000000000E+000
   0.0000000000000000E+000
       122880  1.8773239115103539E-003  0.0000000000000000E+000
   0.0000000000000000E+000
       123072  1.9422088454814684E-003  0.0000000000000000E+000
   0.0000000000000000E+000
       123264  1.2031482376939893E-003  0.0000000000000000E+000
   0.0000000000000000E+000
       123456  8.4850370688876835E-004  0.0000000000000000E+000
   0.0000000000000000E+000
       123648  7.8265782973177078E-004  0.0000000000000000E+000
   0.0000000000000000E+000
       123840  7.3185213592124568E-004  0.0000000000000000E+000
   0.0000000000000000E+000
       124032  8.7278967814136848E-004  0.0000000000000000E+000
   0.0000000000000000E+000
       124224  2.0245040439535091E-003  0.0000000000000000E+000
   0.0000000000000000E+000
       124416  2.7849410304512218E-003  0.0000000000000000E+000
   0.0000000000000000E+000
       124608  1.6501661689279873E-003  0.0000000000000000E+000
   0.0000000000000000E+000
       124800  1.3130735205983317E-003  0.0000000000000000E+000
   0.0000000000000000E+000
       124992  1.0499013387493875E-003  0.0000000000000000E+000
   0.0000000000000000E+000
       125184  8.8644035650158319E-004  0.0000000000000000E+000
   0.0000000000000000E+000
       125376  6.8020598084345390E-004  0.0000000000000000E+000
   0.0000000000000000E+000
       125568  6.4902318699592556E-004  0.0000000000000000E+000
   0.0000000000000000E+000
       125760  1.0836970941530966E-003  0.0000000000000000E+000
   0.0000000000000000E+000
       125952  1.9184042206360826E-003  0.0000000000000000E+000
   0.0000000000000000E+000
       126144  2.2506456786219368E-003  0.0000000000000000E+000
   0.0000000000000000E+000
       126336  1.8588247585534193E-003  0.0000000000000000E+000
   0.0000000000000000E+000
       126528  7.5581194979421290E-004  0.0000000000000000E+000
   0.0000000000000000E+000
       126720  1.9072688101575414E-004  0.0000000000000000E+000
   0.0000000000000000E+000
       126912  3.0801658015287733E-004  0.0000000000000000E+000
   0.0000000000000000E+000
       127104  5.7299634207239579E-004  0.0000000000000000E+000
   0.0000000000000000E+000
       127296  9.0554848912416332E-004  0.0000000000000000E+000
   0.0000000000000000E+000
       127488  1.2422387715473253E-003  0.0000000000000000E+000
   0.0000000000000000E+000
       127680  1.6179335934851282E-003  0.0000000000000000E+000
   0.0000000000000000E+000
       127872  1.9940158079440364E-003  0.0000000000000000E+000
   0.0000000000000000E+000
       128064  4.9523100748651136E-004  0.0000000000000000E+000
   0.0000000000000000E+000
       128256  1.1244413908685237E-004  0.0000000000000000E+000
   0.0000000000000000E+000
       128448  1.0265504930676117E-004  0.0000000000000000E+000
   0.0000000000000000E+000
       128640  1.2682031968703228E-004  0.0000000000000000E+000
   0.0000000000000000E+000
       128832  2.0441334862797281E-004  0.0000000000000000E+000
   0.0000000000000000E+000
       129024  3.4473684088182180E-004  0.0000000000000000E+000
   0.0000000000000000E+000
       129216  5.0451731979373046E-004  0.0000000000000000E+000
   0.0000000000000000E+000
       129408  6.2500700931673067E-004  0.0000000000000000E+000
   0.0000000000000000E+000
       129600  7.2839230297349559E-004  0.0000000000000000E+000
   0.0000000000000000E+000
       129792  8.2819374467533048E-004  0.0000000000000000E+000
   0.0000000000000000E+000
       129984  1.0451715058090822E-003  0.0000000000000000E+000
   0.0000000000000000E+000
       130176  1.7385630691709496E-003  0.0000000000000000E+000
   0.0000000000000000E+000
       130368  3.0075212402527543E-003  0.0000000000000000E+000
   0.0000000000000000E+000
       130560  3.2066591257342079E-003  0.0000000000000000E+000
   0.0000000000000000E+000
       130752  1.2406097204334680E-003  0.0000000000000000E+000
   0.0000000000000000E+000
       130944  4.6548641716185045E-004  0.0000000000000000E+000
   0.0000000000000000E+000
       131136  7.1739217834896599E-004  0.0000000000000000E+000
   0.0000000000000000E+000
       131328  1.9008768963889578E-003  0.0000000000000000E+000
   0.0000000000000000E+000
       131520  3.3210511018260760E-003  0.0000000000000000E+000
   0.0000000000000000E+000
       131712  1.9543827396835845E-003  0.0000000000000000E+000
   0.0000000000000000E+000
       131904  1.1021237497431556E-003  0.0000000000000000E+000
   0.0000000000000000E+000
       132096  9.5161729514508804E-004  0.0000000000000000E+000
   0.0000000000000000E+000
       132288  1.0170939790386249E-003  0.0000000000000000E+000
   0.0000000000000000E+000
       132480  1.1789861429161595E-003  0.0000000000000000E+000
   0.0000000000000000E+000
       132672  1.3590898383969300E-003  0.0000000000000000E+000
   0.0000000000000000E+000
       132864  1.4529947741198405E-003  0.0000000000000000E+000
   0.0000000000000000E+000
       133056  1.5413169543119058E-003  0.0000000000000000E+000
   0.0000000000000000E+000
       133248  1.3436423604740357E-003  0.0000000000000000E+000
   0.0000000000000000E+000
       133440  1.1779121188528086E-003  0.0000000000000000E+000
   0.0000000000000000E+000
       133632  7.5569771307381142E-004  0.0000000000000000E+000
   0.0000000000000000E+000
       133824  8.4481093351070058E-004  0.0000000000000000E+000
   0.0000000000000000E+000
       134016  1.4245199692050840E-003  0.0000000000000000E+000
   0.0000000000000000E+000
       134208  1.6198391146248598E-003  0.0000000000000000E+000
   0.0000000000000000E+000
       134400  1.2820228131168760E-003  0.0000000000000000E+000
   0.0000000000000000E+000
       134592  1.2707624865383441E-003  0.0000000000000000E+000
   0.0000000000000000E+000
       134784  9.6814263075832227E-004  0.0000000000000000E+000
   0.0000000000000000E+000
       134976  3.8289756580300454E-004  0.0000000000000000E+000
   0.0000000000000000E+000
       135168  3.8058221858231438E-004  0.0000000000000000E+000
   0.0000000000000000E+000
       135360  6.5628847623099278E-004  0.0000000000000000E+000
   0.0000000000000000E+000
       135552  1.4238817263971337E-003  0.0000000000000000E+000
   0.0000000000000000E+000
       135744  2.1196803503267824E-003  0.0000000000000000E+000
   0.0000000000000000E+000
       135936  2.4498217778850849E-003  0.0000000000000000E+000
   0.0000000000000000E+000
       136128  1.2537835505716606E-003  0.0000000000000000E+000
   0.0000000000000000E+000
       136320  1.3432069876154949E-004  0.0000000000000000E+000
   0.0000000000000000E+000
       136512  1.0977139178325683E-004  0.0000000000000000E+000
   0.0000000000000000E+000
       136704  1.1609613217086415E-004  0.0000000000000000E+000
   0.0000000000000000E+000
       136896  1.5577370601191823E-004  0.0000000000000000E+000
   0.0000000000000000E+000
       137088  2.6469282077576481E-004  0.0000000000000000E+000
   0.0000000000000000E+000
       137280  4.8848455078196948E-004  0.0000000000000000E+000
   0.0000000000000000E+000
       137472  8.1475855644767099E-004  0.0000000000000000E+000
   0.0000000000000000E+000
       137664  1.0454361586462223E-003  0.0000000000000000E+000
   0.0000000000000000E+000
       137856  1.0671465977866892E-003  0.0000000000000000E+000
   0.0000000000000000E+000
       138048  1.0340787410849247E-003  0.0000000000000000E+000
   0.0000000000000000E+000
       138240  1.2585539869397367E-003  0.0000000000000000E+000
   0.0000000000000000E+000
       138432  1.3632245960509960E-003  0.0000000000000000E+000
   0.0000000000000000E+000
       138624  1.0601429569503595E-003  0.0000000000000000E+000
   0.0000000000000000E+000
       138816  7.4439047108544988E-004  0.0000000000000000E+000
   0.0000000000000000E+000
       139008  7.1679936819399066E-004  0.0000000000000000E+000
   0.0000000000000000E+000
       139200  9.3483299942273318E-004  0.0000000000000000E+000
   0.0000000000000000E+000
       139392  1.2560304589437599E-003  0.0000000000000000E+000
   0.0000000000000000E+000
       139584  1.9355548573467118E-003  0.0000000000000000E+000
   0.0000000000000000E+000
       139776  2.7189599880676264E-003  0.0000000000000000E+000
   0.0000000000000000E+000
       139968  1.8219325385077723E-003  0.0000000000000000E+000
   0.0000000000000000E+000
       140160  1.5752402557686017E-003  0.0000000000000000E+000
   0.0000000000000000E+000
       140352  2.3881158231514230E-003  0.0000000000000000E+000
   0.0000000000000000E+000
       140544  1.3849568425119195E-003  0.0000000000000000E+000
   0.0000000000000000E+000
       140736  9.8297864521430475E-004  0.0000000000000000E+000
   0.0000000000000000E+000
       140928  8.9629234485210101E-004  0.0000000000000000E+000
   0.0000000000000000E+000
       141120  8.9535947646559764E-004  0.0000000000000000E+000
   0.0000000000000000E+000
       141312  1.5086557339795592E-003  0.0000000000000000E+000
   0.0000000000000000E+000
       141504  2.3200433177542031E-003  0.0000000000000000E+000
   0.0000000000000000E+000
       141696  1.4272444664912853E-003  0.0000000000000000E+000
   0.0000000000000000E+000
       141888  1.2467167716867411E-003  0.0000000000000000E+000
   0.0000000000000000E+000
       142080  1.1121222027240172E-003  0.0000000000000000E+000
   0.0000000000000000E+000
       142272  1.0320396876120821E-003  0.0000000000000000E+000
   0.0000000000000000E+000
       142464  1.0815670612964240E-003  0.0000000000000000E+000
   0.0000000000000000E+000
       142656  9.4242474325534147E-004  0.0000000000000000E+000
   0.0000000000000000E+000
       142848  9.9140871638422933E-004  0.0000000000000000E+000
   0.0000000000000000E+000
       143040  2.0281857757538245E-003  0.0000000000000000E+000
   0.0000000000000000E+000
       143232  2.0609015793063680E-003  0.0000000000000000E+000
   0.0000000000000000E+000
       143424  8.1569588336885697E-004  0.0000000000000000E+000
   0.0000000000000000E+000
       143616  7.1835596154664152E-004  0.0000000000000000E+000
   0.0000000000000000E+000
       143808  6.7710607703922571E-004  0.0000000000000000E+000
   0.0000000000000000E+000
       144000  6.6882765481637331E-004  0.0000000000000000E+000
   0.0000000000000000E+000
       144192  6.9739833259587110E-004  0.0000000000000000E+000
   0.0000000000000000E+000
       144384  1.4697594803643208E-003  0.0000000000000000E+000
   0.0000000000000000E+000
       144576  1.8971653028472780E-003  0.0000000000000000E+000
   0.0000000000000000E+000
       144768  7.0905761320641872E-004  0.0000000000000000E+000
   0.0000000000000000E+000
       144960  4.1631701506097355E-004  0.0000000000000000E+000
   0.0000000000000000E+000
       145152  3.7291433191679728E-004  0.0000000000000000E+000
   0.0000000000000000E+000
       145344  4.2416971021553911E-004  0.0000000000000000E+000
   0.0000000000000000E+000
       145536  5.8216491052715945E-004  0.0000000000000000E+000
   0.0000000000000000E+000
       145728  8.1360197728493522E-004  0.0000000000000000E+000
   0.0000000000000000E+000
       145920  9.3976548812759809E-004  0.0000000000000000E+000
   0.0000000000000000E+000
       146112  8.4517097277487217E-004  0.0000000000000000E+000
   0.0000000000000000E+000
       146304  6.5035823943879634E-004  0.0000000000000000E+000
   0.0000000000000000E+000
       146496  4.7657538010436424E-004  0.0000000000000000E+000
   0.0000000000000000E+000
       146688  3.9302675163043984E-004  0.0000000000000000E+000
   0.0000000000000000E+000
       146880  4.1694166258986019E-004  0.0000000000000000E+000
   0.0000000000000000E+000
       147072  5.4228189779999768E-004  0.0000000000000000E+000
   0.0000000000000000E+000
       147264  8.3417069228143125E-004  0.0000000000000000E+000
   0.0000000000000000E+000
       147456  1.3792566510385758E-003  0.0000000000000000E+000
   0.0000000000000000E+000
       147648  2.1037372197703799E-003  0.0000000000000000E+000
   0.0000000000000000E+000
       147840  2.1072069097298560E-003  0.0000000000000000E+000
   0.0000000000000000E+000
       148032  1.2595895080085291E-003  0.0000000000000000E+000
   0.0000000000000000E+000
       148224  1.0945268585432688E-003  0.0000000000000000E+000
   0.0000000000000000E+000
       148416  1.8875569821059750E-003  0.0000000000000000E+000
   0.0000000000000000E+000
       148608  3.1899959550200068E-003  0.0000000000000000E+000
   0.0000000000000000E+000
       148800  3.1822486383194892E-003  0.0000000000000000E+000
   0.0000000000000000E+000
       148992  1.2441863317131420E-003  0.0000000000000000E+000
   0.0000000000000000E+000
       149184  5.3243433725777003E-004  0.0000000000000000E+000
   0.0000000000000000E+000
       149376  6.0111424837316885E-004  0.0000000000000000E+000
   0.0000000000000000E+000
       149568  1.0152634974027702E-003  0.0000000000000000E+000
   0.0000000000000000E+000
       149760  1.3970218962880772E-003  0.0000000000000000E+000
   0.0000000000000000E+000
       149952  1.2689508670862776E-003  0.0000000000000000E+000
   0.0000000000000000E+000
       150144  1.0493278446882396E-003  0.0000000000000000E+000
   0.0000000000000000E+000
       150336  1.1291992222197626E-003  0.0000000000000000E+000
   0.0000000000000000E+000
       150528  1.5025229182487499E-003  0.0000000000000000E+000
   0.0000000000000000E+000
       150720  1.5009882344998971E-003  0.0000000000000000E+000
   0.0000000000000000E+000
       150912  1.1899575391859207E-003  0.0000000000000000E+000
   0.0000000000000000E+000
       151104  1.2881139440046978E-003  0.0000000000000000E+000
   0.0000000000000000E+000
       151296  1.4386661661517234E-003  0.0000000000000000E+000
   0.0000000000000000E+000
       151488  1.1366912442690559E-003  0.0000000000000000E+000
   0.0000000000000000E+000
       151680  8.9608640731899639E-004  0.0000000000000000E+000
   0.0000000000000000E+000
       151872  1.0362247111237420E-003  0.0000000000000000E+000
   0.0000000000000000E+000
       152064  1.5313371703979035E-003  0.0000000000000000E+000
   0.0000000000000000E+000
       152256  1.4540580527408373E-003  0.0000000000000000E+000
   0.0000000000000000E+000
       152448  8.8252743520652558E-004  0.0000000000000000E+000
   0.0000000000000000E+000
       152640  7.6440777379583344E-004  0.0000000000000000E+000
   0.0000000000000000E+000
       152832  6.0474564082348332E-004  0.0000000000000000E+000
   0.0000000000000000E+000
       153024  5.0322220748022473E-004  0.0000000000000000E+000
   0.0000000000000000E+000
       153216  5.6748389484448576E-004  0.0000000000000000E+000
   0.0000000000000000E+000
       153408  1.5169620481571766E-003  0.0000000000000000E+000
   0.0000000000000000E+000
       153600  2.2673504766539958E-003  0.0000000000000000E+000
   0.0000000000000000E+000
       153792  4.6727898647813004E-004  0.0000000000000000E+000
   0.0000000000000000E+000
       153984  2.4670783216891411E-004  0.0000000000000000E+000
   0.0000000000000000E+000
       154176  2.8523021895395586E-004  0.0000000000000000E+000
   0.0000000000000000E+000
       154368  3.7501312549142150E-004  0.0000000000000000E+000
   0.0000000000000000E+000
       154560  5.1015911607082325E-004  0.0000000000000000E+000
   0.0000000000000000E+000
       154752  7.1765553600265230E-004  0.0000000000000000E+000
   0.0000000000000000E+000
       154944  8.6118986204424995E-004  0.0000000000000000E+000
   0.0000000000000000E+000
       155136  8.5428642128057737E-004  0.0000000000000000E+000
   0.0000000000000000E+000
       155328  7.8059808792705959E-004  0.0000000000000000E+000
   0.0000000000000000E+000
       155520  8.6544897050261967E-004  0.0000000000000000E+000
   0.0000000000000000E+000
       155712  1.0937910011350797E-003  0.0000000000000000E+000
   0.0000000000000000E+000
       155904  1.2628298868472292E-003  0.0000000000000000E+000
   0.0000000000000000E+000
       156096  1.3036555124503670E-003  0.0000000000000000E+000
   0.0000000000000000E+000
       156288  1.3169271728163316E-003  0.0000000000000000E+000
   0.0000000000000000E+000
       156480  1.2073197793980111E-003  0.0000000000000000E+000
   0.0000000000000000E+000
       156672  1.0271091216324075E-003  0.0000000000000000E+000
   0.0000000000000000E+000
       156864  1.3008270630895512E-003  0.0000000000000000E+000
   0.0000000000000000E+000
       157056  2.4352415991456332E-003  0.0000000000000000E+000
   0.0000000000000000E+000
       157248  2.9726319348173744E-003  0.0000000000000000E+000
   0.0000000000000000E+000
       157440  2.3005908125597451E-003  0.0000000000000000E+000
   0.0000000000000000E+000
       157632  1.7564539788780286E-003  0.0000000000000000E+000
   0.0000000000000000E+000
       157824  8.7589786872838951E-004  0.0000000000000000E+000
   0.0000000000000000E+000
       158016  6.6854619184343654E-004  0.0000000000000000E+000
   0.0000000000000000E+000
       158208  6.8891158361783077E-004  0.0000000000000000E+000
   0.0000000000000000E+000
       158400  8.3775024280105385E-004  0.0000000000000000E+000
   0.0000000000000000E+000
       158592  1.6360159767312523E-003  0.0000000000000000E+000
   0.0000000000000000E+000
       158784  2.5034271204373766E-003  0.0000000000000000E+000
   0.0000000000000000E+000
       158976  1.4648224669822686E-003  0.0000000000000000E+000
   0.0000000000000000E+000
       159168  1.4264966441074674E-003  0.0000000000000000E+000
   0.0000000000000000E+000
       159360  1.1187295007580008E-003  0.0000000000000000E+000
   0.0000000000000000E+000
       159552  9.6397940242144860E-004  0.0000000000000000E+000
   0.0000000000000000E+000
       159744  7.5846421738293829E-004  0.0000000000000000E+000
   0.0000000000000000E+000
       159936  7.2082413144879500E-004  0.0000000000000000E+000
   0.0000000000000000E+000
       160128  1.1117201392330193E-003  0.0000000000000000E+000
   0.0000000000000000E+000
       160320  2.0659011354438855E-003  0.0000000000000000E+000
   0.0000000000000000E+000
       160512  2.2564269685010135E-003  0.0000000000000000E+000
   0.0000000000000000E+000
       160704  1.5728176205699828E-003  0.0000000000000000E+000
   0.0000000000000000E+000
       160896  6.4541729474203993E-004  0.0000000000000000E+000
   0.0000000000000000E+000
       161088  3.1686758417665223E-004  0.0000000000000000E+000
   0.0000000000000000E+000
       161280  4.0999978446829802E-004  0.0000000000000000E+000
   0.0000000000000000E+000
       161472  6.7843206083034084E-004  0.0000000000000000E+000
   0.0000000000000000E+000
       161664  9.3998536079783069E-004  0.0000000000000000E+000
   0.0000000000000000E+000
       161856  1.3451425615219632E-003  0.0000000000000000E+000
   0.0000000000000000E+000
       162048  2.0184847249260806E-003  0.0000000000000000E+000
   0.0000000000000000E+000
       162240  2.1269174673853499E-003  0.0000000000000000E+000
   0.0000000000000000E+000
       162432  1.7951210448665484E-004  0.0000000000000000E+000
   0.0000000000000000E+000
       162624  7.1696167812157493E-005  0.0000000000000000E+000
   0.0000000000000000E+000
       162816  6.7989520688954073E-005  0.0000000000000000E+000
   0.0000000000000000E+000
       163008  8.3933033513211924E-005  0.0000000000000000E+000
   0.0000000000000000E+000
       163200  1.3177620977971211E-004  0.0000000000000000E+000
   0.0000000000000000E+000
       163392  2.5828305485026511E-004  0.0000000000000000E+000
   0.0000000000000000E+000
       163584  4.8522554152806647E-004  0.0000000000000000E+000
   0.0000000000000000E+000
       163776  7.1455457219084424E-004  0.0000000000000000E+000
   0.0000000000000000E+000
       163968  8.5032934526825521E-004  0.0000000000000000E+000
   0.0000000000000000E+000
       164160  9.6777255353618183E-004  0.0000000000000000E+000
   0.0000000000000000E+000
       164352  1.2329181867068188E-003  0.0000000000000000E+000
   0.0000000000000000E+000
       164544  1.6967587906084390E-003  0.0000000000000000E+000
   0.0000000000000000E+000
       164736  2.2018164341032469E-003  0.0000000000000000E+000
   0.0000000000000000E+000
       164928  2.1882134457904675E-003  0.0000000000000000E+000
   0.0000000000000000E+000
       165120  1.2047148817065287E-003  0.0000000000000000E+000
   0.0000000000000000E+000
       165312  5.3758054670329165E-004  0.0000000000000000E+000
   0.0000000000000000E+000
       165504  6.2706931532179521E-004  0.0000000000000000E+000
   0.0000000000000000E+000
       165696  1.6335431548720155E-003  0.0000000000000000E+000
   0.0000000000000000E+000
       165888  3.4179777916046481E-003  0.0000000000000000E+000
   0.0000000000000000E+000
       166080  2.3085147671978693E-003  0.0000000000000000E+000
   0.0000000000000000E+000
       166272  1.5974843292199570E-003  0.0000000000000000E+000
   0.0000000000000000E+000
       166464  1.3178935989571268E-003  0.0000000000000000E+000
   0.0000000000000000E+000
       166656  9.0388926314663811E-004  0.0000000000000000E+000
   0.0000000000000000E+000
       166848  8.1763335365198032E-004  0.0000000000000000E+000
   0.0000000000000000E+000
       167040  7.9182191219590936E-004  0.0000000000000000E+000
   0.0000000000000000E+000
       167232  8.9130593468199435E-004  0.0000000000000000E+000
   0.0000000000000000E+000
       167424  1.7148504268638214E-003  0.0000000000000000E+000
   0.0000000000000000E+000
       167616  2.5772155807132413E-003  0.0000000000000000E+000
   0.0000000000000000E+000
       167808  1.8604996112677396E-003  0.0000000000000000E+000
   0.0000000000000000E+000
       168000  1.5208277898647365E-003  0.0000000000000000E+000
   0.0000000000000000E+000
       168192  8.9972887532678515E-004  0.0000000000000000E+000
   0.0000000000000000E+000
       168384  9.0615953451596493E-004  0.0000000000000000E+000
   0.0000000000000000E+000
       168576  6.9081535454269436E-004  0.0000000000000000E+000
   0.0000000000000000E+000
       168768  7.3155419307107327E-004  0.0000000000000000E+000
   0.0000000000000000E+000
       168960  1.1552067041304135E-003  0.0000000000000000E+000
   0.0000000000000000E+000
       169152  1.8227949620565633E-003  0.0000000000000000E+000
   0.0000000000000000E+000
       169344  2.1697786352831505E-003  0.0000000000000000E+000
   0.0000000000000000E+000
       169536  1.6135082542029654E-003  0.0000000000000000E+000
   0.0000000000000000E+000
       169728  4.9837930461460727E-004  0.0000000000000000E+000
   0.0000000000000000E+000
       169920  1.8071002332129747E-004  0.0000000000000000E+000
   0.0000000000000000E+000
       170112  2.6423744950137830E-004  0.0000000000000000E+000
   0.0000000000000000E+000
       170304  4.7945859112021424E-004  0.0000000000000000E+000
   0.0000000000000000E+000
       170496  8.2836382372017089E-004  0.0000000000000000E+000
   0.0000000000000000E+000
       170688  1.2614279814806418E-003  0.0000000000000000E+000
   0.0000000000000000E+000
       170880  1.7805697321248079E-003  0.0000000000000000E+000
   0.0000000000000000E+000
       171072  2.5472850820292543E-003  0.0000000000000000E+000
   0.0000000000000000E+000
       171264  2.7280601996147849E-004  0.0000000000000000E+000
   0.0000000000000000E+000
       171456  8.6444036686870584E-005  0.0000000000000000E+000
   0.0000000000000000E+000
       171648  7.4212874589169763E-005  0.0000000000000000E+000
   0.0000000000000000E+000
       171840  8.2731344092851385E-005  0.0000000000000000E+000
   0.0000000000000000E+000
       172032  1.2825450620337203E-004  0.0000000000000000E+000
   0.0000000000000000E+000
       172224  2.2796205614028967E-004  0.0000000000000000E+000
   0.0000000000000000E+000
       172416  3.8046438608917431E-004  0.0000000000000000E+000
   0.0000000000000000E+000
       172608  5.6337669604239579E-004  0.0000000000000000E+000
   0.0000000000000000E+000
       172800  8.0591445902335505E-004  0.0000000000000000E+000
   0.0000000000000000E+000
